
229, 356, 358

356, 68, 357

358, 357, 188

357, 358, 356

229, 359, 356

359, 269, 360

356, 360, 68

360, 356, 359

68, 360, 362

360, 269, 361

362, 361, 329

361, 362, 360

64, 363, 364

363, 329, 361

364, 361, 269

361, 364, 363

68, 365, 357

365, 67, 366

357, 366, 188

366, 357, 365

64, 367, 363

367, 35, 368

363, 368, 329

368, 363, 367

67, 365, 370

365, 68, 369

370, 369, 313

369, 370, 365

313, 369, 371

369, 68, 362

371, 362, 329

362, 371, 369

329, 368, 371

368, 35, 372

371, 372, 313

372, 371, 368

67, 373, 366

373, 22, 374

366, 374, 188

374, 366, 373

188, 374, 376

374, 22, 375

376, 375, 39

375, 376, 374

39, 377, 376

377, 73, 378

376, 378, 188

378, 376, 377

133, 379, 380

379, 188, 378

380, 378, 73

378, 380, 379

270, 381, 382

381, 64, 364

382, 364, 269

364, 382, 381

188, 383, 358

383, 253, 384

358, 384, 229

384, 358, 383

188, 379, 383

379, 133, 385

383, 385, 253

385, 383, 379

32, 386, 387

386, 269, 359

387, 359, 229

359, 387, 386

32, 388, 386

388, 270, 382

386, 382, 269

382, 386, 388

229, 384, 390

384, 253, 389

390, 389, 38

389, 390, 384

229, 390, 387

390, 38, 391

387, 391, 32

391, 387, 390

270, 388, 393

388, 32, 392

393, 392, 92

392, 393, 388

253, 385, 395

385, 133, 394

395, 394, 74

394, 395, 385

253, 395, 397

395, 74, 396

397, 396, 69

396, 397, 395

69, 398, 397

398, 38, 389

397, 389, 253

389, 397, 398

32, 399, 392

399, 327, 400

392, 400, 92

400, 392, 399

69, 401, 398

401, 328, 402

398, 402, 38

402, 398, 401

328, 403, 402

403, 32, 391

402, 391, 38

391, 402, 403

32, 403, 399

403, 328, 404

399, 404, 327

404, 399, 403

252, 405, 406

405, 69, 396

406, 396, 74

396, 406, 405

69, 407, 401

407, 293, 408

401, 408, 328

408, 401, 407

293, 407, 410

407, 69, 409

410, 409, 208

409, 410, 407

69, 405, 409

405, 252, 411

409, 411, 208

411, 409, 405

252, 412, 411

412, 260, 413

411, 413, 208

413, 411, 412

208, 414, 410

414, 223, 415

410, 415, 293

415, 410, 414

137, 416, 417

416, 293, 415

417, 415, 223

415, 417, 416

67, 418, 373

418, 312, 419

373, 419, 22

419, 373, 418

313, 420, 370

420, 312, 418

370, 418, 67

418, 370, 420

22, 421, 375

421, 71, 422

375, 422, 39

422, 375, 421

313, 423, 420

423, 37, 424

420, 424, 312

424, 420, 423

2, 425, 426

425, 37, 423

426, 423, 313

423, 426, 425

312, 427, 419

427, 338, 428

419, 428, 22

428, 419, 427

338, 429, 428

429, 71, 421

428, 421, 22

421, 428, 429

12, 430, 431

430, 338, 427

431, 427, 312

427, 431, 430

37, 432, 424

432, 27, 433

424, 433, 312

433, 424, 432

27, 434, 433

434, 331, 435

433, 435, 312

435, 433, 434

312, 435, 431

435, 331, 436

431, 436, 12

436, 431, 435

37, 425, 432

425, 2, 437

432, 437, 27

437, 432, 425

71, 429, 439

429, 338, 438

439, 438, 8

438, 439, 429

12, 440, 430

440, 335, 441

430, 441, 338

441, 430, 440

335, 440, 443

440, 12, 442

443, 442, 26

442, 443, 440

27, 444, 434

444, 26, 445

434, 445, 331

445, 434, 444

12, 436, 442

436, 331, 445

442, 445, 26

445, 442, 436

274, 446, 447

446, 338, 441

447, 441, 335

441, 447, 446

18, 448, 449

448, 338, 446

449, 446, 274

446, 449, 448

251, 450, 452

450, 285, 451

452, 451, 93

451, 452, 450

207, 453, 454

453, 285, 450

454, 450, 251

450, 454, 453

3, 455, 456

455, 251, 452

456, 452, 93

452, 456, 455

207, 454, 458

454, 251, 457

458, 457, 325

457, 458, 454

45, 459, 460

459, 251, 455

460, 455, 3

455, 460, 459

93, 461, 456

461, 44, 462

456, 462, 3

462, 456, 461

90, 463, 464

463, 3, 462

464, 462, 44

462, 464, 463

323, 465, 466

465, 93, 451

466, 451, 285

451, 466, 465

350, 467, 468

467, 323, 466

468, 466, 285

466, 468, 467

350, 468, 470

468, 285, 469

470, 469, 100

469, 470, 468

77, 471, 472

471, 207, 458

472, 458, 325

458, 472, 471

207, 473, 453

473, 266, 474

453, 474, 285

474, 453, 473

100, 469, 475

469, 285, 474

475, 474, 266

474, 475, 469

325, 476, 472

476, 311, 477

472, 477, 77

477, 472, 476

207, 471, 473

471, 77, 478

473, 478, 266

478, 473, 471

72, 479, 480

479, 77, 477

480, 477, 311

477, 480, 479

266, 481, 475

481, 7, 482

475, 482, 100

482, 475, 481

266, 478, 484

478, 77, 483

484, 483, 8

483, 484, 478

93, 485, 461

485, 14, 486

461, 486, 44

486, 461, 485

325, 457, 488

457, 251, 487

488, 487, 354

487, 488, 457

323, 489, 465

489, 14, 485

465, 485, 93

485, 465, 489

325, 488, 491

488, 354, 490

491, 490, 42

490, 491, 488

42, 492, 491

492, 311, 476

491, 476, 325

476, 491, 492

42, 493, 492

493, 41, 494

492, 494, 311

494, 492, 493

41, 495, 494

495, 73, 496

494, 496, 311

496, 494, 495

45, 497, 459

497, 79, 498

459, 498, 251

498, 459, 497

290, 499, 500

499, 42, 490

500, 490, 354

490, 500, 499

73, 495, 502

495, 41, 501

502, 501, 290

501, 502, 495

42, 499, 493

499, 290, 501

493, 501, 41

501, 493, 499

122, 503, 504

503, 251, 498

504, 498, 79

498, 504, 503

251, 505, 487

505, 302, 506

487, 506, 354

506, 487, 505

173, 507, 508

507, 354, 506

508, 506, 302

506, 508, 507

354, 507, 500

507, 173, 509

500, 509, 290

509, 500, 507

251, 510, 505

510, 123, 511

505, 511, 302

511, 505, 510

123, 510, 512

510, 251, 503

512, 503, 122

503, 512, 510

290, 509, 514

509, 173, 513

514, 513, 78

513, 514, 509

290, 514, 516

514, 78, 515

516, 515, 259

515, 516, 514

133, 517, 518

517, 290, 516

518, 516, 259

516, 518, 517

173, 508, 520

508, 302, 519

520, 519, 190

519, 520, 508

78, 513, 521

513, 173, 520

521, 520, 190

520, 521, 513

190, 519, 523

519, 302, 522

523, 522, 101

522, 523, 519

194, 524, 526

524, 59, 525

526, 525, 94

525, 526, 524

94, 527, 526

527, 43, 528

526, 528, 194

528, 526, 527

35, 529, 530

529, 43, 527

530, 527, 94

527, 530, 529

194, 531, 524

531, 352, 532

524, 532, 59

532, 524, 531

35, 533, 529

533, 91, 534

529, 534, 43

534, 529, 533

2, 535, 536

535, 35, 530

536, 530, 94

530, 536, 535

352, 537, 532

537, 171, 538

532, 538, 59

538, 532, 537

87, 539, 540

539, 171, 537

540, 537, 352

537, 540, 539

352, 541, 540

541, 88, 542

540, 542, 87

542, 540, 541

344, 543, 544

543, 88, 541

544, 541, 352

541, 544, 543

352, 531, 546

531, 194, 545

546, 545, 255

545, 546, 531

255, 547, 546

547, 344, 544

546, 544, 352

544, 546, 547

94, 525, 549

525, 59, 548

549, 548, 185

548, 549, 525

89, 550, 551

550, 185, 548

551, 548, 59

548, 551, 550

171, 552, 538

552, 89, 551

538, 551, 59

551, 538, 552

263, 553, 554

553, 2, 536

554, 536, 94

536, 554, 553

94, 549, 556

549, 185, 555

556, 555, 213

555, 556, 549

89, 557, 550

557, 58, 558

550, 558, 185

558, 550, 557

263, 554, 560

554, 94, 559

560, 559, 286

559, 560, 554

94, 556, 559

556, 213, 561

559, 561, 286

561, 559, 556

89, 562, 557

562, 295, 563

557, 563, 58

563, 557, 562

286, 564, 560

564, 119, 565

560, 565, 263

565, 560, 564

119, 566, 565

566, 330, 567

565, 567, 263

567, 565, 566

185, 558, 569

558, 58, 568

569, 568, 99

568, 569, 558

185, 569, 555

569, 99, 570

555, 570, 213

570, 555, 569

314, 571, 572

571, 119, 564

572, 564, 286

564, 572, 571

286, 561, 574

561, 213, 573

574, 573, 146

573, 574, 561

58, 575, 568

575, 57, 576

568, 576, 99

576, 568, 575

58, 563, 575

563, 295, 577

575, 577, 57

577, 575, 563

213, 570, 573

570, 99, 578

573, 578, 146

578, 573, 570

286, 574, 580

574, 146, 579

580, 579, 25

579, 580, 574

230, 581, 582

581, 286, 580

582, 580, 25

580, 582, 581

56, 583, 584

583, 295, 562

584, 562, 89

562, 584, 583

171, 539, 586

539, 87, 585

586, 585, 341

585, 586, 539

171, 587, 552

587, 17, 588

552, 588, 89

588, 552, 587

89, 588, 584

588, 17, 589

584, 589, 56

589, 584, 588

272, 590, 591

590, 295, 583

591, 583, 56

583, 591, 590

295, 590, 593

590, 272, 592

593, 592, 24

592, 593, 590

171, 594, 587

594, 256, 595

587, 595, 17

595, 587, 594

256, 594, 596

594, 171, 586

596, 586, 341

586, 596, 594

344, 547, 598

547, 255, 597

598, 597, 157

597, 598, 547

95, 599, 600

599, 194, 528

600, 528, 43

528, 600, 599

60, 601, 602

601, 194, 599

602, 599, 95

599, 602, 601

91, 603, 534

603, 95, 600

534, 600, 43

600, 534, 603

255, 545, 605

545, 194, 604

605, 604, 317

604, 605, 545

60, 606, 601

606, 317, 604

601, 604, 194

604, 601, 606

317, 607, 605

607, 157, 597

605, 597, 255

597, 605, 607

318, 608, 609

608, 157, 607

609, 607, 317

607, 609, 608

157, 608, 611

608, 318, 610

611, 610, 162

610, 611, 608

233, 612, 614

612, 333, 613

614, 613, 116

613, 614, 612

333, 612, 616

612, 233, 615

616, 615, 127

615, 616, 612

85, 617, 618

617, 233, 614

618, 614, 116

614, 618, 617

264, 619, 620

619, 333, 616

620, 616, 127

616, 620, 619

116, 613, 622

613, 333, 621

622, 621, 332

621, 622, 613

233, 617, 624

617, 85, 623

624, 623, 172

623, 624, 617

85, 625, 623

625, 256, 626

623, 626, 172

626, 623, 625

23, 627, 628

627, 116, 622

628, 622, 332

622, 628, 627

264, 629, 619

629, 30, 630

619, 630, 333

630, 619, 629

264, 631, 629

631, 348, 632

629, 632, 30

632, 629, 631

242, 633, 634

633, 348, 631

634, 631, 264

631, 634, 633

242, 634, 635

634, 264, 620

635, 620, 127

620, 635, 634

333, 630, 637

630, 30, 636

637, 636, 52

636, 637, 630

51, 638, 639

638, 52, 636

639, 636, 30

636, 639, 638

104, 640, 641

640, 332, 621

641, 621, 333

621, 641, 640

52, 642, 637

642, 104, 641

637, 641, 333

641, 637, 642

199, 643, 644

643, 348, 633

644, 633, 242

633, 644, 643

321, 645, 646

645, 51, 639

646, 639, 30

639, 646, 645

349, 647, 648

647, 30, 632

648, 632, 348

632, 648, 647

321, 646, 649

646, 30, 647

649, 647, 349

647, 649, 646

82, 650, 651

650, 348, 643

651, 643, 199

643, 651, 650

348, 650, 653

650, 82, 652

653, 652, 90

652, 653, 650

90, 654, 653

654, 349, 648

653, 648, 348

648, 653, 654

321, 649, 656

649, 349, 655

656, 655, 112

655, 656, 649

51, 645, 657

645, 321, 656

657, 656, 112

656, 657, 645

106, 658, 659

658, 127, 615

659, 615, 233

615, 659, 658

127, 658, 635

658, 106, 660

635, 660, 242

660, 635, 658

238, 661, 662

661, 242, 660

662, 660, 106

660, 662, 661

199, 644, 663

644, 242, 661

663, 661, 238

661, 663, 644

277, 664, 665

664, 199, 663

665, 663, 238

663, 665, 664

163, 666, 667

666, 82, 651

667, 651, 199

651, 667, 666

199, 664, 667

664, 277, 668

667, 668, 163

668, 667, 664

241, 669, 670

669, 238, 662

670, 662, 106

662, 670, 669

241, 671, 669

671, 175, 672

669, 672, 238

672, 669, 671

163, 673, 666

673, 83, 674

666, 674, 82

674, 666, 673

114, 675, 676

675, 83, 673

676, 673, 163

673, 676, 675

106, 659, 678

659, 233, 677

678, 677, 105

677, 678, 659

105, 677, 679

677, 233, 624

679, 624, 172

624, 679, 677

13, 680, 681

680, 175, 671

681, 671, 241

671, 681, 680

198, 682, 683

682, 83, 675

683, 675, 114

675, 683, 682

149, 684, 685

684, 198, 683

685, 683, 114

683, 685, 684

105, 686, 678

686, 298, 687

678, 687, 106

687, 678, 686

106, 687, 670

687, 298, 688

670, 688, 241

688, 670, 687

13, 681, 689

681, 241, 688

689, 688, 298

688, 689, 681

287, 690, 692

690, 92, 691

692, 691, 95

691, 692, 690

287, 693, 690

693, 270, 393

690, 393, 92

393, 690, 693

95, 691, 695

691, 92, 694

695, 694, 126

694, 695, 691

95, 603, 692

603, 91, 696

692, 696, 287

696, 692, 603

270, 693, 381

693, 287, 697

381, 697, 64

697, 381, 693

287, 696, 697

696, 91, 698

697, 698, 64

698, 697, 696

49, 699, 701

699, 15, 700

701, 700, 4

700, 701, 699

19, 702, 703

702, 4, 700

703, 700, 15

700, 703, 702

227, 704, 705

704, 4, 702

705, 702, 19

702, 705, 704

227, 705, 707

705, 19, 706

707, 706, 228

706, 707, 705

35, 367, 533

367, 64, 698

533, 698, 91

698, 533, 367

63, 708, 710

708, 205, 709

710, 709, 158

709, 710, 708

158, 709, 712

709, 205, 711

712, 711, 184

711, 712, 709

137, 713, 714

713, 63, 710

714, 710, 158

710, 714, 713

63, 713, 716

713, 137, 715

716, 715, 222

715, 716, 713

137, 717, 715

717, 268, 718

715, 718, 222

718, 715, 717

128, 719, 721

719, 353, 720

721, 720, 153

720, 721, 719

300, 722, 724

722, 120, 723

724, 723, 203

723, 724, 722

108, 725, 727

725, 310, 726

727, 726, 182

726, 727, 725

196, 728, 730

728, 257, 729

730, 729, 47

729, 730, 728

257, 728, 732

728, 196, 731

732, 731, 81

731, 732, 728

337, 733, 734

733, 81, 731

734, 731, 196

731, 734, 733

257, 732, 736

732, 81, 735

736, 735, 206

735, 736, 732

337, 737, 733

737, 206, 735

733, 735, 81

735, 733, 737

181, 738, 740

738, 234, 739

740, 739, 115

739, 740, 738

115, 739, 742

739, 234, 741

742, 741, 147

741, 742, 739

191, 743, 745

743, 143, 744

745, 744, 249

744, 745, 743

156, 746, 748

746, 212, 747

748, 747, 261

747, 748, 746

261, 747, 750

747, 212, 749

750, 749, 254

749, 750, 747

254, 751, 750

751, 169, 752

750, 752, 261

752, 750, 751

169, 753, 752

753, 240, 754

752, 754, 261

754, 752, 753

169, 755, 753

755, 128, 756

753, 756, 240

756, 753, 755

153, 757, 721

757, 240, 756

721, 756, 128

756, 721, 757

240, 758, 754

758, 174, 759

754, 759, 261

759, 754, 758

212, 760, 749

760, 221, 761

749, 761, 254

761, 749, 760

221, 760, 763

760, 212, 762

763, 762, 211

762, 763, 760

212, 764, 762

764, 177, 765

762, 765, 211

765, 762, 764

169, 751, 767

751, 254, 766

767, 766, 262

766, 767, 751

169, 767, 755

767, 262, 768

755, 768, 128

768, 755, 767

254, 761, 766

761, 221, 769

766, 769, 262

769, 766, 761

353, 719, 770

719, 128, 768

770, 768, 262

768, 770, 719

221, 771, 769

771, 305, 772

769, 772, 262

772, 769, 771

305, 771, 773

771, 221, 763

773, 763, 211

763, 773, 771

305, 773, 775

773, 211, 774

775, 774, 210

774, 775, 773

262, 772, 777

772, 305, 776

777, 776, 200

776, 777, 772

305, 778, 776

778, 145, 779

776, 779, 200

779, 776, 778

305, 775, 778

775, 210, 780

778, 780, 145

780, 778, 775

200, 781, 777

781, 281, 782

777, 782, 262

782, 777, 781

219, 783, 785

783, 206, 784

785, 784, 132

784, 785, 783

28, 786, 787

786, 219, 785

787, 785, 132

785, 787, 786

219, 788, 783

788, 220, 789

783, 789, 206

789, 783, 788

310, 790, 791

790, 219, 786

791, 786, 28

786, 791, 790

310, 725, 790

725, 108, 792

790, 792, 219

792, 790, 725

206, 737, 784

737, 337, 793

784, 793, 132

793, 784, 737

84, 794, 796

794, 52, 795

796, 795, 50

795, 796, 794

52, 794, 642

794, 84, 797

642, 797, 104

797, 642, 794

39, 798, 377

798, 311, 496

377, 496, 73

496, 377, 798

311, 798, 480

798, 39, 799

480, 799, 72

799, 480, 798

39, 422, 799

422, 71, 800

799, 800, 72

800, 799, 422

72, 800, 479

800, 71, 801

479, 801, 77

801, 479, 800

77, 801, 483

801, 71, 439

483, 439, 8

439, 483, 801

73, 502, 380

502, 290, 517

380, 517, 133

517, 380, 502

98, 802, 804

802, 268, 803

804, 803, 208

803, 804, 802

33, 805, 806

805, 310, 791

806, 791, 28

791, 806, 805

289, 807, 809

807, 141, 808

809, 808, 98

808, 809, 807

141, 807, 811

807, 289, 810

811, 810, 182

810, 811, 807

289, 812, 810

812, 108, 727

810, 727, 182

727, 810, 812

60, 602, 814

602, 95, 813

814, 813, 316

813, 814, 602

317, 606, 815

606, 60, 814

815, 814, 316

814, 815, 606

163, 816, 676

816, 161, 817

676, 817, 114

817, 676, 816

277, 818, 668

818, 161, 816

668, 816, 163

816, 668, 818

114, 817, 820

817, 161, 819

820, 819, 235

819, 820, 817

161, 818, 822

818, 277, 821

822, 821, 152

821, 822, 818

152, 823, 822

823, 197, 824

822, 824, 161

824, 822, 823

161, 824, 819

824, 197, 825

819, 825, 235

825, 819, 824

113, 826, 827

826, 335, 443

827, 443, 26

443, 827, 826

113, 828, 826

828, 274, 447

826, 447, 335

447, 826, 828

45, 460, 830

460, 3, 829

830, 829, 82

829, 830, 460

45, 830, 831

830, 82, 674

831, 674, 83

674, 831, 830

198, 832, 682

832, 45, 831

682, 831, 83

831, 682, 832

82, 829, 652

829, 3, 463

652, 463, 90

463, 652, 829

322, 833, 834

833, 45, 832

834, 832, 198

832, 834, 833

79, 497, 835

497, 45, 833

835, 833, 322

833, 835, 497

79, 835, 837

835, 322, 836

837, 836, 176

836, 837, 835

170, 838, 839

838, 176, 836

839, 836, 322

836, 839, 838

111, 840, 841

840, 176, 838

841, 838, 170

838, 841, 840

176, 842, 837

842, 122, 504

837, 504, 79

504, 837, 842

111, 841, 844

841, 170, 843

844, 843, 131

843, 844, 841

111, 844, 846

844, 131, 845

846, 845, 192

845, 846, 844

192, 847, 846

847, 355, 848

846, 848, 111

848, 846, 847

164, 849, 850

849, 355, 847

850, 847, 192

847, 850, 849

192, 851, 850

851, 249, 852

850, 852, 164

852, 850, 851

283, 853, 854

853, 164, 852

854, 852, 249

852, 854, 853

227, 855, 856

855, 164, 853

856, 853, 283

853, 856, 855

192, 857, 851

857, 191, 745

851, 745, 249

745, 851, 857

143, 858, 744

858, 283, 854

744, 854, 249

854, 744, 858

164, 859, 849

859, 228, 860

849, 860, 355

860, 849, 859

164, 855, 859

855, 227, 707

859, 707, 228

707, 859, 855

160, 861, 862

861, 122, 842

862, 842, 176

842, 862, 861

176, 840, 862

840, 111, 863

862, 863, 160

863, 862, 840

160, 863, 864

863, 111, 848

864, 848, 355

848, 864, 863

122, 861, 866

861, 160, 865

866, 865, 80

865, 866, 861

160, 864, 868

864, 355, 867

868, 867, 154

867, 868, 864

228, 869, 860

869, 154, 867

860, 867, 355

867, 860, 869

46, 870, 872

870, 160, 871

872, 871, 336

871, 872, 870

265, 873, 874

873, 46, 872

874, 872, 336

872, 874, 873

160, 870, 865

870, 46, 875

865, 875, 80

875, 865, 870

336, 871, 876

871, 160, 868

876, 868, 154

868, 876, 871

265, 877, 873

877, 218, 878

873, 878, 46

878, 873, 877

216, 879, 880

879, 265, 874

880, 874, 336

874, 880, 879

216, 881, 879

881, 142, 882

879, 882, 265

882, 879, 881

218, 877, 883

877, 265, 882

883, 882, 142

882, 883, 877

80, 875, 885

875, 46, 884

885, 884, 123

884, 885, 875

142, 881, 887

881, 216, 886

887, 886, 217

886, 887, 881

148, 888, 889

888, 216, 880

889, 880, 336

880, 889, 888

142, 890, 883

890, 159, 891

883, 891, 218

891, 883, 890

142, 887, 890

887, 217, 892

890, 892, 159

892, 890, 887

336, 876, 894

876, 154, 893

894, 893, 167

893, 894, 876

228, 895, 869

895, 167, 893

869, 893, 154

893, 869, 895

178, 896, 897

896, 336, 894

897, 894, 167

894, 897, 896

218, 898, 878

898, 102, 899

878, 899, 46

899, 878, 898

302, 511, 900

511, 123, 884

900, 884, 46

884, 900, 511

101, 901, 902

901, 46, 899

902, 899, 102

899, 902, 901

101, 522, 901

522, 302, 900

901, 900, 46

900, 901, 522

102, 898, 904

898, 218, 903

904, 903, 257

903, 904, 898

218, 905, 903

905, 47, 729

903, 729, 257

729, 903, 905

54, 906, 907

906, 148, 889

907, 889, 336

889, 907, 906

288, 908, 909

908, 148, 906

909, 906, 54

906, 909, 908

54, 910, 909

910, 318, 911

909, 911, 288

911, 909, 910

336, 896, 907

896, 178, 912

907, 912, 54

912, 907, 896

246, 913, 914

913, 318, 910

914, 910, 54

910, 914, 913

246, 914, 915

914, 54, 912

915, 912, 178

912, 915, 914

162, 610, 916

610, 318, 913

916, 913, 246

913, 916, 610

162, 916, 918

916, 246, 917

918, 917, 279

917, 918, 916

288, 911, 920

911, 318, 919

920, 919, 316

919, 920, 911

317, 815, 609

815, 316, 919

609, 919, 318

919, 609, 815

307, 921, 922

921, 148, 908

922, 908, 288

908, 922, 921

343, 923, 924

923, 148, 921

924, 921, 307

921, 924, 923

148, 923, 926

923, 343, 925

926, 925, 276

925, 926, 923

307, 927, 924

927, 151, 928

924, 928, 343

928, 924, 927

151, 929, 928

929, 136, 930

928, 930, 343

930, 928, 929

307, 922, 932

922, 288, 931

932, 931, 306

931, 932, 922

306, 931, 933

931, 288, 920

933, 920, 316

920, 933, 931

306, 934, 932

934, 151, 927

932, 927, 307

927, 932, 934

225, 935, 936

935, 151, 934

936, 934, 306

934, 936, 935

151, 935, 929

935, 225, 937

929, 937, 136

937, 929, 935

61, 938, 940

938, 315, 939

940, 939, 97

939, 940, 938

61, 940, 942

940, 97, 941

942, 941, 62

941, 942, 940

315, 943, 939

943, 195, 944

939, 944, 97

944, 939, 943

125, 945, 946

945, 61, 942

946, 942, 62

942, 946, 945

125, 946, 948

946, 62, 947

948, 947, 117

947, 948, 946

62, 941, 950

941, 97, 949

950, 949, 86

949, 950, 941

62, 950, 947

950, 86, 951

947, 951, 117

951, 947, 950

61, 945, 953

945, 125, 952

953, 952, 84

952, 953, 945

84, 796, 953

796, 50, 954

953, 954, 61

954, 953, 796

104, 797, 955

797, 84, 952

955, 952, 125

952, 955, 797

57, 956, 957

956, 97, 944

957, 944, 195

944, 957, 956

97, 956, 959

956, 57, 958

959, 958, 144

958, 959, 956

97, 959, 949

959, 144, 960

949, 960, 86

960, 949, 959

308, 961, 962

961, 315, 938

962, 938, 61

938, 962, 961

308, 962, 964

962, 61, 963

964, 963, 103

963, 964, 962

103, 965, 964

965, 350, 966

964, 966, 308

966, 964, 965

140, 967, 968

967, 195, 943

968, 943, 315

943, 968, 967

308, 969, 961

969, 48, 970

961, 970, 315

970, 961, 969

66, 971, 972

971, 57, 957

972, 957, 195

957, 972, 971

195, 967, 974

967, 140, 973

974, 973, 139

973, 974, 967

195, 974, 972

974, 139, 975

972, 975, 66

975, 972, 974

70, 976, 977

976, 139, 973

977, 973, 140

973, 977, 976

0, 978, 979

978, 66, 975

979, 975, 139

975, 979, 978

139, 976, 979

976, 70, 980

979, 980, 0

980, 979, 976

48, 969, 982

969, 308, 981

982, 981, 9

981, 982, 969

315, 970, 984

970, 48, 983

984, 983, 76

983, 984, 970

315, 984, 986

984, 76, 985

986, 985, 40

985, 986, 984

315, 986, 968

986, 40, 987

968, 987, 140

987, 968, 986

350, 470, 966

470, 100, 988

966, 988, 308

988, 966, 470

100, 989, 988

989, 9, 981

988, 981, 308

981, 988, 989

109, 990, 991

990, 40, 985

991, 985, 76

985, 991, 990

113, 992, 993

992, 40, 990

993, 990, 109

990, 993, 992

31, 994, 995

994, 140, 987

995, 987, 40

987, 995, 994

70, 977, 996

977, 140, 994

996, 994, 31

994, 996, 977

70, 996, 980

996, 31, 997

980, 997, 0

997, 980, 996

40, 992, 998

992, 113, 827

998, 827, 26

827, 998, 992

25, 999, 1000

999, 0, 997

1000, 997, 31

997, 1000, 999

314, 1001, 1002

1001, 40, 998

1002, 998, 26

998, 1002, 1001

40, 1001, 995

1001, 314, 1003

995, 1003, 31

1003, 995, 1001

48, 1004, 983

1004, 1, 1005

983, 1005, 76

1005, 983, 1004

109, 991, 1006

991, 76, 1005

1006, 1005, 1

1005, 1006, 991

9, 1007, 982

1007, 7, 1008

982, 1008, 48

1008, 982, 1007

6, 1009, 1010

1009, 48, 1008

1010, 1008, 7

1008, 1010, 1009

1, 1004, 1011

1004, 48, 1009

1011, 1009, 6

1009, 1011, 1004

7, 1007, 482

1007, 9, 989

482, 989, 100

989, 482, 1007

274, 828, 1012

828, 113, 993

1012, 993, 109

993, 1012, 828

7, 1013, 1010

1013, 18, 1014

1010, 1014, 6

1014, 1010, 1013

109, 1006, 1012

1006, 1, 1015

1012, 1015, 274

1015, 1012, 1006

18, 1016, 1014

1016, 1, 1011

1014, 1011, 6

1011, 1014, 1016

183, 1017, 1019

1017, 201, 1018

1019, 1018, 149

1018, 1019, 1017

278, 1020, 1021

1020, 149, 1018

1021, 1018, 201

1018, 1021, 1020

149, 1020, 684

1020, 278, 1022

684, 1022, 198

1022, 684, 1020

186, 1023, 1024

1023, 201, 1017

1024, 1017, 183

1017, 1024, 1023

201, 1025, 1021

1025, 243, 1026

1021, 1026, 278

1026, 1021, 1025

202, 1027, 1028

1027, 183, 1019

1028, 1019, 149

1019, 1028, 1027

300, 1029, 1030

1029, 202, 1028

1030, 1028, 149

1028, 1030, 1029

300, 724, 1029

724, 203, 1031

1029, 1031, 202

1031, 1029, 724

303, 1032, 1033

1032, 300, 1030

1033, 1030, 149

1030, 1033, 1032

202, 1034, 1027

1034, 204, 1035

1027, 1035, 183

1035, 1027, 1034

203, 1036, 1031

1036, 204, 1034

1031, 1034, 202

1034, 1031, 1036

244, 1037, 1038

1037, 204, 1036

1038, 1036, 203

1036, 1038, 1037

186, 1024, 1040

1024, 183, 1039

1040, 1039, 88

1039, 1040, 1024

183, 1035, 1039

1035, 204, 1041

1039, 1041, 88

1041, 1039, 1035

303, 1033, 1042

1033, 149, 685

1042, 685, 114

685, 1042, 1033

201, 1023, 1044

1023, 186, 1043

1044, 1043, 273

1043, 1044, 1023

235, 1045, 820

1045, 303, 1042

820, 1042, 114

1042, 820, 1045

299, 1046, 1047

1046, 88, 1041

1047, 1041, 204

1041, 1047, 1046

204, 1037, 1047

1037, 244, 1048

1047, 1048, 299

1048, 1047, 1037

87, 542, 1049

542, 88, 1046

1049, 1046, 299

1046, 1049, 542

299, 1048, 1051

1048, 244, 1050

1051, 1050, 179

1050, 1051, 1048

244, 1052, 1050

1052, 239, 1053

1050, 1053, 179

1053, 1050, 1052

243, 1054, 1026

1054, 130, 1055

1026, 1055, 278

1055, 1026, 1054

186, 1040, 1056

1040, 88, 543

1056, 543, 344

543, 1056, 1040

344, 1057, 1056

1057, 273, 1043

1056, 1043, 186

1043, 1056, 1057

157, 1058, 598

1058, 273, 1057

598, 1057, 344

1057, 598, 1058

157, 1059, 1058

1059, 236, 1060

1058, 1060, 273

1060, 1058, 1059

341, 585, 1061

585, 87, 1049

1061, 1049, 299

1049, 1061, 585

299, 1051, 1061

1051, 179, 1062

1061, 1062, 341

1062, 1061, 1051

179, 1063, 1062

1063, 155, 1064

1062, 1064, 341

1064, 1062, 1063

179, 1065, 1063

1065, 275, 1066

1063, 1066, 155

1066, 1063, 1065

172, 1067, 1068

1067, 155, 1066

1068, 1066, 275

1066, 1068, 1067

275, 1065, 1070

1065, 179, 1069

1070, 1069, 296

1069, 1070, 1065

5, 1071, 1073

1071, 129, 1072

1073, 1072, 282

1072, 1073, 1071

282, 1072, 1075

1072, 129, 1074

1075, 1074, 353

1074, 1075, 1072

135, 1076, 1077

1076, 5, 1073

1077, 1073, 282

1073, 1077, 1076

282, 1078, 1077

1078, 248, 1079

1077, 1079, 135

1079, 1077, 1078

129, 1080, 1074

1080, 153, 720

1074, 720, 353

720, 1074, 1080

280, 1081, 1082

1081, 135, 1079

1082, 1079, 248

1079, 1082, 1081

280, 1082, 1084

1082, 248, 1083

1084, 1083, 232

1083, 1084, 1082

153, 1080, 1086

1080, 129, 1085

1086, 1085, 247

1085, 1086, 1080

129, 1087, 1085

1087, 275, 1088

1085, 1088, 247

1088, 1085, 1087

153, 1086, 1090

1086, 247, 1089

1090, 1089, 239

1089, 1090, 1086

231, 1091, 1092

1091, 280, 1084

1092, 1084, 232

1084, 1092, 1091

247, 1088, 1093

1088, 275, 1070

1093, 1070, 296

1070, 1093, 1088

247, 1093, 1089

1093, 296, 1094

1089, 1094, 239

1094, 1089, 1093

179, 1053, 1069

1053, 239, 1094

1069, 1094, 296

1094, 1069, 1053

231, 1095, 1091

1095, 279, 1096

1091, 1096, 280

1096, 1091, 1095

279, 1097, 1096

1097, 193, 1098

1096, 1098, 280

1098, 1096, 1097

280, 1098, 1100

1098, 193, 1099

1100, 1099, 53

1099, 1100, 1098

181, 1101, 1102

1101, 279, 1095

1102, 1095, 231

1095, 1102, 1101

279, 1101, 918

1101, 181, 1103

918, 1103, 162

1103, 918, 1101

236, 1104, 1105

1104, 162, 1103

1105, 1103, 181

1103, 1105, 1104

105, 679, 1106

679, 172, 1068

1106, 1068, 275

1068, 1106, 679

105, 1106, 1108

1106, 275, 1107

1108, 1107, 21

1107, 1108, 1106

129, 1109, 1087

1109, 21, 1107

1087, 1107, 275

1107, 1087, 1109

21, 1110, 1108

1110, 20, 1111

1108, 1111, 105

1111, 1108, 1110

298, 686, 1112

686, 105, 1111

1112, 1111, 20

1111, 1112, 686

20, 1110, 1114

1110, 21, 1113

1114, 1113, 5

1113, 1114, 1110

129, 1071, 1109

1071, 5, 1113

1109, 1113, 21

1113, 1109, 1071

16, 1115, 1116

1115, 20, 1114

1116, 1114, 5

1114, 1116, 1115

20, 1115, 1118

1115, 16, 1117

1118, 1117, 342

1117, 1118, 1115

10, 1119, 1120

1119, 20, 1118

1120, 1118, 342

1118, 1120, 1119

5, 1076, 1116

1076, 135, 1121

1116, 1121, 16

1121, 1116, 1076

110, 1122, 1124

1122, 180, 1123

1124, 1123, 134

1123, 1124, 1122

177, 1125, 1126

1125, 180, 1122

1126, 1122, 110

1122, 1126, 1125

134, 1123, 1128

1123, 180, 1127

1128, 1127, 250

1127, 1128, 1123

134, 1128, 1130

1128, 250, 1129

1130, 1129, 345

1129, 1130, 1128

134, 1130, 1132

1130, 345, 1131

1132, 1131, 124

1131, 1132, 1130

134, 1132, 1134

1132, 124, 1133

1134, 1133, 49

1133, 1134, 1132

250, 1135, 1129

1135, 152, 1136

1129, 1136, 345

1136, 1129, 1135

339, 1137, 1138

1137, 152, 1135

1138, 1135, 250

1135, 1138, 1137

339, 1139, 1137

1139, 197, 823

1137, 823, 152

823, 1137, 1139

133, 518, 394

518, 259, 1140

394, 1140, 74

1140, 394, 518

17, 1141, 1142

1141, 85, 618

1142, 618, 116

618, 1142, 1141

56, 589, 1143

589, 17, 1142

1143, 1142, 116

1142, 1143, 589

116, 1144, 1143

1144, 272, 591

1143, 591, 56

591, 1143, 1144

272, 1144, 1145

1144, 116, 627

1145, 627, 23

627, 1145, 1144

272, 1145, 1147

1145, 23, 1146

1147, 1146, 117

1146, 1147, 1145

272, 1147, 592

1147, 117, 1148

592, 1148, 24

1148, 592, 1147

85, 1141, 625

1141, 17, 595

625, 595, 256

595, 625, 1141

345, 1149, 1131

1149, 13, 1150

1131, 1150, 124

1150, 1131, 1149

175, 680, 1151

680, 13, 1149

1151, 1149, 345

1149, 1151, 680

152, 1152, 1136

1152, 175, 1151

1136, 1151, 345

1151, 1136, 1152

152, 1153, 1152

1153, 238, 672

1152, 672, 175

672, 1152, 1153

238, 1153, 665

1153, 152, 821

665, 821, 277

821, 665, 1153

98, 1154, 802

1154, 34, 1155

802, 1155, 268

1155, 802, 1154

34, 1154, 1156

1154, 98, 808

1156, 808, 141

808, 1156, 1154

182, 1157, 811

1157, 34, 1156

811, 1156, 141

1156, 811, 1157

33, 1158, 1159

1158, 34, 1157

1159, 1157, 182

1157, 1159, 1158

310, 805, 726

805, 33, 1159

726, 1159, 182

1159, 726, 805

159, 1160, 891

1160, 47, 905

891, 905, 218

905, 891, 1160

341, 1064, 596

1064, 155, 1161

596, 1161, 256

1161, 596, 1064

256, 1161, 626

1161, 155, 1067

626, 1067, 172

1067, 626, 1161

29, 1162, 1163

1162, 337, 734

1163, 734, 196

734, 1163, 1162

337, 1162, 793

1162, 29, 1164

793, 1164, 132

1164, 793, 1162

132, 1164, 787

1164, 29, 1165

787, 1165, 28

1165, 787, 1164

304, 1166, 1168

1166, 138, 1167

1168, 1167, 232

1167, 1168, 1166

209, 1169, 1170

1169, 138, 1166

1170, 1166, 304

1166, 1170, 1169

138, 1171, 1167

1171, 271, 1172

1167, 1172, 232

1172, 1167, 1171

234, 1173, 1174

1173, 271, 1171

1174, 1171, 138

1171, 1174, 1173

138, 1175, 1174

1175, 166, 1176

1174, 1176, 234

1176, 1174, 1175

231, 1092, 1177

1092, 232, 1172

1177, 1172, 271

1172, 1177, 1092

181, 1178, 738

1178, 271, 1173

738, 1173, 234

1173, 738, 1178

271, 1178, 1177

1178, 181, 1102

1177, 1102, 231

1102, 1177, 1178

304, 1168, 1180

1168, 232, 1179

1180, 1179, 281

1179, 1180, 1168

232, 1083, 1179

1083, 248, 1181

1179, 1181, 281

1181, 1179, 1083

145, 1182, 1183

1182, 209, 1170

1183, 1170, 304

1170, 1183, 1182

200, 1184, 781

1184, 304, 1180

781, 1180, 281

1180, 781, 1184

200, 779, 1184

779, 145, 1183

1184, 1183, 304

1183, 1184, 779

281, 1181, 1185

1181, 248, 1078

1185, 1078, 282

1078, 1185, 1181

166, 1186, 1176

1186, 147, 741

1176, 741, 234

741, 1176, 1186

166, 1187, 1186

1187, 165, 1188

1186, 1188, 147

1188, 1186, 1187

98, 804, 1189

804, 208, 413

1189, 413, 260

413, 1189, 804

289, 809, 1190

809, 98, 1189

1190, 1189, 260

1189, 1190, 809

260, 1191, 1190

1191, 267, 1192

1190, 1192, 289

1192, 1190, 1191

289, 1192, 812

1192, 267, 1193

812, 1193, 108

1193, 812, 1192

108, 1193, 792

1193, 267, 1194

792, 1194, 219

1194, 792, 1193

220, 788, 1195

788, 219, 1194

1195, 1194, 267

1194, 1195, 788

136, 937, 1197

937, 225, 1196

1197, 1196, 118

1196, 1197, 937

158, 1198, 714

1198, 36, 1199

714, 1199, 137

1199, 714, 1198

4, 1200, 1202

1200, 283, 1201

1202, 1201, 297

1201, 1202, 1200

187, 1203, 1204

1203, 297, 1201

1204, 1201, 283

1201, 1204, 1203

283, 858, 1204

858, 143, 1205

1204, 1205, 187

1205, 1204, 858

226, 1206, 1207

1206, 187, 1205

1207, 1205, 143

1205, 1207, 1206

227, 856, 704

856, 283, 1200

704, 1200, 4

1200, 704, 856

4, 1202, 701

1202, 297, 1208

701, 1208, 49

1208, 701, 1202

297, 1209, 1208

1209, 134, 1134

1208, 1134, 49

1134, 1208, 1209

134, 1210, 1211

1210, 187, 1206

1211, 1206, 226

1206, 1211, 1210

134, 1209, 1210

1209, 297, 1203

1210, 1203, 187

1203, 1210, 1209

110, 1124, 1212

1124, 134, 1211

1212, 1211, 226

1211, 1212, 1124

44, 486, 1214

486, 14, 1213

1214, 1213, 112

1213, 1214, 486

349, 1215, 655

1215, 44, 1214

655, 1214, 112

1214, 655, 1215

44, 1215, 464

1215, 349, 654

464, 654, 90

654, 464, 1215

18, 1216, 448

1216, 8, 438

448, 438, 338

438, 448, 1216

8, 1216, 1217

1216, 18, 1013

1217, 1013, 7

1013, 1217, 1216

7, 481, 1217

481, 266, 484

1217, 484, 8

484, 1217, 481

1, 1016, 1015

1016, 18, 449

1015, 449, 274

449, 1015, 1016

138, 1169, 1219

1169, 209, 1218

1219, 1218, 245

1218, 1219, 1169

245, 1218, 1221

1218, 209, 1220

1221, 1220, 215

1220, 1221, 1218

191, 1222, 1223

1222, 245, 1221

1223, 1221, 215

1221, 1223, 1222

143, 743, 1224

743, 191, 1223

1224, 1223, 215

1223, 1224, 743

165, 1225, 1226

1225, 245, 1222

1226, 1222, 191

1222, 1226, 1225

138, 1219, 1175

1219, 245, 1227

1175, 1227, 166

1227, 1175, 1219

166, 1227, 1187

1227, 245, 1225

1187, 1225, 165

1225, 1187, 1227

57, 971, 576

971, 66, 1228

576, 1228, 99

1228, 576, 971

66, 1229, 1228

1229, 146, 578

1228, 578, 99

578, 1228, 1229

66, 978, 1229

978, 0, 1230

1229, 1230, 146

1230, 1229, 978

0, 999, 1230

999, 25, 579

1230, 579, 146

579, 1230, 999

222, 1231, 1233

1231, 34, 1232

1233, 1232, 65

1232, 1233, 1231

222, 718, 1231

718, 268, 1155

1231, 1155, 34

1155, 1231, 718

222, 1233, 716

1233, 65, 1234

716, 1234, 63

1234, 716, 1233

301, 1235, 1236

1235, 63, 1234

1236, 1234, 65

1234, 1236, 1235

205, 708, 1237

708, 63, 1235

1237, 1235, 301

1235, 1237, 708

292, 1238, 1239

1238, 205, 1237

1239, 1237, 301

1237, 1239, 1238

47, 1240, 730

1240, 294, 1241

730, 1241, 196

1241, 730, 1240

294, 1240, 1243

1240, 47, 1242

1243, 1242, 346

1242, 1243, 1240

334, 1244, 1246

1244, 237, 1245

1246, 1245, 107

1245, 1246, 1244

346, 1247, 1248

1247, 334, 1246

1248, 1246, 107

1246, 1248, 1247

237, 1244, 1250

1244, 334, 1249

1250, 1249, 168

1249, 1250, 1244

168, 1251, 1250

1251, 217, 1252

1250, 1252, 237

1252, 1250, 1251

107, 1245, 1254

1245, 237, 1253

1254, 1253, 214

1253, 1254, 1245

237, 1255, 1253

1255, 276, 1256

1253, 1256, 214

1256, 1253, 1255

168, 1257, 1251

1257, 159, 892

1251, 892, 217

892, 1251, 1257

159, 1257, 1160

1257, 168, 1258

1160, 1258, 47

1258, 1160, 1257

334, 1247, 1259

1247, 346, 1242

1259, 1242, 47

1242, 1259, 1247

47, 1258, 1259

1258, 168, 1249

1259, 1249, 334

1249, 1259, 1258

147, 1188, 1261

1188, 165, 1260

1261, 1260, 351

1260, 1261, 1188

198, 1022, 1263

1022, 278, 1262

1263, 1262, 11

1262, 1263, 1022

11, 1264, 1263

1264, 322, 834

1263, 834, 198

834, 1263, 1264

170, 1265, 1266

1265, 11, 1262

1266, 1262, 278

1262, 1266, 1265

170, 839, 1265

839, 322, 1264

1265, 1264, 11

1264, 1265, 839

278, 1055, 1266

1055, 130, 1267

1266, 1267, 170

1267, 1266, 1055

131, 843, 1268

843, 170, 1267

1268, 1267, 130

1267, 1268, 843

130, 1269, 1268

1269, 351, 1270

1268, 1270, 131

1270, 1268, 1269

130, 1054, 1269

1054, 243, 1271

1269, 1271, 351

1271, 1269, 1054

14, 1272, 1273

1272, 103, 963

1273, 963, 61

963, 1273, 1272

61, 954, 1273

954, 50, 1274

1273, 1274, 14

1274, 1273, 954

50, 1275, 1274

1275, 51, 1276

1274, 1276, 14

1276, 1274, 1275

52, 638, 795

638, 51, 1275

795, 1275, 50

1275, 795, 638

112, 1213, 657

1213, 14, 1276

657, 1276, 51

1276, 657, 1213

316, 813, 933

813, 95, 1277

933, 1277, 306

1277, 933, 813

126, 1278, 695

1278, 306, 1277

695, 1277, 95

1277, 695, 1278

306, 1278, 1280

1278, 126, 1279

1280, 1279, 324

1279, 1280, 1278

324, 1279, 1282

1279, 126, 1281

1282, 1281, 326

1281, 1282, 1279

326, 1281, 1283

1281, 126, 694

1283, 694, 92

694, 1283, 1281

326, 1283, 1284

1283, 92, 400

1284, 400, 327

400, 1284, 1283

291, 1285, 1286

1285, 324, 1282

1286, 1282, 326

1282, 1286, 1285

291, 1287, 1285

1287, 224, 1288

1285, 1288, 324

1288, 1285, 1287

118, 1289, 1290

1289, 324, 1288

1290, 1288, 224

1288, 1290, 1289

118, 1196, 1289

1196, 225, 1291

1289, 1291, 324

1291, 1289, 1196

328, 1292, 404

1292, 326, 1284

404, 1284, 327

1284, 404, 1292

326, 1292, 1294

1292, 328, 1293

1294, 1293, 36

1293, 1294, 1292

291, 1286, 1295

1286, 326, 1294

1295, 1294, 36

1294, 1295, 1286

158, 1296, 1198

1296, 291, 1295

1198, 1295, 36

1295, 1198, 1296

291, 1296, 1287

1296, 158, 1297

1287, 1297, 224

1297, 1287, 1296

184, 1298, 712

1298, 224, 1297

712, 1297, 158

1297, 712, 1298

34, 1299, 1301

1299, 29, 1300

1301, 1300, 292

1300, 1301, 1299

34, 1301, 1232

1301, 292, 1302

1232, 1302, 65

1302, 1232, 1301

65, 1302, 1236

1302, 292, 1239

1236, 1239, 301

1239, 1236, 1302

34, 1303, 1299

1303, 28, 1165

1299, 1165, 29

1165, 1299, 1303

28, 1303, 806

1303, 34, 1158

806, 1158, 33

1158, 806, 1303

29, 1304, 1300

1304, 55, 1305

1300, 1305, 292

1305, 1300, 1304

196, 1306, 1163

1306, 55, 1304

1163, 1304, 29

1304, 1163, 1306

55, 1307, 1305

1307, 320, 1308

1305, 1308, 292

1308, 1305, 1307

20, 1119, 1112

1119, 10, 1309

1112, 1309, 298

1309, 1112, 1119

298, 1309, 1311

1309, 10, 1310

1311, 1310, 347

1310, 1311, 1309

347, 1310, 1313

1310, 10, 1312

1313, 1312, 49

1312, 1313, 1310

49, 1133, 1313

1133, 124, 1314

1313, 1314, 347

1314, 1313, 1133

347, 1315, 1311

1315, 13, 689

1311, 689, 298

689, 1311, 1315

13, 1315, 1150

1315, 347, 1314

1150, 1314, 124

1314, 1150, 1315

49, 1312, 699

1312, 10, 1316

699, 1316, 15

1316, 699, 1312

10, 1120, 1316

1120, 342, 1317

1316, 1317, 15

1317, 1316, 1120

19, 1318, 1319

1318, 178, 897

1319, 897, 167

897, 1319, 1318

178, 1318, 1321

1318, 19, 1320

1321, 1320, 53

1320, 1321, 1318

19, 1319, 706

1319, 167, 895

706, 895, 228

895, 706, 1319

178, 1321, 1322

1321, 53, 1099

1322, 1099, 193

1099, 1322, 1321

156, 1323, 746

1323, 180, 1324

746, 1324, 212

1324, 746, 1323

180, 1323, 1326

1323, 156, 1325

1326, 1325, 150

1325, 1326, 1323

250, 1127, 1327

1127, 180, 1326

1327, 1326, 150

1326, 1327, 1127

339, 1328, 1329

1328, 150, 1325

1329, 1325, 156

1325, 1329, 1328

150, 1328, 1327

1328, 339, 1138

1327, 1138, 250

1138, 1327, 1328

156, 1330, 1329

1330, 96, 1331

1329, 1331, 339

1331, 1329, 1330

27, 1332, 444

1332, 314, 1002

444, 1002, 26

1002, 444, 1332

314, 1332, 1334

1332, 27, 1333

1334, 1333, 330

1333, 1334, 1332

330, 566, 1334

566, 119, 571

1334, 571, 314

571, 1334, 566

19, 703, 1336

703, 15, 1335

1336, 1335, 16

1335, 1336, 703

16, 1337, 1336

1337, 53, 1320

1336, 1320, 19

1320, 1336, 1337

16, 1121, 1337

1121, 135, 1338

1337, 1338, 53

1338, 1337, 1121

15, 1317, 1335

1317, 342, 1117

1335, 1117, 16

1117, 1335, 1317

135, 1081, 1338

1081, 280, 1100

1338, 1100, 53

1100, 1338, 1081

323, 1339, 489

1339, 103, 1272

489, 1272, 14

1272, 489, 1339

323, 467, 1339

467, 350, 965

1339, 965, 103

965, 1339, 467

125, 948, 1340

948, 117, 1146

1340, 1146, 23

1146, 1340, 948

23, 628, 1340

628, 332, 1341

1340, 1341, 125

1341, 1340, 628

313, 372, 426

372, 35, 535

426, 535, 2

535, 426, 372

226, 1342, 1343

1342, 209, 1182

1343, 1182, 145

1182, 1343, 1342

209, 1342, 1220

1342, 226, 1344

1220, 1344, 215

1344, 1220, 1342

215, 1344, 1224

1344, 226, 1207

1224, 1207, 143

1207, 1224, 1344

210, 1345, 780

1345, 226, 1343

780, 1343, 145

1343, 780, 1345

110, 1212, 1346

1212, 226, 1345

1346, 1345, 210

1345, 1346, 1212

210, 1347, 1346

1347, 177, 1126

1346, 1126, 110

1126, 1346, 1347

177, 1347, 765

1347, 210, 774

765, 774, 211

774, 765, 1347

115, 1348, 1349

1348, 201, 1044

1349, 1044, 273

1044, 1349, 1348

236, 1350, 1060

1350, 115, 1349

1060, 1349, 273

1349, 1060, 1350

147, 1351, 742

1351, 201, 1348

742, 1348, 115

1348, 742, 1351

115, 1350, 740

1350, 236, 1105

740, 1105, 181

1105, 740, 1350

351, 1352, 1261

1352, 201, 1351

1261, 1351, 147

1351, 1261, 1352

243, 1025, 1271

1025, 201, 1352

1271, 1352, 351

1352, 1271, 1025

257, 736, 904

736, 206, 1353

904, 1353, 102

1353, 904, 736

340, 1354, 1355

1354, 102, 1353

1355, 1353, 206

1353, 1355, 1354

340, 1356, 1354

1356, 190, 1357

1354, 1357, 102

1357, 1354, 1356

57, 577, 958

577, 295, 1358

958, 1358, 144

1358, 958, 577

144, 1358, 1359

1358, 295, 593

1359, 593, 24

593, 1359, 1358

86, 960, 1360

960, 144, 1359

1360, 1359, 24

1359, 1360, 960

117, 951, 1148

951, 86, 1360

1148, 1360, 24

1360, 1148, 951

189, 1361, 1362

1361, 300, 1032

1362, 1032, 303

1032, 1362, 1361

189, 1363, 1361

1363, 120, 722

1361, 722, 300

722, 1361, 1363

303, 1364, 1362

1364, 96, 1365

1362, 1365, 189

1365, 1362, 1364

235, 1366, 1045

1366, 96, 1364

1045, 1364, 303

1364, 1045, 1366

309, 1367, 1369

1367, 55, 1368

1369, 1368, 107

1368, 1369, 1367

55, 1367, 1307

1367, 309, 1370

1307, 1370, 320

1370, 1307, 1367

309, 1371, 1370

1371, 319, 1372

1370, 1372, 320

1372, 1370, 1371

330, 1333, 1373

1333, 27, 437

1373, 437, 2

437, 1373, 1333

330, 1373, 567

1373, 2, 553

567, 553, 263

553, 567, 1373

340, 1374, 1375

1374, 74, 1140

1375, 1140, 259

1140, 1375, 1374

340, 1376, 1374

1376, 75, 1377

1374, 1377, 74

1377, 1374, 1376

206, 1378, 1355

1378, 75, 1376

1355, 1376, 340

1376, 1355, 1378

75, 1378, 1380

1378, 206, 1379

1380, 1379, 284

1379, 1380, 1378

220, 1381, 789

1381, 284, 1379

789, 1379, 206

1379, 789, 1381

258, 1382, 1383

1382, 75, 1380

1383, 1380, 284

1380, 1383, 1382

75, 1382, 1385

1382, 258, 1384

1385, 1384, 121

1384, 1385, 1382

258, 1386, 1384

1386, 220, 1387

1384, 1387, 121

1387, 1384, 1386

284, 1381, 1383

1381, 220, 1386

1383, 1386, 258

1386, 1383, 1381

252, 406, 1388

406, 74, 1377

1388, 1377, 75

1377, 1388, 406

121, 1389, 1385

1389, 252, 1388

1385, 1388, 75

1388, 1385, 1389

104, 955, 640

955, 125, 1341

640, 1341, 332

1341, 640, 955

118, 1390, 1392

1390, 292, 1391

1392, 1391, 319

1391, 1392, 1390

118, 1392, 1197

1392, 319, 1393

1197, 1393, 136

1393, 1197, 1392

309, 1394, 1371

1394, 136, 1393

1371, 1393, 319

1393, 1371, 1394

136, 1394, 1396

1394, 309, 1395

1396, 1395, 214

1395, 1396, 1394

189, 1397, 1398

1397, 156, 748

1398, 748, 261

748, 1398, 1397

189, 1398, 1363

1398, 261, 1399

1363, 1399, 120

1399, 1363, 1398

156, 1397, 1330

1397, 189, 1365

1330, 1365, 96

1365, 1330, 1397

174, 1400, 759

1400, 120, 1399

759, 1399, 261

1399, 759, 1400

153, 1090, 757

1090, 239, 1401

757, 1401, 240

1401, 757, 1090

224, 1298, 1290

1298, 184, 1402

1290, 1402, 118

1402, 1290, 1298

320, 1372, 1308

1372, 319, 1391

1308, 1391, 292

1391, 1308, 1372

214, 1403, 1396

1403, 343, 930

1396, 930, 136

930, 1396, 1403

343, 1403, 925

1403, 214, 1256

925, 1256, 276

1256, 925, 1403

260, 412, 1404

412, 252, 1389

1404, 1389, 121

1389, 1404, 412

260, 1404, 1191

1404, 121, 1405

1191, 1405, 267

1405, 1191, 1404

220, 1195, 1387

1195, 267, 1405

1387, 1405, 121

1405, 1387, 1195

309, 1369, 1395

1369, 107, 1254

1395, 1254, 214

1254, 1395, 1369

36, 1406, 1199

1406, 293, 416

1199, 416, 137

416, 1199, 1406

294, 1407, 1241

1407, 55, 1306

1241, 1306, 196

1306, 1241, 1407

294, 1408, 1407

1408, 107, 1368

1407, 1368, 55

1368, 1407, 1408

101, 902, 523

902, 102, 1357

523, 1357, 190

1357, 523, 902

276, 1409, 926

1409, 216, 888

926, 888, 148

888, 926, 1409

216, 1409, 1410

1409, 276, 1255

1410, 1255, 237

1255, 1410, 1409

217, 886, 1252

886, 216, 1410

1252, 1410, 237

1410, 1252, 886

78, 1411, 515

1411, 340, 1375

515, 1375, 259

1375, 515, 1411

268, 717, 1412

717, 137, 417

1412, 417, 223

417, 1412, 717

268, 1412, 803

1412, 223, 414

803, 414, 208

414, 803, 1412

180, 1125, 1324

1125, 177, 764

1324, 764, 212

764, 1324, 1125

174, 758, 1413

758, 240, 1401

1413, 1401, 239

1401, 1413, 758

239, 1052, 1413

1052, 244, 1414

1413, 1414, 174

1414, 1413, 1052

174, 1414, 1415

1414, 244, 1038

1415, 1038, 203

1038, 1415, 1414

120, 1400, 723

1400, 174, 1415

723, 1415, 203

1415, 723, 1400

205, 1416, 711

1416, 118, 1402

711, 1402, 184

1402, 711, 1416

118, 1416, 1390

1416, 205, 1238

1390, 1238, 292

1238, 1390, 1416

293, 1406, 408

1406, 36, 1293

408, 1293, 328

1293, 408, 1406

107, 1408, 1248

1408, 294, 1243

1248, 1243, 346

1243, 1248, 1408

96, 1417, 1331

1417, 197, 1139

1331, 1139, 339

1139, 1331, 1417

96, 1366, 1417

1366, 235, 825

1417, 825, 197

825, 1417, 1366

122, 866, 512

866, 80, 885

512, 885, 123

885, 512, 866

230, 1418, 581

1418, 314, 572

581, 572, 286

572, 581, 1418

31, 1003, 1419

1003, 314, 1418

1419, 1418, 230

1418, 1419, 1003

25, 1000, 582

1000, 31, 1419

582, 1419, 230

1419, 582, 1000

282, 1075, 1420

1075, 353, 770

1420, 770, 262

770, 1420, 1075

282, 1420, 1185

1420, 262, 782

1185, 782, 281

782, 1185, 1420

324, 1291, 1280

1291, 225, 936

1280, 936, 306

936, 1280, 1291

191, 857, 1226

857, 192, 1421

1226, 1421, 165

1421, 1226, 857

131, 1422, 845

1422, 165, 1421

845, 1421, 192

1421, 845, 1422

351, 1260, 1270

1260, 165, 1422

1270, 1422, 131

1422, 1270, 1260

78, 521, 1411

521, 190, 1356

1411, 1356, 340

1356, 1411, 521

246, 915, 1423

915, 178, 1322

1423, 1322, 193

1322, 1423, 915

193, 1097, 1423

1097, 279, 917

1423, 917, 246

917, 1423, 1097

162, 1104, 611

1104, 236, 1059

611, 1059, 157

1059, 611, 1104
