
-0.0210900001526
-0.0520200004578
0.00568000030518

0.0528899993896
-0.0196599998474
0.00369999694824

0.0251200008392
-0.0801800003052
0.0510899963379

-0.0180200004578
0.0662099990845
0.0871900024414

-0.0481100006104
0.0405499992371
0.182990005493

-0.0665500030518
0.0234300003052
0.171789993286

0.0564399986267
-0.00857199954987
0.0029700012207

0.0590400009155
0.00581500005722
0.0049700012207

0.0690599975586
-0.00116700005531
0.0154899978638

0.0417700004578
0.0195900001526
0.00308000183105

-0.0655599975586
0.0407000007629
0.163990005493

-0.00452400016785
0.0366500015259
0.16538999939

0.0443499984741
-0.0577700004578
0.0203899993896

-0.0642799987793
0.0459099998474
0.13338999939

-0.0265
0.0644199981689
0.0150899963379

-0.0592799987793
0.0370499992371
0.180689987183

-0.0612700004578
0.0269500007629
0.184189987183

-0.0875100021362
-0.0119399995804
0.0479900054932

0.0609900016785
-0.014779999733
0.00680000305176

-0.0419900016785
0.0276599998474
0.197689987183

-0.0699300003052
0.0332099990845
0.165190002441

-0.0731800003052
0.0269899997711
0.152289993286

0.0705699996948
-0.0321899986267
0.0666900024414

-0.0827900009155
0.00397300004959
0.0190899963379

-0.0784199981689
-0.0117100000381
0.0131900024414

-0.0110799999237
-0.0614700012207
0.00929000091553

0.0332999992371
-0.0623600006104
0.0109899978638

0.0263299999237
-0.0741200027466
0.0252900009155

0.0633899993896
-0.0214300003052
0.249990005493

0.0500400009155
-0.0165900001526
0.252789993286

-0.0544599990845
0.0615600013733
0.0323899993896

-0.00498299980164
-0.0575699996948
0.00504000091553

0.0447099990845
-0.0556300010681
0.221490005493

0.0651900024414
-0.0274400005341
0.249689987183

0.06
-0.0323499984741
0.252189987183

0.0268899993896
-0.0785800018311
0.0894900054932

0.0486800003052
-0.0442299995422
0.241189987183

0.0338499984741
-0.0772600021362
0.0478899993896

0.0557599983215
-0.0482200012207
0.225289993286

0.0808499984741
-0.00635900020599
0.0736900024414

0.0205
-0.0499099998474
0.0030299987793

0.0771500015259
0.00524300003052
0.11488999939

0.0763799972534
0.00950100040436
0.109789993286

0.0111499996185
-0.0686500015259
0.13988999939

-0.0275599994659
0.0702300033569
0.0515899963379

-0.00398399996758
0.0544900016785
0.133190002441

0.0282600002289
0.0238500003815
0.226090011597

0.0237700004578
-0.000893000006676
0.246090011597

0.0410200004578
0.00571500015259
0.000540000915527

-0.0585099983215
0.0451599998474
0.162289993286

-0.0423499984741
0.0547599983215
0.00580999755859

-0.0452799987793
0.0617200012207
0.0143899993896

-0.0547299995422
0.0525800018311
0.0132900009155

-0.0496100006104
0.0177999992371
0.195689987183

-0.0154099998474
-0.0143999996185
0.222189987183

0.0227600002289
-0.0162000007629
0.252990005493

-0.0854700012207
-0.0125600004196
0.0292900009155

-0.0571300010681
-0.0325900001526
0.009

-0.0618400001526
-0.0355499992371
0.0177900009155

-0.0586100006104
-0.0380699996948
0.0775899963379

-0.00560500001907
-0.0471199989319
0.21738999939

-0.0369799995422
0.0437900009155
0.00351999664307

-0.0674400024414
0.00385500001907
0.00595999908447

0.0451699981689
-0.0415
0.250789993286

0.0302700004578
-0.0733000030518
0.128089996338

0.0499900016785
-0.0393499984741
0.252590011597

-0.0308400001526
-0.0489399986267
0.00723999786377

0.0546599998474
-0.06075
0.0791900024414

0.0511500015259
-0.0620499992371
0.114289993286

0.0644300003052
-0.0383899993896
0.23438999939

-0.0192199993134
-0.0496599998474
0.00405999755859

0.0773499984741
-0.00665199995041
0.0433899993896

0.0790500030518
0.00295900011063
0.0518899993896

0.0783099975586
-0.00549100017548
0.117990005493

0.0724000015259
-0.0187800006866
0.230689987183

0.0676900024414
-0.015970000267
0.238990005493

0.0334199981689
-0.0118599996567
0.00201000213623

0.0746699981689
0.00906599998474
0.0369899978638

0.0685599975586
0.00255800008774
0.226590011597

0.0170400009155
0.0415200004578
0.170990005493

0.0256800003052
0.0328300018311
0.212689987183

0.0456599998474
-0.00398399996758
0.24588999939

-0.0326899986267
0.0632999992371
0.0973899993896

-0.0252600002289
0.0539000015259
0.122789993286

-0.0549399986267
0.0434099998474
0.00776999664307

-0.0873799972534
0.00434000015259
0.0572899932861

-0.0698700027466
-0.00954100036621
0.00594999694824

-0.0709700012207
-0.0143000001907
0.107990005493

-0.0579900016785
-0.0164200000763
0.132589996338

-0.0758099975586
-0.0271399993896
0.0368899993896

-0.0361599998474
0.0701100006104
0.0671900024414

0.0227399997711
-0.0711800003052
0.14138999939

0.0313199996948
-0.0588100013733
0.227090011597

0.000631600022316
0.0592700004578
0.0411900024414

-0.00432100009918
-0.0694899978638
0.0516900024414

0.0125399999619
-0.0567200012207
0.216490005493

-0.0515699996948
0.0349700012207
0.116289993286

-0.0548199996948
-0.014
0.00370999908447

0.0660100021362
-0.0347099990845
0.245689987183

-0.0352299995422
-0.0511599998474
0.0131900024414

0.0404199981689
0.0281800003052
0.0070299987793

0.0465699996948
0.0220900001526
0.226590011597

0.0517400016785
0.00915200042725
0.235490005493

-0.0155399999619
0.0543199996948
0.00487999725342

-0.0630099983215
0.0375800018311
0.0114899978638

-0.0746999969482
0.0329399986267
0.132490005493

-0.0695800018311
0.0411699981689
0.10238999939

0.0144099998474
-0.0110799999237
0.247189987183

0.0680999984741
-0.0267000007629
0.24538999939

0.0467900009155
-0.0314400005341
0.00526999664307

-0.0507000007629
0.0399500007629
0.15788999939

0.00166499996185
0.0296800003052
0.19388999939

-0.0362099990845
0.0685299987793
0.0272900009155

0.0445
-0.0440800018311
0.00683999633789

-0.0413199996948
0.0405099983215
0.117490005493

-0.0227299995422
-0.00074849998951
0.189590011597

-0.0868300018311
0.00662099981308
0.0351900024414

-0.0771900024414
-0.00104600000381
0.0103899993896

0.0267700004578
-0.03325
0.24338999939

0.00690000009537
-0.0729000015259
0.0218899993896

-0.0577299995422
0.0181800003052
0.119289993286

0.0651699981689
-0.0237800006866
0.241090011597

0.0243600006104
0.0355600013733
0.19438999939

0.0347400016785
0.0318400001526
0.209189987183

-0.0599099998474
0.0466399993896
0.144089996338

-0.0716900024414
0.0163500003815
0.0100899963379

0.0231399993896
-0.0541399993896
0.235490005493

-0.0695800018311
0.0407999992371
0.0708899993896

-0.0657799987793
0.0203999996185
0.141490005493

-0.0710800018311
0.0217000007629
0.147190002441

-0.00520699977875
0.0246499996185
0.18338999939

-0.00338000011444
0.0263799991608
0.189189987183

0.0583800010681
-0.0123100004196
0.248990005493

0.0713899993896
-0.0123500003815
0.185490005493

-0.0545600013733
0.0448699989319
0.15388999939

-0.0572000007629
0.0183299999237
0.18688999939

0.0164099998474
-0.0222600002289
0.243189987183

0.0521599998474
-0.04225
0.244789993286

-0.0281599998474
0.0120500001907
0.186490005493

-0.0253500003815
-0.0466300010681
0.00430999755859

-0.0140200004578
-0.0414599990845
0.00263999938965

0.0671200027466
-0.0310400009155
0.24688999939

0.0238899993896
-0.000588199973106
0.238689987183

-0.0328499984741
0.0316700000763
0.183590011597

-0.0696200027466
-0.0187700004578
0.00847999572754

-0.0454000015259
0.0276200008392
0.169990005493

-0.0207099990845
-0.0570299987793
0.00979000091553

-0.0167000007629
0.00973799991608
0.186789993286

0.00632600021362
-0.0125200004578
0.234189987183

-0.0418899993896
0.0252800006866
0.129289993286

-0.0538300018311
0.0407200012207
0.126089996338

0.0154600000381
-0.0256499996185
0.23988999939

-0.0548600006104
0.0461399993896
0.111490005493

-0.0690599975586
0.0192199993134
0.134490005493

-0.00671999979019
0.0221599998474
0.21088999939

-0.0773199996948
0.0085609998703
0.0972899932861

-0.0533499984741
0.0342900009155
0.122190002441

-0.0254200000763
-0.0266499996185
0.196990005493

0.0440400009155
-0.0416199989319
0.244289993286

0.0231100006104
-0.00196700000763
0.241990005493

0.00804300022125
0.0299400005341
0.211189987183

-0.0484500007629
0.0451199989319
0.110089996338

-0.0254899997711
-0.0176000003815
0.205490005493

-0.0423899993896
0.0509799995422
0.107089996338

-0.0215200004578
0.0282299995422
0.197090011597

-0.0122899999619
0.02225
0.188990005493

-0.0185
0.0162199993134
0.188090011597

-0.0167999992371
0.0156800003052
0.210289993286

0.0188799991608
-0.00472900009155
0.242289993286

-0.0607599983215
0.0226299991608
0.135490005493

0.002992000103
0.0317600002289
0.184789993286

-0.0804800033569
-0.0179699993134
0.0746900024414

-0.07775
0.0182600002289
0.0907899932861

0.0620400009155
0.0131599998474
0.21488999939

-0.0638699989319
0.0135799999237
0.120289993286

-0.0603899993896
0.0460699996948
0.115089996338

0.0131599998474
0.035
0.19088999939

-0.0516199989319
0.0362200012207
0.150089996338

-0.0245400009155
0.0042389998436
0.210189987183

-0.0722699966431
0.0095670003891
0.11288999939

-0.0534599990845
0.0411800003052
0.13738999939

-0.0278799991608
-0.00607100009918
0.196689987183

0.0676699981689
-0.0289699993134
0.246689987183

-0.0475400009155
-0.00402199983597
0.143589996338

0.0361800003052
-0.0391300010681
0.244090011597

-0.0481800003052
-0.046
0.0273899993896

-0.0356899986267
-0.0149499998093
0.167289993286

-0.0434300003052
0.0380200004578
0.175689987183

0.0723199996948
-0.0294300003052
0.108990005493

-0.0537299995422
0.0277099990845
0.117589996338

0.0589500007629
0.0132899999619
0.229990005493

-0.0230699996948
0.0271800003052
0.187990005493

-0.00906599998474
0.0270599994659
0.193990005493

-0.0349500007629
0.00291700005531
0.202590011597

-0.0138599996567
-0.05175
0.169090011597

-0.0385200004578
-0.0308400001526
0.00280000305176

0.0361599998474
-0.00343099999428
0.250490005493

-0.0506500015259
0.0417099990845
0.113490005493

-0.0167000007629
0.0454000015259
0.141589996338

-0.0519199981689
0.0533899993896
0.0949900054932

-0.0521500015259
0.0227700004578
0.167490005493

-0.0225
0.00213599991798
0.177590011597

-0.0553100013733
0.00875399971008
0.124089996338

-0.0605099983215
0.0118000001907
0.119589996338

-0.0617099990845
0.0021099998951
0.121490005493

0.0342400016785
-0.0378699989319
0.24988999939

0.0577099990845
-0.0101899995804
0.240990005493

0.0643499984741
0.0211299991608
0.0532899932861

0.0625
-0.0353300018311
0.242789993286

-0.0362000007629
0.0243199996948
0.178590011597

-0.0482700004578
0.0332200012207
0.16288999939

-0.0515999984741
0.0310699996948
0.155190002441

-0.0537400016785
0.0322799987793
0.137289993286

-0.0242600002289
-0.0583800010681
0.0171900024414

0.01375
-0.0156899995804
0.243789993286

-0.0331199989319
0.0284200000763
0.18088999939

0.0152899999619
-0.00351600003242
0.23588999939

0.0198700008392
-0.00363899993896
0.239990005493

0.0299599990845
0.000717299997807
0.238189987183

0.0657099990845
-0.0217800006866
0.24538999939

0.0639599990845
-0.0204500007629
0.242689987183

-0.0545900001526
0.0273199996948
0.15188999939

0.0556199989319
-0.0415299987793
0.248689987183

0.0589199981689
-0.0398300018311
0.244289993286

0.0379900016785
-0.0408400001526
0.24188999939

0.0205599994659
-0.0320999984741
0.240689987183

-0.0435400009155
0.0345900001526
0.171590011597

-0.0337400016785
0.0318600006104
0.194189987183

-0.0200799999237
0.0242900009155
0.203789993286

0.0556199989319
-0.0474399986267
0.179990005493

-0.00509600019455
-0.0632999992371
0.0094700012207

-0.0336599998474
-0.000153600007296
0.19588999939

-0.0422200012207
0.0108900003433
0.185490005493

-0.0772699966431
0.0276599998474
0.0741900024414

-0.0233500003815
0.00449900007248
0.189689987183

-0.0485
0.038
0.114490005493

-0.0254799995422
-0.0129300003052
0.19488999939

0.0157899999619
-0.0103599996567
0.24188999939

-0.0592400016785
0.0475699996948
0.103690002441

-0.0685100021362
0.0146099996567
0.121990005493

-0.0644400024414
0.0184400005341
0.126990005493

-0.0658899993896
0.0445600013733
0.118289993286

-0.0596699981689
0.0507999992371
0.0799900054932

-0.0110200004578
0.0177000007629
0.180689987183

-0.0666800003052
0.00853699970245
0.117490005493

-0.0247099990845
0.0226900005341
0.185490005493

-0.0264400005341
-0.00882699966431
0.208990005493

-0.0712600021362
0.0185100002289
0.12788999939

-0.0512999992371
0.0138599996567
0.184590011597

-0.0238299999237
0.0288199996948
0.190990005493

-0.0551800003052
0.0436699981689
0.126190002441

0.0334900016785
0.0403100013733
0.141089996338

0.0664100036621
-0.0278999996185
0.23988999939

0.0661399993896
-0.0321100006104
0.204189987183

-0.0568800010681
0.0263999996185
0.139990005493

-0.0271800003052
-0.0364199981689
0.178490005493

-0.0861699981689
-0.00143400001526
0.0711900024414

0.0425800018311
-0.00284500002861
0.24088999939

0.0648799972534
-0.0199799995422
0.24038999939

0.0716100006104
-0.00603800010681
0.22438999939

0.0657099990845
-0.0283700008392
0.243789993286

-0.0589700012207
0.0226700000763
0.124190002441

-0.0597900009155
0.0220200004578
0.156089996338

0.00966100025177
-0.0753600006104
0.0305899963379

-0.0613199996948
0.0545
0.0544900054932

0.0195699996948
0.00530700016022
0.23338999939

0.0630200004578
0.0162299995422
0.0187900009155

0.0658199996948
-0.0251200008392
0.243990005493

0.0600299987793
-0.0410900001526
0.24588999939

0.0385499992371
-0.0630999984741
0.16388999939

0.0311200008392
-0.0629099998474
0.18638999939

-0.0315499992371
0.0028069999218
0.191789993286

-0.084
-0.00674100017548
0.0206900024414

-0.0267000007629
-0.0145
0.18838999939

0.0535600013733
-0.0307399997711
0.0070299987793

-0.0743199996948
0.0204799995422
0.121589996338

0.0135100002289
-0.0128599996567
0.23938999939

-0.05275
0.0489000015259
0.105289993286

-0.0124499998093
0.0256299991608
0.169189987183

-0.0303700008392
-0.00563700008392
0.202289993286

-0.0420900001526
0.00679799985886
0.194090011597

-0.0541899986267
0.0188199996948
0.17338999939

-0.0606500015259
0.0190599994659
0.173289993286

-0.0357700004578
0.0344300003052
0.185490005493

0.0634399986267
-0.0168700008392
0.240289993286

0.0372599983215
0.0374900016785
0.0259899978638

-0.00800899982452
-0.0653300018311
0.0158899993896

0.02425
-0.0646600036621
0.180090011597

-0.00372199988365
-0.0289099998474
0.23088999939

0.0680800018311
-0.0286299991608
0.245090011597

0.0694700012207
0.00323200011253
0.179490005493

0.0424000015259
-0.0447200012207
0.240990005493

0.0309200000763
-0.0320600013733
0.25288999939

0.0557400016785
-0.0416500015259
0.241090011597

0.0223600006104
-0.00740299987793
0.25138999939

-0.0766699981689
-0.0215900001526
0.0181900024414

-0.0713099975586
0.0153599996567
0.121089996338

-0.0488400001526
0.0418800010681
0.17188999939

-0.0695999984741
0.0415699996948
0.14188999939

-0.0695500030518
-0.00143700003624
0.11288999939

-0.0534099998474
0.0200200004578
0.119490005493

0.0374700012207
-0.0372000007629
0.252789993286

0.0474700012207
0.0256399993896
0.214189987183

-0.0494000015259
0.0304799995422
0.117289993286

-0.0433100013733
0.0193199996948
0.17738999939

-0.0506800003052
0.0272199993134
0.16288999939

0.0124499998093
-0.0443899993896
0.236490005493

0.00990699958801
-0.0241800003052
0.237289993286

0.00454099988937
0.0385999984741
0.00226000213623

0.0140399999619
-0.0178500003815
0.24838999939

0.0671399993896
-0.0260599994659
0.247090011597

0.0803300018311
0.00490399980545
0.0743899993896

0.0455099983215
-0.0659800033569
0.0421900024414

0.0392099990845
-0.0763399963379
0.0747899932861

0.00854500007629
-0.0679800033569
0.0110899963379

-0.0103999996185
0.00195799994469
0.000150001525879

-0.00538000011444
-0.0427999992371
0.225990005493

-0.0161499996185
-0.0381500015259
0.210289993286

-0.0188799991608
-0.0292800006866
0.217490005493

0.0200900001526
-0.0257600002289
0.250090011597

0.0204799995422
-0.0220699996948
0.252789993286

-0.0450099983215
0.0664300003052
0.0248899993896

0.0040689997673
0.0405099983215
0.167289993286

0.000122900001705
0.0551500015259
0.0125899963379

0.0288700008392
-0.0437299995422
0.240689987183

0.0728799972534
0.0153100004196
0.0811900024414

0.0387099990845
-0.0526399993896
0.239189987183

0.0431599998474
-0.0554000015259
0.23538999939

0.0513899993896
-0.0502299995422
0.237490005493

0.0381699981689
-0.0736800003052
0.108089996338

0.0166800003052
-0.0762399978638
0.0276900024414

0.0373600006104
-0.0673399963379
0.0231900024414

-0.0764599990845
0.0177199993134
0.0160899963379

-0.0715800018311
0.0350299987793
0.0284899978638

0.0176200008392
-0.00468400001526
0.244490005493

0.0480200004578
-0.0458300018311
0.0110899963379

-0.00280200004578
0.00868500041962
0.222590011597

0.0499300003052
-0.00627299976349
0.249189987183

0.0632299995422
-0.0250799999237
0.0197900009155

-0.053
0.0413699989319
0.11838999939

0.0675899963379
-0.004367000103
0.236789993286

-0.07975
-0.00657299995422
0.0900899963379

-0.0648899993896
0.0343899993896
0.175689987183

0.0133999996185
-0.018
0.240189987183

-0.0360800018311
-0.0267900009155
0.16938999939

-0.0585800018311
0.0459300003052
0.126690002441

0.0186499996185
-0.00437400007248
0.247590011597

-0.0626199989319
0.0455900001526
0.151190002441

-0.0478800010681
0.0660100021362
0.0671900024414

-0.0425600013733
0.0699599990845
0.0439900054932

0.00970699977875
0.0459099998474
0.00633000183105

-0.00963099956512
0.0188199996948
0.185189987183

-0.0575999984741
-0.029
0.123589996338

-0.0670299987793
0.0207199993134
0.151690002441

0.0641200027466
0.0192000007629
0.150589996338

-0.00711899995804
0.0271800003052
0.200990005493

0.0545400009155
-0.0527099990845
0.144089996338

0.0612999992371
-0.0486800003052
0.111190002441

0.0638899993896
-0.0400499992371
0.14588999939

0.0468499984741
-0.0559199981689
0.17488999939

0.0450699996948
-0.0625999984741
0.141490005493

0.0384199981689
-0.0691699981689
0.13138999939

0.0433300018311
-0.0696200027466
0.11238999939

0.0341899986267
-0.0743300018311
0.115690002441

0.0335
-0.0691699981689
0.144289993286

0.0537299995422
-0.0617000007629
0.0925899963379

0.0636500015259
-0.0472599983215
0.0886900024414

0.0300900001526
-0.0769800033569
0.106589996338

0.0341199989319
-0.0773300018311
0.0958899993896

0.0455600013733
-0.0706699981689
0.0929900054932

0.0467000007629
-0.0702900009155
0.0768899993896

0.0392700004578
-0.0752300033569
0.0925899963379

0.0334799995422
-0.0789400024414
0.0799900054932

0.0621800003052
-0.0488600006104
0.0738899993896

0.0725100021362
-0.0312900009155
0.0818899993896

0.0778000030518
-0.0175599994659
0.0718899993896

0.0785899963379
-0.0163500003815
0.0869900054932

0.0806900024414
-0.0065110001564
0.0914900054932

0.0775500030518
-0.0141599998474
0.11288999939

0.0730299987793
-0.0188999996185
0.14888999939

0.0743000030518
-0.00948400020599
0.149990005493

0.0298400001526
-0.0675899963379
0.158589996338

0.0340800018311
-0.0634000015259
0.17688999939

0.0687799987793
-0.0294500007629
0.162589996338

0.0619599990845
-0.0393199996948
0.188590011597

0.0700599975586
-0.0217299995422
0.191189987183

0.0412000007629
-0.0580999984741
0.195289993286

0.0492700004578
-0.0525800018311
0.204590011597

0.0365499992371
-0.0595600013733
0.20538999939

0.0605200004578
-0.0417900009155
0.217189987183

0.0554399986267
-0.0473300018311
0.209789993286

0.0512000007629
-0.0519900016785
0.224289993286

0.0382099990845
-0.0579500007629
0.224789993286

0.0314699993134
-0.0606699981689
0.207789993286

0.0716800003052
-0.0156700000763
0.21388999939

0.0698899993896
-0.0252399997711
0.219289993286

0.0693899993896
-0.0292700004578
0.231789993286

0.0656999969482
-0.0355299987793
0.225189987183

0.06
-0.04425
0.230189987183

0.0440699996948
-0.0555699996948
0.232689987183

0.0390900001526
-0.0568499984741
0.233789993286

0.0579099998474
-0.0455800018311
0.236090011597

0.0540900001526
-0.0500499992371
0.232990005493

0.0489799995422
-0.0533699989319
0.232990005493

0.0463899993896
-0.0537999992371
0.236289993286

0.06675
-0.0320400009155
0.237490005493

0.0697300033569
-0.0245100002289
0.236689987183

0.0595999984741
-0.0411599998474
0.238590011597

0.0544700012207
-0.0451500015259
0.239289993286

0.0632200012207
-0.0364099998474
0.239289993286

0.0597400016785
-0.0384599990845
0.241590011597

0.0645299987793
-0.0320800018311
0.241189987183

0.0651299972534
-0.0285699996948
0.242189987183

0.0646299972534
-0.0314799995422
0.243490005493

0.0603300018311
-0.0383699989319
0.243789993286

0.0575200004578
-0.0399399986267
0.243189987183

0.0537000007629
-0.04175
0.24288999939

0.0565099983215
-0.0412000007629
0.244289993286

0.0508600006104
-0.0642099990845
0.0641900024414

0.0591699981689
-0.0488699989319
0.0547899932861

0.0421899986267
-0.0733600006104
0.0594900054932

0.0757699966431
-0.0173700008392
0.0549900054932

0.0796600036621
-0.00723299980164
0.0593899993896

0.0361500015259
-0.0774400024414
0.0575899963379

0.0372700004578
-0.0747600021362
0.0453899993896

0.0309400005341
-0.079
0.0503899993896

0.0324199981689
-0.0797099990845
0.0645899963379

0.0561699981689
-0.0454500007629
0.0332900009155

0.0676399993896
-0.0292999992371
0.0440899963379

0.0724400024414
-0.0141400003433
0.0333899993896

0.0521300010681
-0.0455099983215
0.0201900024414

0.0460800018311
-0.0595299987793
0.0276900024414

0.0310699996948
-0.0765299987793
0.0385899963379

0.0350999984741
-0.0725800018311
0.0324899978638

0.0333800010681
-0.0699100036621
0.0230899963379

0.0395999984741
-0.0680100021362
0.0287900009155

0.04025
-0.0644899978638
0.0227900009155

0.0258299999237
-0.07825
0.0380899963379

0.0685800018311
-0.0104399995804
0.0170899963379

0.0734899978638
-0.00395700001717
0.0270899963379

0.0463899993896
-0.0512700004578
0.0149899978638

0.0540299987793
-0.0374799995422
0.0130899963379

0.0396899986267
-0.0609000015259
0.0159899978638

0.0419000015259
-0.0543800010681
0.0110899963379

0.0275300006866
-0.0689599990845
0.0158899993896

0.0353400001526
-0.0660400009155
0.0179899978638

0.0578600006104
-0.0272800006866
0.00998999786377

0.0516699981689
-0.0372799987793
0.0090299987793

0.0630099983215
-0.0172099990845
0.0103899993896

0.0579099998474
-0.0231100006104
0.00708000183105

0.037
0.0394199981689
0.0714900054932

0.0197700004578
0.0489700012207
0.0384900054932

0.0151700000763
0.0519300003052
0.0796900024414

0.0537700004578
0.0280799999237
0.0463899993896

0.0537900009155
0.0288899993896
0.0848899993896

0.00340000009537
0.0567599983215
0.108089996338

-0.00736299991608
0.0630200004578
0.0697899932861

0.0590400009155
0.0254099998474
0.107789993286

0.0680899963379
0.0188799991608
0.0689900054932

0.0101599998474
0.0510299987793
0.138490005493

-0.00975399971008
0.0607000007629
0.112690002441

-0.0161100006104
0.0666699981689
0.0458899993896

-0.0233999996185
0.0692200012207
0.0655899963379

-0.0300799999237
0.0696399993896
0.0755899963379

-0.0327000007629
0.0708199996948
0.0618899993896

0.0023029999733
0.0568199996948
0.0202900009155

0.0159399995804
0.0486599998474
0.0159899978638

0.0052610001564
0.0503199996948
0.00905000305176

0.0230400009155
0.0422900009155
0.0104899978638

0.0403699989319
0.03225
0.0115899963379

0.0238500003815
0.0385299987793
0.00651000213623

0.0712699966431
0.0148999996185
0.0421900024414

0.0754100036621
0.0121199998856
0.0549900054932

0.0645800018311
0.0190900001526
0.0319899978638

0.0539000015259
0.0255499992371
0.0211900024414

0.0534500007629
0.0218199996948
0.0117900009155

0.0784300003052
0.00940799999237
0.0711900024414

0.0780500030518
0.00781199979782
0.0539900054932

0.0697099990845
0.0121199998856
0.0264899978638

0.0776200027466
0.00509700012207
0.0451900024414

0.0795999984741
0.00419799995422
0.0583899993896

0.0613699989319
0.0116800003052
0.0106900024414

0.0527799987793
0.0171499996185
0.00658000183105

0.0721600036621
0.00466300010681
0.0244899978638

0.0674100036621
0.00767999982834
0.0161900024414

-0.0129399995804
0.0638100013733
0.0251900024414

-0.0246299991608
0.0682300033569
0.0334899978638

0.0538600006104
0.0278299999237
0.147789993286

0.0677600021362
0.0189300003052
0.113789993286

-0.0122100000381
0.0604900016785
0.0136900024414

0.0720999984741
0.0131000003815
0.125289993286

0.0763000030518
0.0117700004578
0.0940899963379

0.0790800018311
0.0078639998436
0.0895899963379

0.0769000015259
0.00726800012589
0.112990005493

0.0792699966431
0.00494600009918
0.0969900054932

0.0776100006104
0.00146300005913
0.11738999939

0.0805100021362
-6.83699995279e-05
0.0934900054932

0.0104099998474
0.04675
0.15488999939

0.0217099990845
0.0429199981689
0.163490005493

0.0728000030518
0.00818799972534
0.139289993286

0.0678399963379
0.0115100002289
0.16438999939

0.0742699966431
0.00439099979401
0.137490005493

0.0738700027466
-0.00176100003719
0.150089996338

0.0288700008392
0.0379599990845
0.180189987183

0.0221499996185
0.0384900016785
0.181490005493

0.0438899993896
0.0315499992371
0.185490005493

0.0548600006104
0.0241200008392
0.184490005493

0.06225
0.0162299995422
0.189289993286

0.0567200012207
0.0191200008392
0.213490005493

0.0657099990845
0.00887699985504
0.200789993286

0.0356500015259
0.0347400016785
0.190990005493

0.0392799987793
0.0301000003815
0.210990005493

0.0307299995422
0.0342599983215
0.199789993286

0.0654300003052
0.00773000001907
0.222289993286

0.0685400009155
0.002625
0.213490005493

0.0705899963379
-0.0020039999485
0.225789993286

0.0701699981689
-0.00244199991226
0.209490005493

0.0709400024414
-0.00473400020599
0.184289993286

0.0713000030518
-0.00825500011444
0.210590011597

0.0535
0.01975
0.22538999939

0.0603100013733
0.0136599998474
0.226590011597

0.0650100021362
0.00692199993134
0.230189987183

0.0460099983215
0.0238199996948
0.224689987183

0.052
0.0190599994659
0.227789993286

-0.0370200004578
-0.0464900016785
0.11488999939

-0.0334099998474
-0.0530800018311
0.0703899993896

-0.0117700004578
-0.0607200012207
0.110690002441

0.00608400011063
-0.0703300018311
0.104190002441

0.00183800005913
-0.0626300010681
0.15438999939

0.0176700000763
-0.0744300003052
0.108990005493

0.015470000267
-0.0768000030518
0.0739900054932

-0.0390099983215
-0.0401100006104
0.142589996338

-0.05975
-0.03325
0.104490005493

0.0246299991608
-0.0754700012207
0.11538999939

0.0181000003815
-0.07025
0.143289993286

0.0257099990845
-0.0800299987793
0.0670899963379

0.0151199998856
-0.0780899963379
0.0503899993896

-0.0715800018311
-0.0234200000763
0.0954900054932

-0.0732699966431
-0.0270699996948
0.0757899932861

-0.0754800033569
-0.0164400005341
0.0945899963379

-0.0678700027466
-0.0202600002289
0.111190002441

-0.0589300003052
-0.0229799995422
0.128990005493

-0.0657099990845
-0.0155900001526
0.119190002441

-0.0472900009155
-0.0233199996948
0.14988999939

-0.0463899993896
-0.0287900009155
0.148490005493

-0.0237800006866
-0.0420499992371
0.175990005493

-0.0382299995422
-0.0352099990845
0.156089996338

-0.0331300010681
-0.0318899993896
0.171689987183

-0.0536500015259
-0.0429500007629
0.0476900024414

-0.0316800003052
-0.0556800003052
0.0363899993896

-0.0640899963379
-0.0362099990845
0.0336900024414

-0.0702900009155
-0.0317800006866
0.0538899993896

-0.0793000030518
-0.0232600002289
0.0560899963379

0.0162900009155
-0.0781600036621
0.0394900054932

0.00600199985504
-0.0745100021362
0.0346900024414

-0.0326699981689
-0.0545800018311
0.0212900009155

-0.0183999996185
-0.0625
0.0252900009155

-0.0686800003052
-0.032
0.0243899993896

-0.0565299987793
-0.0401599998474
0.0211900024414

-0.00621999979019
-0.0683300018311
0.0257900009155

0.00132500004768
-0.0713099975586
0.0243899993896

-0.0162600002289
-0.0620900001526
0.0170899963379

-0.0766699981689
-0.0247199993134
0.0249899978638

-0.0699700012207
-0.0290300006866
0.0181900024414

0.0015
-0.0701999969482
0.0193899993896

0.00778999996185
-0.0739400024414
0.0252900009155

0.011529999733
-0.0746500015259
0.0240899963379

0.01475
-0.0767699966431
0.0311900024414

-0.0495299987793
-0.0429799995422
0.0151900024414

-0.0417200012207
-0.0488600006104
0.0177900009155

-0.0298199996948
-0.0549700012207
0.0148899993896

0.00649499988556
-0.0712900009155
0.0177900009155

-0.000867900013924
-0.0670400009155
0.0133899993896

-0.0222700004578
-0.0579799995422
0.0128899993896

-0.0159399995804
-0.0606699981689
0.0121900024414

-0.0597599983215
-0.0347799987793
0.0134899978638

-0.0454599990845
-0.0432400016785
0.0111900024414

-0.0683000030518
-0.0268999996185
0.0129899978638

-0.0260300006866
-0.0554000015259
0.0111900024414

-0.0155600004196
-0.0594799995422
0.00951000213623

-0.0108199996948
-0.0629099998474
0.0113899993896

-0.00633799982071
-0.0642099990845
0.0113899993896

-0.00756799983978
-0.0628300018311
0.00962000274658

-0.0819800033569
-0.0172099990845
0.0240899963379

-0.0821600036621
-0.0194899997711
0.0315899963379

-0.0759800033569
-0.010970000267
0.0974900054932

-0.0814800033569
-0.0119399995804
0.0823899993896

-0.0848899993896
-0.0155799999237
0.0579900054932

-0.0831900024414
-0.0193700008392
0.0435899963379

-0.0865299987793
-0.0125699996948
0.0370899963379

-0.0819800033569
-0.0139399995804
0.0198899993896

-0.0853399963379
-0.00925199985504
0.0249899978638

-0.0812600021362
-0.0100600004196
0.0163899993896

-0.0787099990845
-0.0159499998093
0.0155899963379

-0.0855500030518
-0.0100399999619
0.0696900024414

-0.0880299987793
-0.00777099990845
0.0592899932861

-0.0837099990845
-0.00495300006866
0.0796900024414

-0.0255
-0.0324000015259
0.189490005493

-0.0289400005341
-0.0274699993134
0.184990005493

0.0018370000124
-0.0560299987793
0.197189987183

0.0109600000381
-0.0632000007629
0.177090011597

-0.00640700006485
-0.0492799987793
0.206090011597

0.000392500013113
-0.05075
0.218590011597

0.0182800006866
-0.0651399993896
0.175090011597

-0.0140900001526
-0.04425
0.19838999939

-0.0203700008392
-0.0377999992371
0.19488999939

-0.0103800001144
-0.0435699996948
0.214490005493

-0.0214500007629
-0.03275
0.20388999939

-0.0222600002289
-0.0289599990845
0.208590011597

-0.0176200008392
-0.0345
0.215289993286

-0.0234599990845
-0.0231200008392
0.210289993286

-0.0247600002289
-0.0227700004578
0.203189987183

-0.0766399993896
0.0288600006104
0.0503899993896

-0.08025
0.0205599994659
0.0326900024414

-0.0827799987793
0.0176299991608
0.0502899932861

-0.0732699966431
0.0351399993896
0.0715899963379

-0.0714199981689
0.0380499992371
0.0531900024414

-0.0831900024414
0.0147899999619
0.0632899932861

-0.0878000030518
0.00504400014877
0.0484900054932

-0.0663000030518
0.0467599983215
0.0427899932861

-0.0660400009155
0.0467599983215
0.0610899963379

-0.0747600021362
0.0246399993896
0.0190899963379

-0.0816999969482
0.0134200000763
0.0235899963379

-0.0829400024414
0.0114899997711
0.0712899932861

-0.0780599975586
0.0227800006866
0.0855899963379

-0.0874100036621
0.000948700010777
0.0628899993896

-0.0824300003052
0.00831900024414
0.0782899932861

-0.0850500030518
0.00496700000763
0.0246900024414

-0.0808499984741
0.00968200016022
0.0182900009155

-0.0588699989319
0.0578300018311
0.0436900024414

-0.0626399993896
0.0502599983215
0.0289899978638

-0.0551399993896
0.0613100013733
0.0592899932861

-0.0516300010681
0.0655299987793
0.0493899993896

-0.0542900009155
0.0583699989319
0.0734900054932

-0.0599500007629
0.0539000015259
0.0672899932861

-0.0650699996948
0.0461300010681
0.0762899932861

-0.0561899986267
0.0558300018311
0.0206900024414

-0.0621199989319
0.0462599983215
0.0181900024414

-0.0500499992371
0.0578600006104
0.0135899963379

-0.0507200012207
0.0616599998474
0.0207900009155

-0.0696699981689
0.0274500007629
0.0128899993896

-0.0662200012207
0.0369300003052
0.0151900024414

-0.0590099983215
0.0456899986267
0.0122900009155

-0.0493800010681
0.0596699981689
0.0834900054932

-0.0556300010681
0.0530800018311
0.0868899993896

-0.0455600013733
0.0645800018311
0.0201900024414

-0.0486699981689
0.0652799987793
0.0272900009155

-0.0484399986267
0.0673799972534
0.0393899993896

-0.0454900016785
0.0692099990845
0.0536900024414

-0.0443100013733
0.0681200027466
0.0316900024414

-0.0413699989319
0.0653700027466
0.0818899993896

-0.0436699981689
0.0587999992371
0.0944900054932

-0.0349199981689
0.0682200012207
0.0798899993896

-0.0409799995422
0.0692300033569
0.0670899963379

-0.0394799995422
0.0705899963379
0.0564900054932

-0.0384500007629
0.06975
0.0355899963379

-0.0412000007629
0.0674000015259
0.0247900009155

-0.0397200012207
0.0656299972534
0.0186900024414

-0.0697099990845
0.0403899993896
0.0847899932861

-0.0733199996948
0.0358499984741
0.0928899993896

-0.06475
0.0452200012207
0.0890899963379

-0.0598699989319
0.0484799995422
0.0926900024414

-0.0641200027466
0.0452599983215
0.101190002441

-0.0564099998474
0.0498600006104
0.0979900054932

-0.0529199981689
0.0502099990845
0.101990005493

-0.0557099990845
0.0486800003052
0.10438999939

-0.0376800003052
0.0567200012207
0.104589996338

-0.0468499984741
0.0529300003052
0.10138999939

-0.0487999992371
0.0496800003052
0.104990005493

-0.0632700004578
0.0455400009155
0.109990005493

-0.0674499969482
0.0434000015259
0.113089996338

-0.0629900016785
0.0456300010681
0.11638999939

-0.0597999992371
0.0465400009155
0.110089996338

-0.0339900016785
0.0527599983215
0.114089996338

-0.0268099994659
0.0583199996948
0.113690002441

-0.0321500015259
0.0480099983215
0.121589996338

-0.0406800003052
0.0465800018311
0.112990005493

-0.0753099975586
0.0315699996948
0.104089996338

-0.0731699981689
0.0372299995422
0.117490005493

-0.0756999969482
0.0266499996185
0.110089996338

-0.0626399993896
0.0458800010681
0.122789993286

-0.0657200012207
0.0450499992371
0.126289993286

-0.0208400001526
0.0509000015259
0.130789993286

-0.0305499992371
0.0436100006104
0.127490005493

-0.0294200000763
0.0369700012207
0.135190002441

-0.0408100013733
0.0354900016785
0.121990005493

-0.0725400009155
0.0378899993896
0.139490005493

-0.0706800003052
0.0409300003052
0.123789993286

-0.0683300018311
0.0433400001526
0.127089996338

-0.0668300018311
0.0444799995422
0.137690002441

0.0258999996185
-0.0612299995422
0.206090011597

0.0225499992371
-0.0584700012207
0.22338999939

0.0208199996948
-0.0618800010681
0.197590011597

0.0274799995422
-0.0642799987793
0.181590011597

0.0264899997711
-0.0568199996948
0.233590011597

0.0187700004578
-0.0554000015259
0.231990005493

0.0231700000763
-0.0678399963379
0.160690002441

0.0267000007629
-0.0692300033569
0.152289993286

0.0267700004578
-0.0736500015259
0.127990005493

-0.0592200012207
0.0418400001526
0.172289993286

-0.0539700012207
0.0396100006104
0.182090011597

-0.0541899986267
0.0432900009155
0.173490005493

-0.0464900016785
0.0359099998474
0.190289993286

-0.0531300010681
0.0337900009155
0.18888999939

-0.0407299995422
0.0360900001526
0.189689987183

-0.0372999992371
0.0313700008392
0.19588999939

-0.0293199996948
0.0254200000763
0.201990005493

-0.0281100006104
0.0279699993134
0.199189987183

0.0392099990845
-0.0397299995422
0.25088999939

0.0393699989319
-0.0401399993896
0.247590011597

0.0440600013733
-0.0415499992371
0.247990005493

0.0351100006104
-0.0385200004578
0.246289993286

0.0394000015259
-0.0403899993896
0.244490005493

0.0487700004578
-0.0423600006104
0.247689987183

0.0478699989319
-0.0421300010681
0.244789993286

0.0536300010681
-0.0425099983215
0.246789993286

0.0512900009155
-0.0421699981689
0.249590011597

0.0565800018311
-0.0422700004578
0.245289993286

0.0577299995422
-0.0415
0.247289993286

-0.0667699966431
0.0205300006866
0.146690002441

-0.0688199996948
0.0203799991608
0.14338999939

-0.0675299987793
0.0197299995422
0.138289993286

-0.0556899986267
0.0190599994659
0.118990005493

-0.0589399986267
0.0151599998474
0.119490005493

-0.0568699989319
0.0149300003052
0.119990005493

0.0679499969482
-0.0265599994659
0.246090011597

0.0675999984741
-0.0276700000763
0.246789993286

0.0684100036621
-0.0277999992371
0.245689987183

0.0382099990845
-0.00217600011826
0.245689987183

0.0330299987793
-0.00166499996185
0.243490005493

0.0300799999237
-0.00170700001717
0.248289993286

0.0421899986267
-0.00269499993324
0.247789993286

0.0448699989319
-0.00397099995613
0.243689987183

0.0471300010681
-0.00445300006866
0.247590011597

0.0445400009155
-0.00464400005341
0.25038999939

0.0497400016785
-0.0060640001297
0.243689987183

0.0503300018311
-0.0045110001564
0.240189987183

0.0528100013733
-0.00754899978638
0.24588999939

-0.0261599998474
-0.000643999993801
0.19238999939

-0.0226700000763
0.00215799999237
0.189789993286

-0.0250300006866
-0.00319400000572
0.192590011597

-0.0197900009155
0.00724599981308
0.188090011597

-0.02
0.0041139998436
0.18738999939

-0.0281800003052
0.0291800003052
0.186189987183

-0.02825
0.0300799999237
0.187689987183

-0.0226900005341
0.0281800003052
0.189789993286

-0.0539799995422
0.0330800018311
0.128490005493

-0.0559599990845
0.02825
0.129589996338

-0.0555099983215
0.0286700000763
0.12288999939

-0.0554399986267
0.0285499992371
0.13788999939

-0.0576199989319
0.0254799995422
0.13238999939

-0.0587200012207
0.0243799991608
0.137589996338

-0.0600099983215
0.0225699996948
0.129789993286

-0.0624399986267
0.0208199996948
0.130690002441

-0.0620699996948
0.0193799991608
0.124990005493

-0.0632099990845
0.0212999992371
0.138789993286

-0.0652099990845
0.0198199996948
0.134089996338

-0.0669599990845
0.0184699993134
0.130289993286

-0.0642900009155
0.0160300006866
0.122589996338

-0.0617799987793
0.0172000007629
0.121589996338

-0.0540999984741
0.0295599994659
0.145490005493

-0.0558800010681
0.0270599994659
0.146190002441

-0.0527200012207
0.0318199996948
0.147690002441

-0.0528400001526
0.0291599998474
0.153589996338

-0.0525200004578
0.0351300010681
0.143789993286

-0.0514799995422
0.0334900016785
0.152289993286

-0.0581300010681
0.0246399993896
0.146589996338

-0.0607400016785
0.02275
0.14388999939

-0.0638499984741
0.0211599998474
0.147589996338

-0.0563800010681
0.0250300006866
0.153789993286

-0.0641399993896
0.02075
0.155490005493

-0.0532200012207
0.0268299999237
0.15788999939

-0.0547400016785
0.0244500007629
0.160190002441

-0.0508600006104
0.0293199996948
0.159789993286

-0.0500299987793
0.0320099983215
0.159190002441

-0.0486599998474
0.0301100006104
0.163589996338

-0.0516899986267
0.0248199996948
0.164990005493

-0.0556800003052
0.0223600006104
0.163589996338

-0.0482099990845
0.0277099990845
0.166490005493

-0.0484900016785
0.02475
0.168990005493

-0.0465800018311
0.0307999992371
0.16688999939

-0.0537700004578
0.0208799991608
0.169189987183

-0.0576800003052
0.0204799995422
0.166490005493

0.0618899993896
-0.0164899997711
0.243789993286

0.0578600006104
-0.0114600000381
0.245689987183

0.0620600013733
-0.0162700004578
0.246990005493

0.0648600006104
-0.0207700004578
0.24788999939

0.0610800018311
-0.0164300003052
0.249789993286

0.0645100021362
-0.0207900009155
0.243689987183

0.062
-0.0169200000763
0.241990005493

0.0670199966431
-0.0244500007629
0.246590011597

0.0658700027466
-0.0240599994659
0.248289993286

0.0674700012207
-0.0252199993134
0.24538999939

0.0544199981689
-0.00909899997711
0.249090011597

-0.0540099983215
0.0486199989319
0.00933999633789

-0.0485499992371
0.0537200012207
0.00845999908447

-0.0477799987793
0.0499000015259
0.00605999755859

-0.0597000007629
0.0404599990845
0.00983999633789

0.0812399978638
0.000163399994373
0.0743899993896

0.0803899993896
4.21399995685e-05
0.0603899993896

0.0788499984741
-7.10000023246e-05
0.0484900054932

0.0762200012207
0.00178299999237
0.0360899963379

0.0631300010681
-0.0381399993896
0.246189987183

0.0618100013733
-0.0385600013733
0.244590011597

0.0642699966431
-0.0352599983215
0.24438999939

0.0662099990845
-0.0266200008392
0.24838999939

0.0645299987793
-0.0254699993134
0.250090011597

0.0680500030518
-0.0302399997711
0.245689987183

0.0668300018311
-0.0325800018311
0.246689987183

0.0676100006104
-0.0312800006866
0.245189987183

0.0684400024414
-0.0287199993134
0.245590011597

0.0673099975586
-0.0300200004578
0.24688999939

0.0681600036621
-0.0273999996185
0.245189987183

0.00300699996948
-0.0493100013733
0.227189987183

-0.00534000015259
-0.0454900016785
0.222590011597

-0.0118800001144
-0.0399700012207
0.220090011597

-0.0460499992371
0.0472400016785
0.108589996338

-0.0454900016785
0.0429000015259
0.112289993286

-0.0503499984741
0.04775
0.107490005493

-0.0479500007629
0.0414199981689
0.112690002441

-0.0465999984741
0.0382299995422
0.114789993286

-0.0539700012207
0.0477099990845
0.107490005493

-0.0516199989319
0.0460499992371
0.109690002441

-0.0520299987793
0.0441800003052
0.112289993286

-0.0498300018311
0.0434000015259
0.111789993286

-0.0494900016785
0.0399599990845
0.113690002441

0.0462000007629
-0.0454199981689
0.00858000183105

0.0390200004578
-0.0529099998474
0.00768000030518

0.0494799995422
-0.0374300003052
0.00711000061035

-0.0256399993896
0.0663300018311
0.0934900054932

-0.0191599998474
0.0610800018311
0.112589996338

-0.0163999996185
0.0560699996948
0.126190002441

-0.0094359998703
0.0511399993896
0.139190002441

0.00141400003433
0.0470099983215
0.152289993286

-0.00485400009155
0.0446599998474
0.153289993286

0.010470000267
0.0416599998474
0.168689987183

0.0105100002289
0.0372099990845
0.180590011597

0.0162299995422
0.0380499992371
0.182189987183

0.00836999988556
0.0339000015259
0.187689987183

0.00498199987411
0.0359000015259
0.178090011597

0.00766699981689
0.0322200012207
0.19438999939

0.00400899982452
0.0308899993896
0.190189987183

0.0182199993134
0.0355699996948
0.193289993286

0.00027919998765
0.0287600002289
0.188289993286

-0.000675000011921
0.0283899993896
0.19088999939

-0.00482399988174
0.0265900001526
0.191689987183

-0.00319600009918
0.0279099998474
0.193789993286

-0.00768499994278
0.0275400009155
0.19688999939

-0.00202200007439
0.0285900001526
0.198090011597

-0.0140200004578
0.0269799995422
0.199289993286

-0.0146899995804
0.0275900001526
0.19638999939

-0.0173500003815
0.0276800003052
0.193189987183

-0.0224200000763
0.0287399997711
0.193689987183

-0.0286800003052
0.0307999992371
0.192090011597

-0.0288500003815
0.0307700004578
0.189189987183

-0.0278199996948
0.0296700000763
0.19588999939

-0.0347799987793
0.0336899986267
0.190090011597

-0.0158999996185
0.0267800006866
0.191289993286

-0.0337000007629
0.0329000015259
0.184789993286

-0.0206700000763
0.0266800003052
0.20038999939

-0.0131899995804
0.0253500003815
0.203090011597

0.0176399993896
0.0337099990845
0.203990005493

0.0116300001144
0.0330499992371
0.200490005493

0.0041890001297
0.0305699996948
0.201090011597

-0.000693899989128
0.0283700008392
0.205490005493

0.0195200004578
0.0323300018311
0.212689987183

0.0251399993896
0.0338100013733
0.206289993286

-0.00638000011444
0.0255400009155
0.206590011597

-0.00130799996853
0.0249300003052
0.212289993286

-0.0120799999237
0.0225599994659
0.20738999939

0.0155799999237
0.0273099994659
0.219689987183

0.00322799992561
0.0217000007629
0.218590011597

0.0116700000763
0.0180100002289
0.224789993286

0.0208999996185
0.0123999996185
0.230590011597

0.0113000001907
0.00816899967194
0.229189987183

0.0258600006104
0.0307000007629
0.218189987183

-0.00532899999619
0.0180400009155
0.215590011597

0.0251700000763
0.00424700021744
0.23538999939

0.0307199993134
0.0109499998093
0.23338999939

0.0163700008392
0.00175899994373
0.23388999939

0.00776800012589
0.00116499996185
0.230689987183

0.0206100006104
-0.000977900028229
0.237289993286

0.0227399997711
0.00113199996948
0.236590011597

0.0257600002289
-0.000452199995518
0.238689987183

0.0333899993896
0.0294899997711
0.219289993286

0.0302900009155
0.03225
0.21238999939

0.0187999992371
-0.00384899997711
0.238590011597

0.0219899997711
-0.00173000001907
0.23938999939

0.00992800045013
-0.006367000103
0.234289993286

0.000592000007629
-0.00390100002289
0.228990005493

0.02425
-0.00143299996853
0.24038999939

0.0255400009155
-0.00158599996567
0.241090011597

0.0216599998474
-0.0025150001049
0.240990005493

-0.0110500001907
0.0182000007629
0.21138999939

-0.0114200000763
0.0120600004196
0.214990005493

-0.0188899993896
0.0206100006104
0.207090011597

-0.0145799999237
0.00375200009346
0.216789993286

-0.0200900001526
0.0110200004578
0.21088999939

0.0402400016785
0.00609200000763
0.23638999939

0.0403199996948
0.0167700004578
0.231590011597

0.0387700004578
0.0268700008392
0.22288999939

0.04075
0.0235400009155
0.226789993286

0.0485099983215
0.0183700008392
0.229789993286

0.0370800018311
-0.000861500024796
0.239590011597

0.0475900001526
0.000795099973679
0.238189987183

0.0279200000763
-0.00142100000381
0.242189987183

-0.00508900022507
-0.0131599998474
0.228490005493

-0.0104799995422
-0.00430100011826
0.22288999939

0.000266200006008
-0.0201200008392
0.232490005493

-0.0098719997406
-0.0222399997711
0.227189987183

-0.0179899997711
-0.0223899993896
0.220490005493

-0.0121199998856
-0.0301900005341
0.225090011597

-0.019
-0.00526300001144
0.216590011597

-0.0230599994659
-0.0188600006104
0.213590011597

-0.0221200008392
-0.0125
0.215189987183

-0.0252800006866
-0.00353800010681
0.210189987183

-0.0259200000763
-0.0145
0.208289993286

-0.0288999996185
-0.00699300003052
0.205289993286

-0.0275
-0.0113199996948
0.204590011597

-0.0124399995804
-0.0364000015259
0.222689987183

-0.00515600013733
-0.0372599983215
0.228590011597

0.00807999992371
-0.0190100002289
0.236289993286

0.00469899988174
-0.0267299995422
0.234990005493

0.0113100004196
-0.0158000001907
0.237990005493

0.0120900001526
-0.0198299999237
0.238590011597

0.0130200004578
-0.0152100000381
0.239789993286

0.0118699998856
-0.0120600004196
0.23738999939

0.0131199998856
-0.0256299991608
0.238789993286

0.0143900003433
-0.0211900005341
0.240189987183

0.0162900009155
-0.0231200008392
0.241090011597

0.0147299995422
-0.0197099990845
0.241689987183

0.00330500006676
-0.0369500007629
0.233689987183

0.00989999961853
-0.0327599983215
0.236990005493

0.00313100004196
-0.0450900001526
0.231289993286

0.0146899995804
-0.0332799987793
0.238789993286

0.0175699996948
-0.0291399993896
0.240289993286

0.0183299999237
-0.0378100013733
0.239490005493

0.0191299991608
-0.0267000007629
0.241490005493

-0.0252600002289
0.0250100002289
0.00126999664307

-0.0363100013733
-0.0020680000782
0.00151999664307

-0.0452099990845
0.0126499996185
0.00291999816895

-0.0608400001526
-0.00151199996471
0.0044700012207

-0.0567000007629
0.0182600002289
0.0050299987793

-0.0299899997711
-0.0170799999237
0.00115999603271

-0.0463400001526
-0.0219099998474
0.00290000152588

-0.0579099998474
0.0292600002289
0.00659999847412

-0.0690500030518
0.0115100002289
0.00758000183105

-0.0733300018311
0.00090499997139
0.00741999816895

-0.0765400009155
0.0049359998703
0.0104899978638

-0.0648600006104
-0.0129499998093
0.0047200012207

-0.0690800018311
-0.0051939997673
0.00547999572754

-0.0735500030518
-0.00485699987411
0.00755999755859

-0.0612099990845
0.0330499992371
0.00843000030518

-0.0492700004578
0.0439700012207
0.00565999603271

-0.0392700004578
0.0536500015259
0.00473999786377

-0.0670500030518
0.0281700000763
0.0104899978638

-0.05775
-0.0258099994659
0.00561000061035

-0.0487000007629
-0.0325900001526
0.0052200012207

-0.0657600021362
-0.0242399997711
0.00869000244141

-0.0639500007629
-0.0198799991608
0.00576999664307

-0.0693600006104
-0.014470000267
0.00679000091553

-0.00321700000763
0.0267199993134
0.000639999389648

-0.0168700008392
0.0437099990845
0.00194999694824

-0.0230900001526
0.0541100006104
0.00394000244141

-0.0103699998856
0.0494099998474
0.0029700012207

-0.00438700008392
0.0506599998474
0.00513999938965

0.00585900020599
0.0444599990845
0.004

-0.0257999992371
-0.0327400016785
0.00215000152588

-0.0129300003052
-0.0250599994659
0.00113999938965

0.0214400005341
0.0219300003052
0.000909996032715

0.0166100006104
0.0101199998856
0.0

-0.04225
-0.0420499992371
0.00787999725342

-0.03725
-0.0408499984741
0.00512000274658

-0.0225499992371
-0.0438199996948
0.00341999816895

-0.0303099994659
-0.0409900016785
0.00362999725342

-0.0284500007629
-0.0472200012207
0.0052799987793

-0.022
-0.04825
0.00415000152588

-0.0168799991608
-0.0480999984741
0.00365000152588

-0.0251200008392
-0.0511599998474
0.00637999725342

-0.0242000007629
-0.0493199996948
0.0049700012207

-0.0203400001526
-0.0505400009155
0.00451000213623

0.0287000007629
0.0269400005341
0.00276999664307

0.0415
0.0153199996948
0.0017799987793

0.0349599990845
-0.00202600002289
0.000889999389648

0.0169699993134
-0.00603800010681
0.000589996337891

0.0261399993896
-0.0260900001526
0.00215999603271

0.0061810002327
-0.0248799991608
0.000979995727539

0.000550700008869
-0.04375
0.00215000152588

0.0232299995422
0.0348699989319
0.00429000091553

0.0408400001526
0.0235
0.00441999816895

0.0375099983215
-0.0383199996948
0.00419000244141

0.0412299995422
-0.0237199993134
0.00376000213623

0.0367900009155
-0.0489099998474
0.0052799987793

0.0458199996948
-0.0385400009155
0.00591999816895

-0.00679300022125
-0.0511899986267
0.00340000152588

0.00563999986649
-0.0571500015259
0.00380999755859

-0.0142700004578
-0.0519599990845
0.00412999725342

-0.0143500003815
-0.0546199989319
0.00534999847412

0.0279200000763
-0.0593600006104
0.00626000213623

-0.0153599996567
-0.0571300010681
0.00733999633789

-0.00891899967194
-0.0598300018311
0.00730999755859

0.0147399997711
-0.0627599983215
0.00587000274658

0.0212800006866
-0.0664700012207
0.00988999938965

0.00322900009155
-0.0626899986267
0.00651000213623

0.0488100013733
-0.00842199993134
0.00175

0.0451300010681
-0.0141199998856
0.00280000305176

0.0500600013733
-0.0248899993896
0.00469999694824

0.0505900001526
0.0136499996185
0.00340000152588

0.0526800003052
0.00535200023651
0.00194000244141

0.0531100006104
-0.00401700019836
0.00175

0.0577000007629
-0.00303900003433
0.00318000030518

0.0551800003052
-0.0135500001907
0.00312999725342

0.0510999984741
-0.0316200008392
0.006

0.0617400016785
-0.00519199991226
0.00580000305176

0.0586399993896
-0.01175
0.00441999816895

0.0542299995422
-0.0263099994659
0.00540000152588

0.0571100006104
-0.0198199996948
0.00501000213623

-0.036
-0.00142100000381
0.158789993286

-0.0320800018311
0.0124499998093
0.153789993286

-0.0444099998474
0.0084139995575
0.139089996338

-0.0256800003052
0.0259400005341
0.150690002441

-0.0193299999237
0.0151300001144
0.169689987183

-0.0165400009155
0.0356399993896
0.15288999939

-0.0304099998474
-0.00891300010681
0.173090011597

-0.0409799995422
-0.0108699998856
0.156990005493

-0.0144200000763
0.0126000003815
0.179990005493

-0.0116400003433
0.0190799999237
0.177689987183

-0.0526500015259
0.0038599998951
0.130990005493

-0.0506500015259
0.0143900003433
0.125789993286

-0.0543499984741
0.0148500003815
0.121289993286

-0.0502000007629
0.0223999996185
0.120789993286

-0.0582200012207
0.0100399999619
0.121089996338

-0.0508800010681
0.0258099994659
0.118490005493

-0.0473800010681
0.0293700008392
0.119289993286

-0.0581399993896
0.00451399993896
0.124089996338

-0.0561599998474
-0.00279299998283
0.130789993286

-0.0615900001526
0.007757999897
0.119690002441

-0.0648399963379
0.00601000022888
0.117690002441

-0.0637900009155
0.00965499973297
0.118589996338

-0.0524399986267
-0.0111099996567
0.139990005493

-0.0453699989319
-0.0172700004578
0.152490005493

-0.0608100013733
-0.00648699998856
0.125990005493

-0.0463199996948
0.0342599983215
0.117089996338

-0.0296900005341
-0.0151000003815
0.17938999939

-0.0250499992371
-0.00777199983597
0.18438999939

-0.0486500015259
0.0345299987793
0.11588999939

-0.0655
-0.00820499992371
0.11988999939

-0.0655400009155
7.96099975705e-05
0.118089996338

-0.0680899963379
0.00482299995422
0.11538999939

-0.0703799972534
-0.00888099956512
0.110990005493

-0.0693700027466
0.00876299953461
0.115990005493

-0.0717900009155
0.00361800003052
0.110289993286

-0.0678099975586
0.0113699998856
0.11888999939

-0.0698799972534
0.0123100004196
0.11838999939

-0.0084139995575
0.0215100002289
0.18138999939

-0.00678100013733
0.0246299991608
0.179490005493

-0.0363899993896
-0.0206499996185
0.168490005493

-0.0300900001526
-0.0216499996185
0.18238999939

-0.0271000003815
-0.0208700008392
0.191189987183

-0.0257600002289
-0.0190699996948
0.196189987183

-0.0255699996948
-0.0134099998474
0.192490005493

-0.0745400009155
-0.00414499998093
0.102789993286

-0.0759300003052
0.0014240000248
0.10138999939

-0.0752600021362
0.00853600025177
0.105089996338

-0.0793799972534
0.000984399974346
0.0920899963379

-0.0734000015259
0.0145799999237
0.114990005493

-0.0750999984741
0.0149600000381
0.10738999939

-0.0775299987793
0.0132899999619
0.0943899993896

-0.0754499969482
0.0208400001526
0.108589996338

-0.0715
0.0139200000763
0.118490005493

-0.0725199966431
0.0168600006104
0.120690002441

-0.0688499984741
0.0225200004578
0.161289993286

-0.0664000015259
0.0207399997711
0.161990005493

-0.0637999992371
0.0206200008392
0.173090011597

-0.0686399993896
0.0208899993896
0.150789993286

-0.0646200027466
0.0203199996948
0.160990005493

-0.0620699996948
0.0211599998474
0.180689987183

-0.0588400001526
0.0183799991608
0.181689987183

-0.0556800003052
0.0166100006104
0.180990005493

-0.0534599990845
0.0149899997711
0.186490005493

-0.0705
0.0204099998474
0.139789993286

-0.0505200004578
0.013529999733
0.190789993286

-0.0474500007629
0.011
0.18888999939

-0.0476699981689
0.0124899997711
0.184590011597

-0.0422099990845
0.00788999986649
0.189990005493

-0.0719000015259
0.0203099994659
0.134190002441

-0.0703600006104
0.0188400001526
0.131190002441

-0.0733499984741
0.0219500007629
0.13538999939

-0.0726800003052
0.0193600006104
0.12638999939

-0.0699899978638
0.0167700004578
0.125289993286

-0.0686100006104
0.0173799991608
0.127289993286

-0.0366599998474
0.00224300003052
0.195289993286

-0.0375499992371
0.00478100013733
0.191689987183

-0.0712799987793
0.0168400001526
0.123490005493

-0.0702699966431
0.014720000267
0.12138999939

-0.0319599990845
-0.00311500000954
0.198990005493

-0.0349199981689
-5.53399994969e-05
0.198990005493

-0.0328100013733
-0.00140199995041
0.20238999939

-0.0389599990845
0.00489699983597
0.198789993286

-0.0410699996948
0.00955599975586
0.19988999939

-0.0472299995422
0.0124200000763
0.19488999939

-0.0289400005341
-0.00768300008774
0.200689987183

-0.0306800003052
-0.00354299998283
0.197289993286

-0.0268600006104
-0.0121800003052
0.201189987183

-0.0256700000763
-0.0161900005341
0.199590011597

-0.0260100002289
-0.00960799980164
0.195990005493

-0.0750999984741
0.0266599998474
0.12788999939

-0.0743000030518
0.0251599998474
0.138990005493

-0.0742699966431
0.0298099994659
0.146289993286

-0.0725
0.0239699993134
0.149589996338

-0.0720500030518
0.0298600006104
0.159589996338

-0.0729700012207
0.0341100006104
0.152289993286

-0.07075
0.0378300018311
0.154289993286

-0.0706399993896
0.0256599998474
0.161789993286

-0.0685899963379
0.0277199993134
0.169789993286

-0.0661900024414
0.0295100002289
0.175590011597

-0.0644400024414
0.0248600006104
0.178590011597

-0.0638899993896
0.0315900001526
0.179189987183

-0.0667699966431
0.0339099998474
0.17238999939

-0.0682300033569
0.0375699996948
0.164089996338

-0.0655299987793
0.0370699996948
0.17138999939

-0.0601599998474
0.0222800006866
0.185789993286

-0.0525099983215
0.0414799995422
0.149289993286

-0.0541699981689
0.04375
0.144690002441

-0.0520099983215
0.0423100013733
0.156589996338

-0.0524500007629
0.0387099990845
0.14438999939

-0.0511300010681
0.0383600006104
0.153690002441

-0.0545499992371
0.0430400009155
0.133089996338

-0.0556599998474
0.0446899986267
0.137089996338

-0.0565699996948
0.0450900001526
0.126490005493

-0.0573300018311
0.0458800010681
0.13788999939

-0.0595800018311
0.0463899993896
0.136490005493

-0.0580999984741
0.0464700012207
0.147089996338

-0.05925
0.0465099983215
0.152190002441

-0.0565900001526
0.0458100013733
0.157589996338

-0.0552900009155
0.0447099990845
0.118490005493

-0.0570499992371
0.0458100013733
0.117690002441

-0.0535900001526
0.0439300003052
0.11538999939

-0.0541899986267
0.0429799995422
0.120789993286

-0.0519700012207
0.0416500015259
0.115089996338

0.0725699996948
-0.011
0.227490005493

-0.0891999969482
-0.00395199990273
0.0511900024414

-0.0887799987793
-0.00422900009155
0.0413899993896

-0.0876999969482
-0.00498500013351
0.0322900009155

-0.0866100006104
-0.00137399995327
0.0268899993896

-0.0840899963379
-0.000602699995041
0.0206900024414

-0.0805800018311
0.00147699999809
0.0148899993896

-0.0811399993896
-0.00390300011635
0.0154899978638

-0.0780500030518
-0.00663199996948
0.0117900009155

-0.0613800010681
0.0462000007629
0.128990005493

-0.0618300018311
0.0464700012207
0.138789993286

-0.0595600013733
0.0460499992371
0.11938999939

-0.0578600006104
0.0464199981689
0.112289993286

-0.0568499984741
0.0473800010681
0.107690002441

0.0640699996948
-0.0350699996948
0.248490005493

0.0608300018311
-0.0384099998474
0.248789993286

0.0653099975586
-0.0318299999237
0.24888999939

0.0652399978638
-0.0302299995422
0.24938999939

0.0638899993896
-0.0285100002289
0.25088999939

0.0661299972534
-0.0285699996948
0.248590011597

0.0230100002289
-0.00153999996185
0.24338999939

-0.0814700012207
0.00425
0.0848899993896

0.0504000015259
-0.00918500041962
0.251289993286

0.0419599990845
-0.00918700027466
0.252289993286

0.0562599983215
-0.0130500001907
0.251090011597

0.0589099998474
-0.0191800003052
0.251789993286

-0.0360699996948
0.0156700000763
0.182289993286

-0.0355900001526
0.0108800001144
0.185689987183

-0.0428100013733
0.0153299999237
0.18088999939

-0.0318899993896
0.0184599990845
0.182590011597

-0.0386800003052
0.0212000007629
0.178289993286

-0.0301900005341
0.00659600019455
0.189090011597

-0.0355499992371
0.00627899980545
0.189490005493

-0.0275799999237
0.00268700003624
0.191090011597

-0.0246100006104
0.0078140001297
0.18888999939

-0.0221100006104
0.0140900001526
0.187689987183

-0.0203899993896
0.0106199998856
0.18838999939

-0.0332799987793
0.00112800002098
0.193789993286

-0.0297399997711
-0.00126800000668
0.194189987183

-0.0489599990845
0.0157700004578
0.17938999939

-0.0492400016785
0.0188500003815
0.175189987183

-0.0528899993896
0.0160499992371
0.179490005493

-0.0414399986267
0.0264400005341
0.174289993286

-0.0443699989319
0.0236000003815
0.173490005493

-0.0488400001526
0.0216499996185
0.171990005493

-0.0572400016785
0.0185599994659
0.173789993286

-0.0169699993134
0.0135
0.18788999939

-0.0159200000763
0.0192299995422
0.188090011597

-0.0135699996948
0.0166100006104
0.187590011597

0.06625
-0.0316499996185
0.244590011597

0.0669800033569
-0.0285699996948
0.244689987183

0.0658300018311
-0.0263400001526
0.243789993286

0.0670100021362
-0.0267999992371
0.244689987183

0.0671999969482
-0.0259300003052
0.24488999939

0.0662300033569
-0.0239699993134
0.244590011597

0.0650299987793
-0.0230599994659
0.243490005493

0.0232199993134
-0.0318099994659
0.241490005493

0.0208099994659
-0.0273899993896
0.243490005493

0.0473199996948
-0.0426100006104
0.24238999939

0.0502900009155
-0.0424099998474
0.242689987183

-0.0419700012207
0.0382099990845
0.18388999939

-0.0433800010681
0.0388199996948
0.178689987183

-0.0485499992371
0.0419099998474
0.176289993286

-0.0461500015259
0.0400699996948
0.17338999939

-0.0399000015259
0.0363800010681
0.180289993286

-0.0383100013733
0.0348300018311
0.180189987183

-0.0436899986267
0.0372200012207
0.173490005493

-0.0380600013733
0.0332599983215
0.178289993286

-0.0535699996948
0.0442299995422
0.167090011597

-0.0519599990845
0.0435600013733
0.164990005493

-0.0486899986267
0.0412099990845
0.16788999939

-0.049
0.0403600006104
0.164990005493

-0.0485099983215
0.0384300003052
0.164089996338

-0.0325900001526
0.0675999984741
0.0234899978638

-0.0321599998474
0.0700199966431
0.0379900054932

-0.0356699981689
0.0708700027466
0.0490899963379

0.0651600036621
-0.00784999990463
0.00959999847412

0.0648099975586
0.00180700004101
0.00931999969482

-0.0303999996185
0.0227399997711
0.182490005493

-0.0256499996185
0.0180100002289
0.185590011597

-0.0347999992371
0.0270900001526
0.179289993286

-0.0295799999237
0.0258500003815
0.182990005493

-0.0238899993896
0.0254099998474
0.186289993286

-0.0288199996948
0.0277999992371
0.18438999939

-0.0331300010681
0.0302299995422
0.181789993286

-0.0186299991608
0.0228400001526
0.187689987183

-0.0170200004578
0.0250799999237
0.189189987183

-0.0203500003815
0.0195699996948
0.187289993286

-0.0324000015259
-0.0507700004578
0.00988999938965

-0.0251399993896
-0.0537400016785
0.00847999572754

-0.0208999996185
-0.0547099990845
0.0075299987793

0.0580699996948
-0.0387999992371
0.25038999939

0.0534199981689
-0.0371100006104
0.252789993286

0.0544500007629
-0.0405699996948
0.251090011597

0.0483499984741
-0.0408300018311
0.251990005493

0.0408300018311
-0.0390600013733
0.25238999939

0.0425699996948
-0.03825
0.25288999939

0.0349000015259
-0.0372099990845
0.252189987183

0.0306000003815
-0.0355400009155
0.250990005493

0.0349799995422
-0.0360800018311
0.252789993286

0.02375
-0.00339700007439
0.249789993286

0.0273299999237
-0.00550899982452
0.251689987183

0.0203500003815
-0.00253399991989
0.247590011597

0.0199300003052
-0.00572499990463
0.24938999939

0.0164500007629
-0.00784200000763
0.24338999939

0.0145799999237
-0.0110200004578
0.24438999939

0.0158400001526
-0.00735900020599
0.24538999939

0.0179899997711
-0.00390300011635
0.246090011597

0.0169400005341
-0.00689799976349
0.247590011597

0.0182399997711
-0.00474900007248
0.243289993286

0.0174699993134
-0.0071970000267
0.24188999939

0.0191700000763
-0.00483400011063
0.241189987183

0.0177099990845
-0.00663500022888
0.24038999939

0.0142600002289
-0.0134099998474
0.243090011597

0.0133400001526
-0.013779999733
0.24538999939

0.0146199998856
-0.0118999996185
0.240490005493

0.0138599996567
-0.0146400003433
0.241490005493

0.0207800006866
-0.00299000000954
0.24238999939

0.02025
-0.00240100002289
0.243990005493

0.0195100002289
-0.00219799995422
0.245289993286

-0.00977499961853
0.0203999996185
0.18738999939

-0.0133000001907
0.0136499996185
0.18588999939

-0.00748600006104
0.0334199981689
0.16638999939

-0.00851900005341
0.0400099983215
0.156789993286

-0.00133000004292
0.0387400016785
0.165789993286

-0.000844399988651
0.0340999984741
0.173990005493

-0.00362400007248
0.0292299995422
0.177789993286

-0.00184000003338
0.0276800003052
0.18438999939

-0.00347699999809
0.0258400001526
0.18638999939

-0.006867000103
0.0225499992371
0.18438999939

-0.0063140001297
0.0235499992371
0.187090011597

-0.0104499998093
0.0175799999237
0.182789993286

-0.0211700000763
0.0592200012207
0.00801000213623

-0.0305200004578
0.0584399986267
0.00641999816895

-0.0360600013733
0.0595299987793
0.00776000213623

-0.0432999992371
0.0582299995422
0.00898999786377

-0.0374599990845
0.0632999992371
0.0131900024414

0.0114499998093
-0.0516300010681
0.231990005493

0.0181700000763
-0.0514099998474
0.23588999939

0.0252600002289
-0.0500699996948
0.238189987183

0.0208500003815
-0.0452299995422
0.23888999939

0.03
-0.0539000015259
0.23738999939

0.0334000015259
-0.0492000007629
0.23988999939

0.0345600013733
-0.0564300003052
0.23588999939

0.0415
-0.0549599990845
0.237090011597

0.0370999984741
-0.0450400009155
0.240990005493

0.04075
-0.0477999992371
0.240490005493

0.0405
-0.0428400001526
0.241490005493

0.0344900016785
-0.0413400001526
0.241490005493

0.0282199993134
-0.0374000015259
0.241490005493

0.0329199981689
-0.0381199989319
0.241990005493

0.0234599990845
-0.0379199981689
0.240689987183

0.0456800003052
-0.0517400016785
0.23888999939

0.0497099990845
-0.04725
0.239990005493

0.0450900001526
-0.0482900009155
0.240289993286

0.0454599990845
-0.0448499984741
0.240990005493

0.0444300003052
-0.0429099998474
0.24188999939

0.0415400009155
-0.0415600013733
0.242590011597

0.03725
-0.0396899986267
0.242789993286

0.0540699996948
-0.0251399993896
0.253289993286

0.0406399993896
-0.0249799995422
0.253590011597

0.0468499984741
-0.0320400009155
0.253689987183

0.0429700012207
-0.0365400009155
0.253289993286

0.0615600013733
-0.0252600002289
0.251990005493

0.0355400009155
-0.01675
0.25338999939

0.0276499996185
-0.0234200000763
0.253590011597

0.0306000003815
-0.00975199985504
0.252789993286

0.0205799999237
-0.0204400005341
0.25288999939

0.0233600006104
-0.0256299991608
0.253289993286

-0.06775
0.0411599998474
0.155289993286

-0.0640599975586
0.0438300018311
0.156789993286

-0.0658300018311
0.0440400009155
0.148490005493

-0.06225
0.0432400016785
0.163690002441

-0.0610099983215
0.0456899986267
0.155789993286

-0.0610200004578
0.0464900016785
0.147789993286

-0.0637400016785
0.0458499984741
0.143490005493

-0.063
0.0394099998474
0.171990005493

-0.0629900016785
0.0351500015259
0.178090011597

-0.0330200004578
0.0161299991608
0.204490005493

-0.0267099990845
0.0194099998474
0.205689987183

-0.0469700012207
0.0220400009155
0.197189987183

-0.03825
0.0124799995422
0.20238999939

-0.0317700004578
0.00365000009537
0.205490005493

-0.0533199996948
0.0378199996948
0.129089996338

-0.0531100006104
0.0369199981689
0.135789993286

-0.0533699989319
0.03875
0.124789993286

-0.0538400001526
0.0408800010681
0.12938999939

-0.0542900009155
0.0421199989319
0.126289993286

-0.0535999984741
0.0408300018311
0.122789993286

-0.0528800010681
0.0380200004578
0.120190002441

-0.0525800018311
0.0345099983215
0.118089996338

-0.0521300010681
0.0382200012207
0.117089996338

0.0185400009155
-0.0715899963379
0.0164899978638

0.0201000003815
-0.0758799972534
0.0265899963379

0.0133900003433
-0.0733000030518
0.0197900009155

-0.0595600013733
0.0318099994659
0.184590011597

-0.0540900001526
0.0280599994659
0.191090011597

-0.0561300010681
0.0234200000763
0.190789993286

-0.0549000015259
0.0186800003052
0.19088999939

-0.00953499984741
0.0557299995422
0.00838999938965

-0.0791699981689
0.00742600011826
0.0142900009155

-0.0748899993896
0.0164699993134
0.0128899993896

-0.0398300018311
0.0293099994659
0.175189987183

-0.0438899993896
0.0308099994659
0.170689987183

-0.0374599990845
0.0306900005341
0.177590011597

-0.0464700012207
0.0342700004578
0.166689987183

-0.0490499992371
0.0367400016785
0.161289993286

-0.0502099990845
0.0350400009155
0.156990005493

-0.0215900001526
-0.000630299985409
0.18638999939

-0.0241100006104
-0.00680100011826
0.189590011597

-0.0246900005341
-0.00698099994659
0.192189987183

-0.0177999992371
0.00582100009918
0.184990005493

-0.0143299999237
0.0109899997711
0.18338999939

0.0560499992371
-0.00117299997807
0.23838999939

0.0608300018311
0.00271799993515
0.236789993286

0.0627900009155
-0.00628700017929
0.238689987183

0.0637599983215
0.00506699991226
0.23388999939

0.0569399986267
0.012029999733
0.232590011597

-0.0730400009155
-0.0205200004578
0.0123899993896

-0.0746800003052
-0.0151899995804
0.0109899978638

-0.0742399978638
-0.0100799999237
0.00906999969482

-0.0532999992371
0.0241000003815
0.118089996338

-0.0517000007629
0.0287399997711
0.117190002441

-0.0556699981689
0.0225400009155
0.118589996338

-0.0507099990845
0.0324399986267
0.11638999939

-0.0523300018311
0.0316299991608
0.11688999939

-0.0500299987793
0.0361399993896
0.115289993286

0.0162600002289
-0.0168099994659
0.250789993286

0.0166700000763
-0.0135600004196
0.250490005493

0.0134099998474
-0.0147700004578
0.24788999939

0.0175400009155
-0.0197700004578
0.251289993286

0.0167399997711
-0.0216399993896
0.249490005493

0.0203199996948
-0.0239099998474
0.252189987183

0.0208600006104
-0.0784400024414
0.0367900009155

0.0716100006104
-0.0113599996567
0.235490005493

0.0712600021362
-0.00624599981308
0.233189987183

0.0682099990845
-0.011029999733
0.238189987183

0.0707600021362
-0.0167399997711
0.237090011597

0.0639799995422
-0.012279999733
0.239289993286

0.0620699996948
-0.0149799995422
0.240289993286

0.0647699966431
-0.0158800001144
0.239590011597

0.0630800018311
-0.0181200008392
0.241289993286

0.0659000015259
-0.0185499992371
0.239689987183

0.0644100036621
-0.0185100002289
0.24038999939

0.0651299972534
-0.0213199996948
0.240490005493

0.0664499969482
-0.0209500007629
0.23988999939

0.0642300033569
-0.0205499992371
0.241289993286

0.0646100006104
-0.0225599994659
0.241990005493

0.0680800018311
-0.0217399997711
0.239090011597

0.0658300018311
-0.0252099990845
0.240789993286

0.0266599998474
-0.0329099998474
0.248789993286

0.0235699996948
-0.0289799995422
0.25138999939

0.0224899997711
-0.0289300003052
0.247289993286

0.0181000003815
-0.0241900005341
0.246789993286

0.0146099996567
-0.0198700008392
0.246090011597

0.0131599998474
-0.0165100002289
0.245789993286

0.0141999998093
-0.0183799991608
0.243689987183

-0.0538600006104
0.0305100002289
0.118789993286

-0.0562000007629
0.0253600006104
0.119690002441

-0.0586500015259
0.0198500003815
0.120190002441

-0.0607200012207
0.0155
0.11988999939

-0.0664899978638
0.0163400001526
0.12438999939

0.0327599983215
-0.0372299995422
0.243789993286

0.0138999996185
-0.0170200004578
0.241990005493

0.0652799987793
-0.0262000007629
0.24238999939

0.0650299987793
-0.0245900001526
0.242689987183

0.0519599990845
-0.0434900016785
0.241189987183

0.0223299999237
-0.0107899999619
0.252289993286

0.0182299995422
-0.00974800014496
0.250090011597

0.0139799995422
-0.00924499988556
0.237789993286

0.0161399993896
-0.00786100006104
0.239090011597

0.0687300033569
-0.000229100003839
0.232689987183

0.0594500007629
-0.0405699996948
0.244789993286

-0.0662699966431
0.013470000267
0.12088999939

-0.0654300003052
0.0110600004196
0.119089996338

-0.0624599990845
0.0124600000381
0.11938999939

0.0303500003815
-0.0358100013733
0.247090011597

-0.0509199981689
0.0386699981689
0.115089996338

-0.00133599996567
-0.0644800033569
0.00940000152588

-0.00397900009155
-0.0619399986267
0.00765999603271

-0.0607599983215
0.0200599994659
0.16538999939

-0.0100500001907
0.0253799991608
0.191289993286

-0.00713800001144
0.0243199996948
0.189490005493

-0.0299500007629
-0.00200999999046
0.205590011597
