
161, 250, 495

495, 250, 59

495, 195, 161

250, 156, 59

235, 156, 250

156, 52, 59

525, 59, 52

59, 184, 495

525, 56, 59

59, 56, 184

495, 184, 137

195, 495, 321

321, 495, 137

331, 184, 56

331, 137, 184

56, 525, 240

169, 195, 321

161, 515, 250

515, 161, 330

56, 240, 69

56, 69, 331

321, 137, 424

424, 331, 69

321, 424, 288

137, 331, 424

288, 424, 20

523, 69, 240

370, 69, 523

76, 424, 69

424, 15, 20

509, 69, 370

69, 509, 76

76, 75, 424

75, 15, 424

75, 76, 283

75, 385, 15

127, 76, 509

76, 127, 283

433, 385, 75

75, 283, 433

135, 127, 509

283, 127, 332

283, 332, 433

332, 127, 511

127, 135, 511

459, 385, 433

459, 433, 332

37, 385, 459

459, 284, 37

459, 332, 284

284, 332, 70

511, 70, 332

135, 70, 511

296, 43, 432

43, 365, 432

43, 364, 365

18, 365, 364

365, 18, 225

17, 18, 364

17, 225, 18

365, 473, 432

364, 458, 17

423, 17, 458

423, 7, 17

369, 473, 365

225, 369, 365

423, 228, 7

296, 432, 320

237, 296, 320

432, 341, 320

523, 237, 320

370, 320, 341

523, 320, 370

423, 542, 228

25, 228, 542

7, 228, 377

7, 377, 369

25, 377, 228

237, 236, 296

473, 267, 432

369, 267, 473

267, 369, 377

267, 377, 553

25, 553, 377

551, 432, 267

267, 553, 117

117, 392, 267

432, 292, 341

551, 292, 432

442, 292, 551

104, 267, 392

442, 267, 104

442, 551, 267

308, 442, 104

557, 341, 292

557, 370, 341

442, 337, 292

417, 370, 557

444, 324, 233

324, 444, 494

233, 163, 444

494, 440, 324

163, 233, 191

233, 193, 191

234, 193, 233

193, 234, 84

191, 338, 163

278, 233, 324

444, 163, 436

163, 338, 436

324, 269, 278

269, 324, 440

338, 500, 436

343, 233, 278

398, 233, 343

233, 398, 234

343, 346, 398

403, 494, 444

403, 444, 340

444, 436, 340

340, 436, 480

269, 30, 278

30, 343, 278

299, 343, 30

494, 403, 215

269, 334, 30

535, 299, 30

234, 398, 12

479, 398, 346

12, 398, 266

479, 266, 398

535, 30, 31

30, 334, 31

535, 31, 547

535, 547, 197

197, 455, 535

197, 24, 455

197, 456, 24

456, 197, 357

455, 293, 535

293, 132, 535

455, 24, 293

293, 140, 132

132, 140, 27

140, 548, 27

197, 389, 357

197, 114, 389

114, 197, 395

389, 114, 478

395, 478, 114

389, 478, 396

478, 395, 169

493, 468, 469

51, 493, 469

468, 210, 469

468, 448, 210

469, 210, 512

468, 493, 53

111, 210, 448

512, 210, 6

64, 51, 469

469, 376, 64

512, 376, 469

153, 51, 64

6, 210, 560

560, 210, 545

492, 210, 111

51, 153, 35

448, 112, 111

493, 65, 53

467, 448, 468

510, 448, 467

448, 510, 112

213, 467, 468

53, 213, 468

213, 53, 65

43, 296, 534

534, 201, 43

534, 296, 221

221, 296, 236

221, 236, 52

364, 43, 201

221, 52, 204

458, 364, 201

434, 458, 201

270, 434, 201

434, 270, 173

287, 173, 270

445, 173, 287

201, 534, 536

201, 536, 270

534, 42, 536

534, 530, 42

530, 534, 221

235, 530, 221

204, 235, 221

54, 530, 235

406, 434, 173

447, 406, 173

173, 445, 447

447, 445, 300

445, 407, 300

406, 447, 80

80, 375, 406

447, 352, 80

375, 80, 81

489, 80, 352

80, 489, 100

316, 352, 447

316, 489, 352

100, 81, 80

146, 390, 389

390, 146, 428

146, 389, 457

457, 20, 146

427, 390, 428

4, 390, 427

357, 389, 390

4, 357, 390

396, 457, 389

288, 457, 396

20, 231, 146

146, 533, 428

386, 428, 533

533, 429, 386

386, 368, 428

478, 288, 396

533, 146, 88

146, 46, 88

46, 146, 231

533, 88, 50

437, 118, 505

491, 118, 437

311, 118, 491

437, 505, 504

504, 505, 254

504, 254, 253

254, 224, 253

224, 488, 253

380, 488, 224

488, 380, 35

35, 153, 488

517, 190, 249

190, 66, 249

410, 249, 66

190, 222, 66

222, 190, 23

482, 517, 249

482, 249, 513

513, 483, 482

376, 246, 64

246, 153, 64

192, 10, 286

12, 484, 399

266, 484, 12

484, 266, 359

479, 359, 266

147, 532, 476

147, 62, 532

532, 62, 528

62, 520, 528

527, 147, 476

198, 159, 66

198, 66, 222

222, 289, 198

337, 442, 308

7, 369, 225

7, 225, 17

252, 501, 437

501, 491, 437

491, 501, 311

562, 252, 437

409, 252, 562

501, 252, 119

119, 252, 349

327, 349, 252

349, 327, 481

216, 311, 501

252, 409, 305

327, 252, 519

519, 252, 305

305, 409, 200

519, 450, 327

409, 294, 200

409, 562, 408

313, 562, 437

487, 562, 313

128, 408, 562

128, 562, 487

487, 313, 245

437, 262, 313

263, 313, 262

313, 263, 381

381, 245, 313

245, 381, 243

437, 504, 262

408, 128, 251

540, 408, 251

304, 381, 263

381, 304, 151

315, 304, 263

381, 151, 303

244, 381, 303

206, 244, 303

263, 262, 314

314, 315, 263

521, 303, 151

207, 206, 303

206, 207, 60

207, 303, 521

253, 262, 504

262, 253, 314

314, 253, 400

400, 315, 314

180, 60, 207

488, 400, 253

488, 486, 400

486, 488, 124

124, 516, 486

124, 63, 516

246, 124, 488

246, 488, 153

63, 124, 214

246, 376, 124

376, 214, 124

179, 79, 508

79, 113, 508

113, 19, 508

179, 471, 79

471, 319, 79

79, 196, 113

353, 179, 508

179, 430, 471

319, 471, 323

471, 430, 323

276, 319, 323

319, 276, 383

19, 113, 475

196, 475, 113

79, 319, 145

145, 319, 539

353, 294, 179

277, 430, 179

430, 277, 8

8, 133, 430

383, 539, 319

539, 383, 384

540, 145, 539

540, 539, 333

277, 540, 8

540, 333, 8

545, 79, 145

98, 545, 145

79, 141, 196

141, 79, 492

545, 492, 79

492, 112, 141

309, 537, 178

537, 254, 178

227, 537, 309

172, 537, 227

224, 254, 537

227, 71, 172

227, 497, 71

178, 254, 505

178, 505, 118

380, 224, 537

172, 518, 537

48, 380, 537

48, 537, 518

380, 48, 538

58, 48, 518

538, 35, 380

419, 309, 178

227, 309, 94

311, 419, 178

94, 497, 227

178, 118, 311

419, 99, 309

309, 99, 94

311, 216, 419

19, 97, 508

97, 19, 335

97, 335, 256

97, 256, 175

257, 335, 19

256, 335, 257

256, 257, 438

257, 19, 480

436, 257, 480

500, 257, 436

19, 340, 480

340, 19, 475

339, 508, 97

97, 47, 339

181, 340, 475

340, 181, 403

181, 475, 196

181, 351, 403

496, 181, 196

181, 443, 351

141, 496, 196

443, 181, 496

509, 370, 417

417, 135, 509

135, 417, 557

49, 135, 557

49, 70, 135

70, 49, 164

356, 70, 164

182, 29, 159

29, 182, 476

182, 159, 198

29, 410, 159

527, 476, 182

476, 532, 29

32, 527, 182

182, 198, 554

554, 198, 289

410, 29, 513

218, 29, 532

29, 28, 513

29, 218, 28

528, 218, 532

218, 367, 28

218, 528, 367

38, 149, 78

149, 38, 451

190, 451, 38

451, 190, 517

298, 38, 78

38, 298, 366

38, 366, 190

454, 190, 366

45, 451, 517

44, 149, 451

149, 44, 160

451, 45, 44

13, 45, 517

482, 13, 517

45, 14, 44

14, 45, 13

149, 506, 78

506, 143, 78

192, 143, 506

506, 149, 160

192, 506, 160

192, 160, 10

160, 144, 10

147, 136, 462

462, 136, 192

142, 192, 136

285, 136, 147

285, 147, 220

220, 147, 527

371, 136, 285

371, 142, 136

130, 371, 285

420, 142, 371

130, 285, 220

147, 462, 67

147, 67, 62

462, 192, 286

462, 360, 67

286, 360, 462

67, 520, 62

67, 26, 520

26, 67, 360

241, 282, 413

282, 259, 413

282, 440, 259

241, 125, 282

282, 446, 440

282, 125, 154

154, 446, 282

259, 402, 413

413, 402, 347

259, 165, 402

165, 259, 215

347, 402, 213

213, 402, 467

175, 470, 93

470, 175, 256

93, 470, 268

93, 268, 92

256, 438, 470

470, 438, 435

435, 268, 470

92, 268, 71

71, 268, 318

318, 268, 435

134, 89, 49

89, 164, 49

49, 557, 134

134, 557, 292

164, 89, 170

89, 90, 170

183, 121, 514

121, 405, 514

50, 405, 121

177, 121, 183

176, 50, 121

176, 121, 177

362, 50, 176

281, 50, 362

362, 273, 281

281, 273, 387

387, 273, 465

273, 358, 465

358, 248, 465

248, 358, 183

474, 465, 248

474, 248, 312

474, 312, 412

412, 312, 449

312, 157, 449

157, 429, 449

131, 357, 202

4, 202, 357

294, 277, 179

342, 139, 280

342, 280, 105

243, 150, 245

487, 245, 150

152, 529, 168

529, 152, 209

161, 195, 101

395, 101, 195

110, 161, 101

110, 330, 161

169, 395, 195

428, 463, 427

463, 202, 427

548, 226, 422

563, 422, 226

422, 5, 548

5, 422, 336

188, 336, 422

540, 74, 408

16, 23, 404

326, 109, 171

391, 109, 326

209, 61, 205

493, 538, 48

493, 51, 538

538, 51, 35

493, 48, 58

58, 65, 493

102, 99, 419

102, 73, 99

419, 216, 102

102, 216, 106

73, 94, 99

94, 73, 68

206, 522, 243

243, 244, 206

60, 522, 206

522, 60, 564

564, 133, 522

37, 46, 231

37, 231, 385

36, 46, 37

37, 284, 36

46, 36, 498

345, 498, 36

407, 347, 301

241, 347, 407

241, 413, 347

407, 125, 241

125, 407, 287

445, 287, 407

431, 301, 347

213, 431, 347

89, 134, 91

91, 134, 337

426, 91, 337

426, 183, 91

426, 248, 183

514, 91, 183

90, 91, 514

89, 91, 90

248, 426, 260

260, 312, 248

134, 292, 337

308, 426, 337

308, 260, 426

279, 546, 310

279, 72, 546

401, 310, 546

401, 546, 472

421, 401, 472

72, 556, 546

401, 421, 561

561, 421, 307

279, 310, 354

310, 239, 354

72, 279, 355

346, 239, 310

354, 325, 279

325, 355, 279

239, 346, 299

354, 239, 350

290, 355, 325

354, 120, 325

325, 120, 290

101, 197, 211

197, 101, 395

211, 197, 547

31, 211, 547

110, 101, 211

31, 34, 211

434, 406, 307

434, 307, 543

543, 423, 434

543, 307, 542

543, 542, 423

434, 423, 458

375, 307, 406

542, 307, 421

553, 542, 421

307, 375, 561

553, 25, 542

447, 379, 316

447, 531, 379

447, 300, 531

300, 301, 531

301, 300, 407

317, 316, 379

379, 531, 322

322, 531, 301

317, 379, 274

274, 379, 322

431, 322, 301

275, 274, 322

431, 275, 322

71, 274, 172

274, 71, 318

274, 318, 317

172, 274, 275

518, 172, 275

275, 431, 518

65, 518, 431

123, 122, 167

555, 122, 123

555, 57, 122

123, 167, 106

11, 555, 123

481, 11, 123

57, 555, 107

83, 555, 11

122, 68, 167

57, 47, 122

167, 68, 73

102, 167, 73

102, 106, 167

47, 57, 107

68, 122, 162

122, 47, 162

72, 355, 157

312, 72, 157

157, 355, 344

429, 157, 344

158, 429, 344

306, 344, 355

550, 306, 355

355, 290, 550

72, 312, 261

261, 312, 260

261, 556, 72

260, 308, 261

162, 93, 68

162, 175, 93

93, 94, 68

97, 175, 162

47, 97, 162

507, 508, 82

508, 507, 229

508, 339, 82

229, 353, 508

339, 502, 82

82, 83, 507

83, 82, 107

450, 229, 507

450, 507, 83

107, 82, 502

440, 494, 215

440, 215, 259

316, 439, 255

317, 439, 316

435, 439, 317

318, 435, 317

316, 255, 489

20, 15, 385

385, 231, 20

156, 235, 204

204, 52, 156

525, 52, 236

237, 525, 236

237, 240, 525

237, 523, 240

142, 143, 192

242, 558, 464

302, 558, 242

464, 187, 242

513, 249, 410

516, 145, 540

63, 145, 516

145, 63, 98

382, 452, 372

382, 207, 452

383, 382, 372

103, 375, 81

81, 399, 103

394, 375, 103

103, 399, 484

484, 359, 103

394, 103, 359

212, 217, 315

180, 207, 382

559, 212, 129

77, 270, 536

202, 4, 427

460, 105, 363

363, 16, 460

251, 128, 129

457, 288, 20

220, 527, 32

32, 41, 220

3, 425, 418

93, 497, 94

93, 92, 497

497, 92, 71

229, 450, 519

305, 229, 519

229, 305, 200

200, 353, 229

294, 353, 200

298, 174, 397

298, 373, 174

420, 174, 373

298, 397, 205

205, 366, 298

174, 420, 291

115, 174, 291

115, 87, 174

348, 87, 115

348, 168, 87

168, 397, 87

27, 115, 291

115, 27, 548

5, 115, 548

297, 336, 202

552, 336, 297

336, 552, 348

202, 374, 297

552, 168, 348

552, 297, 152

168, 552, 152

297, 416, 152

297, 374, 416

416, 209, 152

158, 155, 416

416, 368, 158

454, 416, 155

454, 61, 416

209, 416, 61

463, 368, 416

374, 463, 416

558, 208, 258

558, 258, 464

464, 258, 559

2, 208, 558

2, 230, 208

295, 230, 2

202, 463, 374

400, 486, 315

107, 555, 83

295, 133, 333

295, 333, 539

384, 295, 539

358, 176, 177

176, 358, 393

358, 273, 393

393, 273, 362

524, 530, 54

524, 42, 530

446, 269, 440

50, 88, 405

281, 533, 50

98, 63, 6

545, 98, 560

560, 98, 6

522, 302, 243

242, 243, 302

150, 243, 242

150, 242, 187

159, 410, 66

452, 207, 453

207, 521, 453

453, 521, 151

151, 217, 453

388, 449, 429

449, 388, 387

429, 533, 388

281, 388, 533

281, 387, 388

117, 553, 421

117, 421, 472

392, 117, 472

289, 22, 554

22, 289, 23

10, 144, 441

401, 359, 310

359, 401, 394

359, 479, 310

401, 561, 394

485, 438, 257

3, 418, 232

247, 34, 31

34, 247, 526

526, 247, 329

247, 31, 334

154, 247, 334

329, 247, 154

334, 446, 154

446, 334, 269

349, 123, 119

106, 119, 123

119, 106, 501

106, 216, 501

123, 349, 481

96, 203, 526

526, 203, 33

34, 526, 33

34, 33, 490

203, 96, 42

404, 120, 171

404, 290, 120

138, 404, 171

326, 171, 120

326, 120, 541

541, 391, 326

232, 391, 541

232, 541, 3

191, 272, 223

255, 223, 272

191, 265, 272

191, 223, 338

272, 489, 255

255, 439, 223

271, 223, 439

485, 338, 223

223, 271, 485

438, 271, 439

439, 435, 438

271, 438, 485

95, 203, 55

203, 95, 490

490, 33, 203

95, 55, 466

524, 55, 203

466, 330, 95

466, 55, 54

55, 524, 54

515, 466, 54

203, 42, 524

515, 330, 466

110, 95, 330

139, 549, 554

544, 554, 549

280, 139, 554

280, 554, 194

554, 22, 194

21, 280, 194

280, 21, 105

21, 363, 105

363, 21, 194

22, 16, 194

16, 363, 194

208, 452, 258

452, 453, 258

217, 258, 453

212, 258, 217

452, 208, 372

230, 372, 208

540, 251, 516

251, 486, 516

526, 329, 96

328, 96, 329

96, 328, 77

96, 77, 536

270, 77, 328

154, 328, 329

467, 402, 351

351, 402, 165

351, 510, 467

510, 351, 443

510, 443, 496

130, 418, 425

41, 418, 130

189, 130, 425

220, 41, 130

189, 291, 130

371, 130, 291

189, 9, 291

425, 9, 189

291, 9, 132

371, 291, 420

27, 291, 132

441, 39, 108

40, 441, 108

108, 39, 264

26, 441, 40

367, 40, 108

39, 441, 144

238, 40, 367

520, 26, 40

238, 520, 40

490, 95, 211

211, 95, 110

490, 211, 34

78, 373, 298

373, 78, 143

143, 142, 373

514, 405, 86

86, 116, 514

116, 86, 85

90, 514, 116

116, 477, 90

46, 499, 88

405, 88, 499

498, 499, 46

512, 214, 376

214, 512, 6

6, 63, 214

116, 85, 126

126, 477, 116

477, 126, 356

345, 126, 85

170, 477, 356

299, 346, 343

112, 492, 111

489, 219, 166

489, 272, 219

100, 489, 166

219, 415, 166

265, 219, 272

415, 414, 166

265, 84, 219

84, 415, 219

403, 165, 215

165, 403, 351

356, 186, 70

284, 70, 186

36, 284, 186

185, 186, 356

185, 36, 186

310, 479, 346

109, 549, 139

549, 109, 199

232, 549, 199

115, 336, 348

404, 138, 105

138, 171, 342

232, 199, 391

2, 558, 302

522, 2, 302

342, 105, 138

336, 115, 5

168, 529, 397

2, 522, 133

487, 150, 187

387, 465, 378

171, 109, 139

187, 128, 487

205, 397, 529

105, 460, 404

133, 8, 333

404, 460, 16

171, 139, 342

563, 357, 131

362, 176, 393

391, 199, 109

187, 464, 559

205, 529, 209

559, 128, 187

128, 559, 129

361, 0, 1

361, 411, 0

361, 1, 411

0, 411, 1

188, 202, 336

202, 188, 131

422, 131, 188

131, 422, 563

212, 486, 251

129, 212, 251

23, 550, 404

304, 315, 217

304, 217, 151

373, 142, 420

486, 212, 315

243, 381, 244

9, 299, 132

549, 232, 418

61, 454, 366

205, 61, 366

556, 392, 546

10, 441, 286

286, 441, 360

392, 556, 104

425, 3, 148

294, 540, 277

472, 546, 392

141, 112, 496

415, 84, 234

23, 16, 22

528, 520, 238

528, 238, 367

372, 384, 383

183, 358, 177

428, 368, 463

295, 384, 372

230, 295, 372

133, 564, 430

360, 441, 26

212, 559, 258

133, 295, 2

383, 180, 382

541, 354, 350

541, 350, 148

148, 3, 541

541, 120, 354

431, 213, 65

210, 492, 545

328, 154, 125

125, 287, 328

42, 96, 536

299, 535, 132

86, 499, 85

498, 85, 499

85, 498, 345

482, 483, 264

13, 482, 264

108, 264, 483

264, 14, 13

14, 264, 39

155, 23, 454

550, 23, 155

306, 550, 155

155, 158, 306

344, 306, 158

235, 250, 54

54, 250, 515

513, 28, 483

399, 414, 12

414, 399, 503

399, 81, 503

39, 144, 160

39, 160, 44

44, 14, 39

182, 544, 32

32, 544, 418

32, 418, 41

502, 47, 107

339, 47, 502

74, 540, 294

74, 294, 409

408, 74, 409

185, 356, 126

126, 345, 185

36, 185, 345

450, 83, 327

327, 83, 481

191, 193, 265

84, 265, 193

299, 9, 239

9, 350, 239

9, 425, 350

350, 425, 148

405, 499, 86

87, 397, 174

24, 226, 293

226, 24, 456

293, 226, 140

548, 140, 226

226, 456, 563

456, 357, 563

321, 288, 478

321, 478, 169

461, 23, 190

190, 454, 461

461, 454, 23

12, 414, 234

415, 234, 414

287, 270, 328

485, 257, 500

549, 418, 544

323, 430, 564

564, 180, 323

276, 323, 180

564, 60, 180

180, 383, 276

166, 414, 503

108, 483, 28

367, 108, 28

182, 554, 544

518, 65, 58

290, 404, 550

261, 104, 556

104, 261, 308

23, 289, 222

412, 449, 378

412, 378, 474

378, 465, 474

449, 387, 378

83, 11, 481

561, 375, 394

477, 170, 90

112, 510, 496

503, 81, 166

81, 100, 166

485, 500, 338

356, 164, 170

429, 158, 386

368, 386, 158
