
-0.00781199979782
0.0714400024414
0.246700012207

-0.00781799983978
0.0714300003052
0.246700012207

-0.0322700004578
-0.0263700008392
0.0148000030518

-0.0390099983215
0.0120399999619
0.179600006104

-0.0335800018311
0.0247900009155
0.211200012207

-0.0400600013733
0.0188799991608
0.212899993896

-0.0300599994659
-0.0670500030518
0.00840000152588

0.0315
-0.00888300037384
0.191600006104

-0.0390400009155
-0.0193700008392
0.0165999984741

-0.0405800018311
0.00553499984741
0.193200012207

-0.136800003052
0.0196399993896
0.205100006104

-0.0240900001526
0.0553300018311
0.0149000015259

-0.0109600000381
0.0105600004196
0.151

-0.136800003052
0.0439599990845
0.200600006104

-0.1415
0.0408400001526
0.203200012207

-0.0169599990845
0.0475999984741
0.248799987793

-0.04125
0.0531800003052
0.180700012207

0.0307299995422
-0.0202700004578
0.191

0.0299400005341
-0.0194699993134
0.192600006104

-0.0351399993896
-0.0106999998093
0.0791000061035

-0.0268799991608
0.0284699993134
0.242700012207

-0.0424399986267
0.0491500015259
0.176200012207

-0.0432099990845
0.0491100006104
0.182299987793

-0.0426300010681
0.0553699989319
0.189200012207

-0.0368699989319
-0.00216899991035
0.208100006104

0.0307399997711
0.00232100009918
0.188799987793

-0.1425
0.0164300003052
0.191799987793

-0.0421300010681
0.010779999733
0.2055

-0.137899993896
0.0348199996948
0.179299987793

-0.106400001526
0.0311399993896
0.177799987793

-0.0289599990845
-0.0314899997711
0.190799987793

-0.0261299991608
-0.0724400024414
0.194

-0.0465099983215
0.0238299999237
0.180399993896

-0.0130399999619
-0.101699996948
0.190799987793

-0.0207700004578
-0.0955899963379
0.190600006104

0.0303600006104
-0.0628800010681
0.00719000244141

-0.0118000001907
0.115599998474
0.2475

-0.0163700008392
0.0979199981689
0.247399993896

-0.0608400001526
0.0455400009155
0.203100006104

-0.143300003052
0.0322099990845
0.203899993896

-0.143600006104
0.024
0.186299987793

-0.0459700012207
0.0195900001526
0.182200012207

0.0223799991608
-0.0978700027466
0.193799987793

0.0323199996948
-0.0390699996948
0.206200012207

-0.136699996948
0.0359000015259
0.207700012207

-0.133100006104
0.0415200004578
0.204200012207

-0.0223099994659
0.101400001526
0.238700012207

-0.0239400005341
0.0493300018311
0.0606999969482

0.0357599983215
-0.0621399993896
0.0538000030518

0.0161100006104
0.0922699966431
0.240899993896

-0.0185599994659
0.0849899978638
0.211899993896

0.0213700008392
-0.0681399993896
0.0115

0.0245799999237
-0.0425999984741
0.2375

0.0172099990845
-0.0740500030518
0.064

0.0182299995422
-0.101099998474
0.221899993896

0.011
-0.105599998474
0.212299987793

0.0121599998474
-0.0124300003052
0.251

-0.0235100002289
0.0554000015259
0.0485

0.0338100013733
-0.0642900009155
0.0691999969482

0.00953999996185
-0.0324700012207
0.247899993896

-0.0289500007629
-0.0285300006866
0.0199000015259

-0.0408300018311
0.0524900016785
0.205

-0.128899993896
0.0198099994659
0.182200012207

-0.0329500007629
-0.0609199981689
0.00483999633789

0.010029999733
-0.0689300003052
0.00587000274658

0.0280599994659
-0.0663099975586
0.0763999938965

-0.0800699996948
0.0479900016785
0.186600006104

-0.133100006104
0.0157100000381
0.190899993896

0.0137700004578
0.0515400009155
0.0586000061035

0.0128100004196
0.00967399978638
0.251200012207

0.00607999992371
0.103099998474
0.249200012207

0.0281299991608
-0.00604899978638
0.0798999938965

-0.00085229998827
0.0442999992371
0.188

0.0213600006104
0.0538499984741
0.0473000030518

-0.0279699993134
-0.0103199996948
0.00494000244141

-0.00886699962616
0.0591699981689
0.2515

0.00174699997902
0.0518100013733
0.252399993896

0.0164799995422
-0.0811200027466
0.181600006104

-0.0672900009155
0.0344000015259
0.207899993896

-0.0412799987793
-0.0494700012207
0.0565

0.0138000001907
-0.00729799985886
0.148199996948

0.00665899991989
0.00959300041199
0.148199996948

-0.0363899993896
0.0425800018311
0.0388000030518

-0.0321399993896
0.0499099998474
0.0161999969482

-0.0118800001144
-0.00303900003433
0.137699996948

-0.012279999733
0.124800003052
0.234299987793

-0.0113699998856
0.122699996948
0.223899993896

-0.0416500015259
0.0346300010681
0.215600006104

-0.0225300006866
0.0970500030518
0.222399993896

0.014720000267
0.110199996948
0.230700012207

0.00673799991608
0.122199996948
0.225399993896

0.0110100002289
0.0982399978638
0.2155

0.0244400005341
0.0178099994659
0.0753999938965

0.0173299999237
0.0312199993134
0.0736999969482

0.0257399997711
0.0411599998474
0.0621999969482

-0.0118100004196
-0.105800003052
0.214200012207

0.00906900024414
-0.0924199981689
0.180899993896

-0.0289599990845
0.0297999992371
0.0721999969482

-0.0359199981689
-0.0618899993896
0.0103000030518

0.0265
0.0491899986267
0.0395

0.00815100002289
0.000688199996948
0.141899993896

-0.0243199996948
-0.0788099975586
0.225200012207

0.0219799995422
0.0535299987793
0.0201999969482

0.00229699993134
0.01575
0.161800003052

0.0227600002289
0.0414799995422
0.191200012207

-0.0415999984741
0.0470600013733
0.172700012207

0.0154200000763
0.0547099990845
0.0106999969482

-0.0296000003815
0.0529399986267
0.0443000030518

-0.143699996948
0.0337999992371
0.184799987793

-0.0401899986267
0.0282099990845
0.168

-0.0178899993896
-0.101
0.221200012207

-0.0301499996185
-0.0731500015259
0.0528999938965

-0.0347299995422
-0.0673600006104
0.0716999969482

-0.0389099998474
-0.0352200012207
0.0763999938965

-0.0327400016785
-0.0224599990845
0.232899993896

-0.0412200012207
0.0232000007629
0.213100006104

-0.0025039999485
0.126199996948
0.227899993896

0.0240699996948
0.0295900001526
0.185100006104

0.0295900001526
0.0263799991608
0.00759999847412

0.00544799995422
0.0501800003052
0.00637000274658

-0.0379099998474
0.0305400009155
0.178700012207

-0.00741900014877
0.0940400009155
0.208799987793

-0.00509499979019
0.0579199981689
0.047

-0.00702899980545
0.0576100006104
0.0138000030518

-0.0167700004578
-0.0583400001526
0.00255999755859

0.00472900009155
-0.0544700012207
0.166700012207

-0.00547200012207
0.124400001526
0.240799987793

0.00428200006485
0.0696600036621
0.248299987793

-0.00826500034332
-0.01825
0.00123999786377

-0.00906200027466
-0.0221900005341
0.0017799987793

-0.0465999984741
0.01725
0.189200012207

-0.0371599998474
0.0166499996185
0.210799987793

-0.0400200004578
0.00447200012207
0.198600006104

-0.0357999992371
-0.0243799991608
0.017

0.0220699996948
0.0764800033569
0.223899993896

0.0140200004578
0.0728199996948
0.242700012207

-0.0683300018311
0.0202600002289
0.196600006104

-0.00779899978638
-0.00827600002289
0.253799987793

-0.0405400009155
0.0427000007629
0.170700012207

-0.0425
0.0343300018311
0.169100006104

-0.0407700004578
0.00626300001144
0.205

-0.0382000007629
-0.0613400001526
0.0738000030518

-0.0586300010681
0.0230100002289
0.203799987793

-0.0688799972534
0.0254599990845
0.207100006104

-0.142100006104
0.0238700008392
0.206399993896

-0.0385499992371
-0.0511500015259
0.0124000015259

-0.0300900001526
0.0585600013733
0.229399993896

-0.0858399963379
0.0194400005341
0.184

-0.0366300010681
0.0124600000381
0.185

-0.110300003052
0.0350999984741
0.208399993896

-0.00671500015259
-0.0192199993134
0.00430000305176

-0.00701200008392
-0.0263799991608
0.00890000152588

-0.0384000015259
0.0458199996948
0.211

0.0233500003815
-0.0646399993896
0.00426999664307

-0.00722399997711
-0.0588899993896
0.173600006104

-0.0361599998474
0.0545699996948
0.195100006104

0.0188500003815
-0.0617799987793
0.235799987793

-0.0124600000381
0.0526599998474
0.194899993896

-0.0266299991608
0.0515400009155
0.198299987793

-0.0819499969482
0.0428499984741
0.180899993896

-0.133899993896
0.0271599998474
0.208899993896

-0.0116700000763
-0.0877399978638
0.232200012207

-0.00525
0.0465
0.0676999969482

-0.0191100006104
-0.0227199993134
0.114899993896

0.0110799999237
0.115199996948
0.240700012207

-0.0150500001907
-0.0595699996948
0.0981000061035

0.0034849998951
0.00300300002098
0.141199996948

0.0129099998474
0.0587200012207
0.0355

-0.0402400016785
0.0412799987793
0.214799987793

-0.0319899997711
-0.0150100002289
0.241600006104

0.009625
0.121400001526
0.235700012207

-0.0389500007629
0.0346300010681
0.169600006104

0.0332999992371
-0.0279899997711
0.0791000061035

0.0196800003052
-0.0411199989319
0.1775

-0.0425099983215
0.0288199996948
0.208600006104

-0.00756699991226
0.0282099990845
0.078

-0.00919699954987
0.0792099990845
0.206100006104

-0.00304399991035
0.08
0.205799987793

0.03175
0.0194500007629
0.0166999969482

-0.0401100006104
-0.0104399995804
0.0265999984741

-0.0343899993896
-0.0315900001526
0.0235

-0.0322900009155
-0.0521399993896
0.084

-0.0553899993896
0.0326699981689
0.179

0.00501599979401
0.0841900024414
0.208

0.0011970000267
-0.014720000267
0.254600006104

-0.00529600000381
0.120199996948
0.246200012207

-0.00357399988174
0.114599998474
0.249200012207

-0.00856000041962
-0.0200200004578
0.00336000061035

-0.0380900001526
0.0204899997711
0.2135

-0.0429599990845
0.01125
0.191700012207

-0.0555299987793
0.0509799995422
0.195399993896

-0.0146800003052
-0.0145900001526
0.122899993896

-0.104199996948
0.0196700000763
0.205399993896

-0.0160400009155
-0.00974199962616
0.138800003052

-0.0425699996948
0.0494399986267
0.178200012207

-0.0259799995422
-0.0334900016785
0.239799987793

-0.0388100013733
-0.0524000015259
0.0788000030518

-0.0350099983215
-0.0373699989319
0.219600006104

-0.0586599998474
0.0452599983215
0.183899993896

-0.0406699981689
0.0240300006866
0.168899993896

-0.0355
0.00472200012207
0.0134000015259

0.0271000003815
-0.0613600006104
0.195200012207

-0.0350900001526
0.0259500007629
0.210100006104

0.00584899997711
-0.103300003052
0.193399993896

0.0249599990845
-0.0632099990845
0.229100006104

-0.0421699981689
0.04925
0.207899993896

-0.0209099998474
-0.0269500007629
0.0158000030518

-0.0228199996948
-0.0297600002289
0.0161999969482

-0.0274400005341
-0.0280799999237
0.0128000030518

-0.0396300010681
0.0497799987793
0.208399993896

-0.0265300006866
-0.0710400009155
0.0326999969482

-0.0246100006104
-0.0943000030518
0.208799987793

-0.00606500005722
-0.0251499996185
0.0014700012207

0.00791400003433
-0.0667699966431
0.0848000030518

-0.0232600002289
-0.0654199981689
0.00369000244141

-0.0158999996185
-0.0561899986267
0.109300003052

0.0232800006866
0.0484700012207
0.0085

-0.00294799995422
-0.0260900001526
0.00483000183105

-0.134
0.0272900009155
0.1785

-0.00391300010681
-0.00102499997616
0.135800003052

-0.0543400001526
0.0220300006866
0.183600006104

0.0274400005341
-0.0714100036621
0.220399993896

-0.0533199996948
0.0501899986267
0.188299987793

-0.00614799976349
-0.0126899995804
0.109899993896

0.0340699996948
-0.0425099983215
0.0116999969482

0.0302299995422
-0.0133299999237
0.192799987793

-0.0384199981689
0.00668200016022
0.207399993896

0.0318400001526
0.00824899959564
0.0686999969482

0.0318799991608
-0.0038710000515
0.190100006104

-0.0386699981689
0.0173400001526
0.0166999969482

-0.0348300018311
-0.0300100002289
0.0154000015259

-0.0233299999237
0.0700899963379
0.240600006104

-0.0395
0.0163600006104
0.172799987793

-0.0200100002289
-0.0180699996948
0.158399993896

-0.0149799995422
-0.0019960000515
0.147300003052

0.0223500003815
-0.0843499984741
0.227

0.0289799995422
-0.0277700004578
0.235200012207

0.0318600006104
-0.00964500045776
0.241100006104

-0.142800003052
0.0250499992371
0.181200012207

-0.0291900005341
0.00936900043488
0.1895

0.0261900005341
-0.00710200023651
0.244600006104

0.00447599983215
-0.0543800010681
0.147699996948

-0.01375
-0.0220200004578
0.00720999908447

-0.0106499996185
-0.0219200000763
0.0085

-0.0107899999619
-0.0243400001526
0.0105999984741

-0.00187000000477
-0.0181599998474
0.00404000091553

0.0113699998856
-0.0636199989319
0.00237999725342

-0.0159200000763
-0.07275
0.182

0.00497800016403
0.07325
0.205399993896

-0.104800003052
0.0466399993896
0.188

0.00634899997711
-0.0845800018311
0.234600006104

-0.013970000267
-0.0247000007629
0.00169999694824

-0.00998200035095
0.02275
0.00255000305176

0.0292700004578
-0.0310699996948
0.00406999969482

0.0331699981689
-0.0256299991608
0.0116999969482

0.00431500005722
-0.0119099998474
0.118100006104

-0.0166000003815
0.00161500000954
0.0843999938965

-0.0228299999237
-0.0153800001144
0.0876999969482

-0.0121999998093
-0.0257099990845
0.00583000183105

-0.0114200000763
-0.0586399993896
0.113800003052

0.0141499996185
0.0547599983215
0.200600006104

0.0148999996185
0.0461500015259
0.193799987793

0.0179099998474
-0.0228899993896
0.00229000091553

0.00953199958801
-0.0227900009155
0.00279000091553

-0.143
0.0428100013733
0.1945

-0.00979199981689
-0.00758799982071
0.132399993896

-0.00989799976349
0.0118299999237
0.169700012207

0.0266100006104
0.0249899997711
0.196899993896

0.0173999996185
-0.00399799990654
0.0846000061035

-0.0196900005341
-0.0473400001526
0.176299987793

0.0194899997711
-0.0593699989319
0.182299987793

-0.0042389998436
-0.0125200004578
0.0986999969482

-0.00405499982834
-0.00863599967957
0.1285

-0.0111300001144
0.0765699996948
0.207799987793

0.0227000007629
-0.0307900009155
0.0896000061035

0.0259500007629
-0.0430999984741
0.0876000061035

-0.0382599983215
-0.0344599990845
0.0265

-0.0393899993896
-0.0125900001526
0.0164000015259

-0.0227299995422
-0.0309200000763
0.176299987793

-0.0185699996948
0.0363400001526
0.183600006104

-0.0425900001526
0.0421599998474
0.172100006104

-0.0197399997711
0.0759400024414
0.212100006104

-0.00679400014877
-0.0533600006104
0.157399993896

-0.00296799993515
0.0672399978638
0.250600006104

-0.00615299987793
0.100900001526
0.251600006104

-0.0554799995422
0.02075
0.189899993896

-0.1315
0.0166100006104
0.201899993896

0.014779999733
-0.0517799987793
0.173399993896

-0.0315
0.00226099991798
0.2435

-0.0467799987793
0.0487099990845
0.185100006104

-0.0360800018311
0.0439199981689
0.182600006104

-0.0436599998474
0.0165499992371
0.201200012207

0.0273299999237
0.0502299995422
0.219799987793

-0.0389300003052
0.00122800004482
0.203899993896

-0.0362700004578
-0.0091280002594
0.0126999969482

-0.0378100013733
-0.0297000007629
0.0151999969482

0.0323699989319
-0.0228199996948
0.226299987793

-0.0352599983215
0.0397799987793
0.208399993896

-0.0455499992371
0.0399799995422
0.205

-0.0324900016785
-0.00139400005341
0.193600006104

0.0177199993134
-0.0445699996948
0.142

0.0168799991608
-0.0516800003052
0.108699996948

-0.0237999992371
-0.0242700004578
0.012

-0.0139899997711
-0.0268500003815
0.0125999984741

0.00342000007629
-0.0241700000763
0.00416999816895

-0.0316200008392
0.0149600000381
0.0109000015259

-0.03075
0.0524799995422
0.193100006104

0.0183400001526
4.6819999814e-05
0.1825

0.0187099990845
0.0475999984741
0.199600006104

0.0320099983215
0.0274099998474
0.0488000030518

-0.0103400001526
0.0203199996948
0.181700012207

0.0278799991608
0.0402000007629
0.00780999755859

0.00381500005722
0.0557099990845
0.196600006104

0.00581699991226
-0.0146800003052
0.00219000244141

0.0124300003052
-0.0275900001526
0.00116000366211

0.00535099983215
-0.0266900005341
0.000879997253418

0.0151099996567
-0.0194799995422
0.116

0.015220000267
-0.0202700004578
0.0975

0.0169400005341
-0.0156899995804
0.089

-0.0399700012207
-0.0387900009155
0.0288000030518

0.0314799995422
0.000709900021553
0.235700012207

-0.0269899997711
-0.00613700008392
0.245600006104

0.0199400005341
-0.0451699981689
0.0975

-0.0380999984741
-0.0304699993134
0.0265

-0.0201900005341
-0.0395600013733
0.156399993896

-0.0324300003052
0.0378499984741
0.182899993896

-0.0384500007629
0.0264099998474
0.171200012207

-0.0287700004578
0.0425499992371
0.00637999725342

0.00903199958801
-0.0647200012207
0.1765

-0.00331699991226
-0.0735
0.177600006104

-0.00810599994659
-0.103199996948
0.2255

0.00183899998665
-0.00737300014496
0.254299987793

-0.00455100011826
0.0766500015259
0.251100006104

-0.0389900016785
-0.0229699993134
0.0141999969482

-0.0198999996185
-0.0584900016785
0.182399993896

-0.0290499992371
0.00594799995422
0.0793999938965

-0.0385699996948
0.0259099998474
0.215100006104

0.0218700008392
0.0620200004578
0.213

-0.0160799999237
-0.0184799995422
0.103899993896

-0.0355499992371
0.0383400001526
0.0596000061035

-0.0270599994659
-0.0380499992371
0.0901000061035

0.0296100006104
0.0233500003815
0.230399993896

-0.0414599990845
0.0396199989319
0.169

-0.0234200000763
-0.0165300006866
0.181399993896

-0.0236299991608
0.0519399986267
0.1955

-0.0110500001907
0.121400001526
0.243100006104

-0.0221700000763
0.00324000000954
0.185299987793

0.00931299972534
-0.0594599990845
0.105699996948

-0.0396300010681
0.0318600006104
0.217600006104

-0.0123500003815
0.0492999992371
0.00626000213623

-0.0347599983215
0.0112399997711
0.188100006104

-0.0228500003815
-0.0610499992371
0.0883000030518

0.0163999996185
-0.0183899993896
0.1375

-0.0395400009155
0.00367600011826
0.0220999984741

-0.0289799995422
0.0256900005341
0.183399993896

-0.0270200004578
0.0479300003052
0.189

0.00478000020981
0.1215
0.243

-0.0357900009155
0.0117299995422
0.212600006104

-0.00375
0.0768499984741
0.206600006104

-0.00491499996185
0.0151099996567
0.174399993896

-0.136699996948
0.0150600004196
0.197700012207

-0.00777400016785
0.0714400024414
0.246700012207

-0.0139799995422
0.0776100006104
0.208399993896

-0.0422000007629
0.0515299987793
0.178100006104

0.0295300006866
-0.0307199993134
0.194100006104

0.02975
-0.015470000267
0.196700012207

-0.0453800010681
0.0490499992371
0.202100006104

-0.142600006104
0.0280200004578
0.179600006104

-0.0280599994659
0.0485099983215
0.202700012207

0.0292399997711
-0.000417699992657
0.193799987793

0.0253199996948
0.0207099990845
0.241

-0.0492700004578
0.0206800003052
0.197899993896

-0.0338300018311
-0.0325200004578
0.0169000015259

-0.0488600006104
0.0285799999237
0.205799987793

-0.0320699996948
0.0412700004578
0.205399993896

0.00940499973297
0.0070110001564
0.172799987793

-0.0099420003891
-0.0698099975586
0.00513999938965

0.0290200004578
0.00808800029755
0.192399993896

-0.0103999996185
0.0756500015259
0.207600006104

0.0187099990845
-0.0348800010681
0.106199996948

0.0343400001526
-0.0543499984741
0.015

0.00058630001545
-0.0218099994659
0.00579000091553

-0.0316700000763
-0.0325400009155
0.0199000015259

-0.0379099998474
-0.0360600013733
0.0230999984741

-0.0387299995422
-0.0360400009155
0.0176999969482

-0.0182600002289
0.0690800018311
0.245600006104

-0.0261499996185
0.0526800003052
0.2055

-0.0135900001526
0.0751100006104
0.208299987793

-0.0198400001526
0.0709700012207
0.21

-0.0339900016785
0.00650600004196
0.231600006104

-0.0333199996948
0.0279500007629
0.215200012207

-0.0388800010681
0.0228899993896
0.169899993896

0.0238400001526
0.0362000007629
0.184600006104

-0.00890699958801
0.07725
0.206299987793

0.00295300006866
0.0144799995422
0.175600006104

-0.0311200008392
-0.0324900016785
0.234100006104

-0.0333800010681
9.06999967992e-06
0.240399993896

-0.0418800010681
0.0429399986267
0.212200012207

-0.0145699996948
0.00241300010681
0.170399993896

-0.00200600004196
0.0131300001144
0.146

0.0106300001144
-0.0303700008392
0.000550003051758

0.00526900005341
0.0193999996185
0.181299987793

-0.00806999969482
-0.0633600006104
0.0941000061035

-0.0215799999237
-0.0534900016785
0.0951999969482

-0.0390099983215
0.0485299987793
0.178

-0.0148100004196
0.109400001526
0.217399993896

0.0173199996948
-0.0143500003815
0.175700012207

0.0140500001907
-0.0488600006104
0.154100006104

-0.0200100002289
-0.0119099998474
0.00276000213623

-0.0213999996185
-0.00352200007439
0.00581999969482

-0.1035
0.0428199996948
0.181700012207

-0.0078109998703
0.0714400024414
0.246700012207

-0.00594299983978
0.0709700012207
0.202799987793

-0.00193499994278
-0.0602200012207
0.117399993896

-0.00781599998474
0.00626700019836
0.142300003052

-0.00892899990082
0.000180999994278
0.140699996948

-0.0340200004578
0.0489500007629
0.2025

0.0204699993134
0.0545400009155
0.2415

-0.0427299995422
0.0153500003815
0.1775

0.0283299999237
0.0430400009155
0.0159000015259

-0.0467400016785
0.0234899997711
0.202700012207

0.0205
0.0150399999619
0.184

-0.0387599983215
0.01575
0.211399993896

0.0316100006104
-0.0141400003433
0.187200012207

-0.00945100021362
0.0162600002289
0.253600006104

-0.0407700004578
0.0102299995422
0.186799987793

0.0138000001907
0.0724199981689
0.209200012207

-0.0310400009155
0.0348499984741
0.208100006104

-0.0288299999237
0.0454599990845
0.209

-0.0209599990845
0.0578300018311
0.202299987793

-0.0383800010681
-0.0239400005341
0.0226999969482

0.0212199993134
-0.0558899993896
0.0893999938965

0.0334700012207
0.00678599977493
0.2075

-0.00858500003815
0.0699100036621
0.249200012207

0.0248299999237
-0.0265900001526
0.184799987793

0.00742100000381
-0.0109300003052
0.0908999938965

-0.0224400005341
-0.0272700004578
0.0958999938965

0.0232700004578
0.00271900010109
0.00373999786377

-0.00733799982071
-0.0103000001907
0.0911000061035

0.00478999996185
-0.0131899995804
0.100100006104

-0.0150600004196
-0.0500699996948
0.151800003052

-0.142600006104
0.0188700008392
0.199399993896

0.0243500003815
0.0405499992371
0.201600006104

-0.0306200008392
-0.0617799987793
0.0821000061035

-0.02125
-0.03575
0.109

0.0172299995422
-0.0443899993896
0.166200012207

-0.0142600002289
-0.0527099990845
0.172200012207

0.0187600002289
-0.0323100013733
0.154

-0.0236399993896
-0.0749499969482
0.0601000061035

-0.0107899999619
0.0697699966431
0.203100006104

-0.037
0.0352099990845
0.00869999694824

-0.105099998474
0.0436199989319
0.203299987793

-0.0221100006104
-0.0292600002289
0.0129000015259

-0.0132899999619
-0.0281900005341
0.00990000152588

-0.0418400001526
0.0559399986267
0.198700012207

-0.0367900009155
-0.00890200042725
0.207299987793

-0.0363699989319
0.00207999992371
0.210200012207

-0.0319300003052
0.0154499998093
0.2375

0.0287099990845
-0.0306200008392
0.190600006104

-0.011529999733
0.0818499984741
0.250700012207

-0.0409199981689
0.0514599990845
0.176899993896

-0.044
0.0559199981689
0.194600006104

-0.110900001526
0.0169400005341
0.199399993896

-0.0301100006104
0.0419900016785
0.205200012207

-0.0124799995422
-0.0233500003815
0.00491000366211

-0.00699900007248
0.0760100021362
0.206799987793

0.00207999992371
-0.105800003052
0.2225

-0.0173099994659
-0.0704199981689
0.0785

-0.00478000020981
-0.0770299987793
0.0551000061035

-0.00775400018692
-0.0711200027466
0.017

0.00435900020599
5.39200007915e-05
0.0858999938965

-0.0403400001526
-0.0313899993896
0.0323000030518

0.0211800003052
0.0307900009155
0.1825

0.0294799995422
0.00191999995708
0.197399993896

-0.00278999996185
0.0725100021362
0.203600006104

-0.0365200004578
-0.0402299995422
0.0813000030518

-0.0843799972534
0.0245799999237
0.178200012207

0.00391499996185
0.125699996948
0.234

-0.0339300003052
-0.0105799999237
0.240200012207

-0.0118500003815
0.0113400001526
0.177899993896

-0.0270599994659
-0.0251200008392
0.088

-0.0246499996185
0.0511599998474
0.00791999816895

-0.134100006104
0.0453800010681
0.191899993896

-0.140600006104
0.0416800003052
0.184700012207

-0.00555900001526
0.0155600004196
0.160399993896

-0.0119799995422
-0.0145500001907
0.0968999938965

-0.00141900002956
-0.0318799991608
0.0

-0.0031970000267
-0.0158100004196
0.00198000335693

0.0269300003052
-0.0509900016785
0.00295999908447

0.00867000007629
-0.00922599983215
0.131199996948

-0.0159300003052
-0.103800003052
0.200600006104

0.0270900001526
0.0320999984741
0.00608999633789

-0.0368400001526
-0.0671999969482
0.0508000030518

0.0247399997711
-0.0723199996948
0.0471000061035

-0.0195300006866
-0.0496500015259
0.114399993896

-0.0100699996948
-0.0286100006104
0.2495

-0.0355900001526
-0.0608199996948
0.0803000030518

0.0273899993896
0.0245599994659
0.0698000030518

-0.0166800003052
0.118900001526
0.240100006104

-0.0189899997711
0.117400001526
0.23

-0.0189699993134
-0.0200100002289
0.0953000030518

0.0180699996948
0.0419000015259
0.00538999938965

-0.0327799987793
0.0469300003052
0.0535

0.000780900001526
0.0103000001907
0.142600006104

0.0305499992371
-0.0210400009155
0.00483999633789

0.0316599998474
0.00102900004387
0.00765000152588

-0.0924700012207
0.0263799991608
0.208700012207

-0.0383600006104
0.0331199989319
0.0221999969482

-0.0404399986267
0.00220399999619
0.0591000061035

0.013029999733
0.0539799995422
0.247799987793

-0.0287099990845
-0.0680199966431
0.0781999969482

0.00621199989319
0.0791999969482
0.249100006104

-0.0220300006866
-0.0705500030518
0.00969999694824

-0.123199996948
0.0425
0.182799987793

-0.00265599989891
0.115900001526
0.216299987793

0.00341499996185
-0.102199996948
0.228200012207

-0.0300400009155
-0.0431800003052
0.00404000091553

-0.111099998474
0.0459300003052
0.197

0.0347299995422
-0.0553400001526
0.0778000030518

-0.0331199989319
0.0247299995422
0.00680999755859

-0.141699996948
0.0184899997711
0.185100006104

-0.0137399997711
-0.0286000003815
0.0123000030518

-0.0290300006866
-0.0254899997711
0.016

0.0308500003815
-0.0011779999733
0.242399993896

0.0199899997711
-0.102599998474
0.204899993896

0.0253600006104
-0.0194300003052
0.242600006104

-0.00873799991608
-0.0938300018311
0.181899993896

-0.0627200012207
0.0237800006866
0.179899993896

-0.138199996948
0.0239200000763
0.1795

-0.0410299987793
0.0480200004578
0.210799987793

0.0248700008392
-0.0974300003052
0.211700012207

0.0182000007629
-0.0458199996948
0.115300003052

-0.111300003052
0.0226499996185
0.179600006104

-0.0248099994659
0.0696699981689
0.215600006104

0.0276100006104
-0.0827399978638
0.206700012207

-0.0360299987793
-0.0144799995422
0.201600006104

0.0231700000763
-0.0876299972534
0.188100006104

0.0377400016785
-0.0390800018311
0.0563999938965

0.0313799991608
-0.0634799995422
0.0195

-0.0394099998474
-0.0361800003052
0.0150999984741

-0.0365699996948
-0.0174400005341
0.00706999969482

-0.0371800003052
0.0192000007629
0.179799987793

0.0295499992371
-0.00323699998856
0.185

0.0278999996185
-0.01075
0.183799987793

-0.0432000007629
0.0274300003052
0.177899993896

-0.0357700004578
-0.0645400009155
0.0325

0.01325
0.0339300003052
0.1825

-0.0328199996948
-0.0563400001526
0.209399993896

-0.0406399993896
0.0103800001144
0.2085

-0.0424500007629
0.0257399997711
0.170799987793

-0.0371300010681
0.0550400009155
0.188

0.0296900005341
0.0291900005341
0.203399993896

-0.0381199989319
0.0367700004578
0.215100006104

0.0271200008392
0.0131400003433
0.189700012207

-0.0435400009155
0.0403499984741
0.179799987793

-0.0235200004578
0.0570400009155
0.0330999984741

0.0181399993896
0.0402700004578
0.185299987793

0.0230900001526
0.0620699996948
0.234

-0.0238600006104
-0.0251100006104
0.0110999984741

-0.00914900016785
-0.0219200000763
0.00279000091553

-0.0326399993896
-0.0661999969482
0.0156999969482

0.0100500001907
0.0109300003052
0.180600006104

-0.00389299988747
-0.00547599983215
0.000400001525879

-0.0368600006104
0.01175
0.2095

-0.0341599998474
-0.0282000007629
0.0219000015259
