
  
 
   
    
      442, 66, 483
    
      442, 320, 66
    
      66, 320, 434
    
      483, 71, 442
    
      434, 320, 186
    
      397, 186, 320
    
      434, 186, 310
    
      320, 112, 397
    
      112, 486, 397
    
      186, 397, 249
    
      112, 445, 486
    
      483, 128, 71
    
      483, 183, 128
    
      183, 483, 476
    
      66, 70, 483
    
      483, 70, 476
    
      214, 66, 434
    
      214, 434, 485
    
      66, 214, 275
    
      75, 476, 70
    
      70, 66, 27
    
      275, 27, 66
    
      476, 75, 202
    
      214, 363, 275
    
      363, 214, 7
    
      391, 214, 485
    
      7, 214, 391
    
      114, 275, 363
    
      424, 7, 391
    
      363, 7, 424
    
      275, 419, 27
    
      275, 114, 419
    
      69, 75, 70
    
      515, 70, 27
    
      140, 114, 363
    
      424, 140, 363
    
      184, 128, 183
    
      445, 435, 486
    
      71, 464, 442
    
      464, 71, 128
    
      442, 113, 320
    
      296, 113, 442
    
      442, 464, 296
    
      113, 435, 445
    
      112, 320, 113
    
      128, 166, 464
    
      128, 89, 166
    
      113, 445, 112
    
      296, 464, 200
    
      200, 464, 166
    
      115, 296, 200
    
      296, 115, 362
    
      115, 200, 443
    
      115, 443, 362
    
      362, 443, 517
    
      517, 113, 296
    
      72, 200, 166
    
      89, 72, 166
    
      89, 76, 72
    
      200, 482, 443
    
      72, 482, 200
    
      517, 443, 482
    
      76, 501, 72
    
      449, 113, 517
    
      451, 113, 449
    
      451, 311, 113
    
      107, 517, 482
    
      107, 449, 517
    
      449, 106, 451
    
      72, 501, 167
    
      72, 116, 482
    
      72, 167, 116
    
      432, 107, 482
    
      482, 116, 432
    
      451, 106, 450
    
      106, 449, 108
    
      261, 48, 121
    
      121, 511, 261
    
      121, 122, 511
    
      48, 261, 387
    
      50, 48, 387
    
      84, 261, 511
    
      12, 261, 84
    
      261, 12, 387
    
      50, 387, 12
    
      49, 50, 12
    
      127, 12, 84
    
      127, 49, 12
    
      49, 127, 16
    
      84, 83, 127
    
      126, 16, 127
    
      525, 121, 48
    
      13, 525, 48
    
      525, 47, 121
    
      47, 81, 121
    
      525, 124, 47
    
      525, 13, 124
    
      81, 47, 469
    
      437, 47, 124
    
      124, 13, 33
    
      33, 13, 335
    
      437, 470, 47
    
      33, 437, 124
    
      470, 469, 47
    
      437, 33, 392
    
      433, 130, 88
    
      411, 433, 88
    
      129, 130, 433
    
      130, 129, 263
    
      129, 481, 263
    
      509, 411, 88
    
      34, 411, 509
    
      411, 34, 17
    
      34, 509, 36
    
      433, 411, 324
    
      50, 17, 34
    
      19, 481, 129
    
      34, 36, 48
    
      34, 48, 50
    
      129, 433, 502
    
      411, 17, 52
    
      502, 433, 51
    
      324, 411, 52
    
      324, 51, 433
    
      324, 52, 51
    
      502, 19, 129
    
      17, 49, 52
    
      17, 50, 49
    
      18, 19, 502
    
      502, 74, 18
    
      502, 51, 503
    
      51, 52, 518
    
      518, 503, 51
    
      49, 16, 52
    
      503, 74, 502
    
      523, 518, 52
    
      523, 52, 16
    
      130, 37, 88
    
      263, 20, 130
    
      20, 37, 130
    
      88, 86, 509
    
      35, 509, 86
    
      509, 35, 36
    
      287, 88, 37
    
      48, 36, 232
    
      287, 86, 88
    
      20, 263, 475
    
      36, 35, 232
    
      28, 37, 20
    
      475, 28, 20
    
      37, 28, 53
    
      230, 37, 53
    
      230, 287, 37
    
      87, 35, 86
    
      466, 232, 35
    
      466, 35, 87
    
      86, 287, 465
    
      87, 86, 465
    
      465, 287, 195
    
      195, 287, 230
    
      232, 466, 395
    
      466, 87, 304
    
      232, 395, 125
    
      169, 65, 268
    
      268, 65, 435
    
      170, 169, 268
    
      170, 268, 340
    
      268, 435, 173
    
      65, 486, 435
    
      283, 268, 173
    
      170, 272, 169
    
      272, 170, 271
    
      268, 283, 337
    
      163, 283, 173
    
      308, 163, 173
    
      340, 268, 345
    
      258, 268, 337
    
      65, 169, 212
    
      311, 308, 173
    
      212, 249, 65
    
      249, 486, 65
    
      163, 308, 376
    
      283, 163, 284
    
      284, 163, 328
    
      163, 376, 328
    
      273, 328, 376
    
      337, 283, 284
    
      368, 284, 328
    
      284, 368, 282
    
      271, 408, 272
    
      186, 249, 212
    
      397, 486, 249
    
      308, 398, 376
    
      151, 376, 398
    
      311, 452, 308
    
      452, 487, 308
    
      487, 398, 308
    
      61, 398, 487
    
      213, 398, 61
    
      213, 379, 398
    
      62, 487, 452
    
      452, 205, 62
    
      377, 487, 62
    
      487, 377, 61
    
      205, 450, 62
    
      272, 408, 492
    
      272, 244, 169
    
      169, 244, 310
    
      169, 310, 212
    
      212, 310, 186
    
      272, 492, 244
    
      244, 492, 1
    
      492, 150, 1
    
      150, 312, 1
    
      244, 26, 310
    
      26, 244, 1
    
      310, 26, 434
    
      1, 329, 26
    
      329, 1, 312
    
      312, 302, 329
    
      76, 184, 9
    
      184, 76, 89
    
      128, 184, 89
    
      76, 9, 500
    
      405, 76, 500
    
      501, 76, 405
    
      237, 405, 500
    
      501, 405, 206
    
      405, 237, 447
    
      206, 366, 501
    
      366, 174, 501
    
      447, 206, 405
    
      218, 521, 262
    
      3, 262, 521
    
      0, 262, 3
    
      3, 521, 532
    
      532, 518, 3
    
      3, 14, 0
    
      14, 3, 518
    
      385, 262, 0
    
      521, 218, 346
    
      262, 190, 218
    
      190, 262, 38
    
      385, 38, 262
    
      385, 0, 417
    
      385, 417, 38
    
      218, 526, 346
    
      346, 526, 344
    
      526, 218, 138
    
      526, 138, 344
    
      417, 386, 38
    
      143, 190, 38
    
      0, 14, 394
    
      0, 524, 417
    
      532, 521, 503
    
      524, 0, 394
    
      15, 394, 14
    
      38, 386, 143
    
      14, 523, 15
    
      394, 15, 126
    
      346, 344, 423
    
      143, 468, 190
    
      468, 143, 438
    
      21, 438, 143
    
      138, 423, 344
    
      190, 468, 226
    
      389, 218, 190
    
      389, 190, 477
    
      276, 218, 389
    
      190, 226, 477
    
      276, 423, 138
    
      218, 276, 138
    
      226, 68, 477
    
      468, 68, 226
    
      468, 438, 374
    
      477, 68, 69
    
      374, 68, 468
    
      67, 423, 276
    
      69, 515, 477
    
      389, 477, 515
    
      516, 503, 521
    
      423, 67, 4
    
      4, 346, 423
    
      521, 346, 352
    
      6, 352, 346
    
      346, 4, 6
    
      23, 516, 521
    
      4, 67, 140
    
      8, 521, 352
    
      521, 8, 23
    
      479, 516, 23
    
      352, 6, 444
    
      520, 479, 23
    
      232, 13, 48
    
      13, 232, 335
    
      184, 183, 522
    
      183, 476, 522
    
      476, 463, 522
    
      476, 202, 463
    
      455, 171, 133
    
      171, 91, 133
    
      91, 253, 133
    
      253, 91, 462
    
      462, 416, 253
    
      416, 168, 253
    
      362, 517, 296
    
      505, 28, 474
    
      62, 236, 377
    
      533, 392, 436
    
      394, 127, 83
    
      524, 394, 83
    
      126, 127, 394
    
      524, 83, 417
    
      85, 417, 83
    
      417, 85, 512
    
      512, 386, 417
    
      142, 386, 512
    
      143, 386, 142
    
      535, 143, 142
    
      21, 143, 535
    
      21, 535, 463
    
      21, 463, 438
    
      438, 463, 202
    
      228, 53, 28
    
      28, 505, 228
    
      504, 53, 228
    
      230, 53, 504
    
      504, 46, 230
    
      195, 230, 46
    
      331, 409, 494
    
      409, 408, 494
    
      408, 409, 493
    
      408, 493, 492
    
      247, 248, 105
    
      105, 248, 380
    
      247, 105, 454
    
      368, 380, 248
    
      453, 368, 248
    
      471, 122, 528
    
      471, 511, 122
    
      122, 31, 528
    
      31, 10, 528
    
      184, 528, 10
    
      528, 184, 522
    
      528, 529, 471
    
      529, 528, 522
    
      11, 471, 529
    
      471, 11, 120
    
      511, 471, 84
    
      84, 471, 120
    
      463, 529, 522
    
      529, 535, 11
    
      529, 463, 535
    
      85, 84, 120
    
      85, 120, 11
    
      11, 535, 142
    
      85, 11, 512
    
      142, 512, 11
    
      83, 84, 85
    
      9, 184, 10
    
      10, 30, 9
    
      10, 31, 30
    
      81, 31, 122
    
      122, 121, 81
    
      30, 31, 81
    
      30, 45, 9
    
      43, 9, 45
    
      43, 500, 9
    
      44, 30, 81
    
      44, 193, 30
    
      30, 136, 45
    
      136, 30, 193
    
      44, 81, 469
    
      45, 198, 43
    
      500, 43, 237
    
      237, 43, 198
    
      45, 136, 227
    
      136, 193, 227
    
      263, 481, 29
    
      29, 321, 263
    
      29, 431, 321
    
      431, 29, 318
    
      318, 29, 196
    
      431, 318, 336
    
      280, 196, 29
    
      481, 118, 29
    
      431, 357, 321
    
      185, 357, 431
    
      357, 185, 354
    
      277, 263, 321
    
      321, 357, 277
    
      357, 351, 277
    
      351, 357, 354
    
      185, 325, 354
    
      351, 354, 360
    
      29, 187, 280
    
      187, 29, 118
    
      280, 187, 158
    
      157, 280, 158
    
      280, 157, 180
    
      157, 158, 472
    
      403, 180, 157
    
      472, 403, 157
    
      187, 400, 158
    
      400, 353, 158
    
      353, 79, 158
    
      79, 326, 158
    
      240, 79, 353
    
      221, 79, 240
    
      221, 240, 257
    
      289, 240, 353
    
      341, 400, 187
    
      400, 341, 353
    
      351, 159, 277
    
      360, 159, 351
    
      360, 160, 159
    
      263, 277, 238
    
      238, 277, 159
    
      263, 238, 475
    
      160, 349, 159
    
      428, 159, 349
    
      159, 372, 238
    
      497, 159, 428
    
      428, 349, 25
    
      159, 497, 372
    
      475, 238, 373
    
      371, 373, 238
    
      401, 371, 238
    
      317, 497, 428
    
      25, 510, 428
    
      418, 317, 428
    
      497, 317, 372
    
      317, 161, 372
    
      161, 401, 372
    
      475, 373, 474
    
      341, 187, 188
    
      519, 188, 187
    
      481, 519, 118
    
      519, 481, 19
    
      519, 187, 118
    
      152, 40, 63
    
      32, 63, 40
    
      162, 32, 40
    
      77, 162, 40
    
      32, 162, 427
    
      63, 32, 378
    
      291, 32, 427
    
      378, 32, 291
    
      510, 291, 427
    
      96, 378, 291
    
      228, 77, 40
    
      96, 291, 95
    
      510, 264, 291
    
      510, 427, 418
    
      77, 228, 505
    
      427, 162, 371
    
      371, 401, 427
    
      77, 505, 474
    
      373, 162, 77
    
      162, 373, 371
    
      373, 77, 474
    
      401, 418, 427
    
      152, 22, 40
    
      109, 22, 152
    
      109, 152, 367
    
      378, 197, 63
    
      62, 152, 63
    
      62, 450, 152
    
      63, 197, 62
    
      152, 450, 367
    
      62, 197, 236
    
      197, 274, 236
    
      448, 22, 109
    
      448, 109, 367
    
      22, 56, 40
    
      228, 40, 513
    
      233, 40, 56
    
      22, 448, 56
    
      513, 40, 338
    
      56, 448, 496
    
      233, 56, 496
    
      496, 441, 233
    
      536, 233, 441
    
      448, 293, 496
    
      293, 432, 496
    
      338, 304, 513
    
      395, 304, 338
    
      125, 395, 338
    
      228, 513, 229
    
      286, 229, 513
    
      304, 286, 513
    
      228, 229, 46
    
      504, 228, 46
    
      229, 286, 465
    
      195, 46, 229
    
      229, 465, 195
    
      175, 233, 536
    
      125, 338, 303
    
      40, 233, 110
    
      40, 436, 338
    
      233, 175, 110
    
      303, 338, 436
    
      365, 110, 175
    
      447, 110, 365
    
      294, 436, 40
    
      294, 533, 436
    
      64, 110, 447
    
      533, 294, 392
    
      40, 295, 294
    
      176, 40, 110
    
      176, 111, 40
    
      111, 295, 40
    
      176, 110, 64
    
      295, 364, 294
    
      364, 392, 294
    
      111, 176, 412
    
      446, 295, 111
    
      364, 295, 446
    
      402, 446, 111
    
      111, 412, 207
    
      111, 207, 402
    
      208, 364, 446
    
      446, 402, 208
    
      2, 149, 148
    
      2, 257, 149
    
      257, 289, 149
    
      148, 149, 382
    
      2, 148, 301
    
      353, 149, 289
    
      2, 301, 99
    
      257, 2, 375
    
      2, 99, 375
    
      100, 99, 301
    
      80, 100, 301
    
      301, 181, 80
    
      301, 148, 302
    
      302, 181, 301
    
      181, 302, 312
    
      148, 382, 39
    
      148, 39, 302
    
      329, 302, 39
    
      80, 101, 100
    
      80, 300, 101
    
      149, 353, 341
    
      534, 100, 101
    
      99, 534, 375
    
      534, 99, 100
    
      534, 406, 375
    
      406, 414, 375
    
      101, 199, 534
    
      507, 199, 101
    
      101, 216, 507
    
      144, 406, 534
    
      199, 507, 467
    
      144, 534, 309
    
      309, 534, 97
    
      98, 534, 199
    
      97, 534, 98
    
      199, 467, 98
    
      340, 347, 234
    
      347, 340, 196
    
      271, 340, 234
    
      271, 170, 340
    
      347, 146, 234
    
      146, 494, 234
    
      494, 146, 331
    
      347, 180, 146
    
      180, 331, 146
    
      180, 403, 331
    
      347, 196, 280
    
      347, 280, 180
    
      271, 234, 408
    
      340, 318, 196
    
      408, 234, 494
    
      318, 340, 356
    
      340, 345, 356
    
      484, 39, 530
    
      382, 530, 39
    
      530, 459, 484
    
      459, 444, 484
    
      484, 329, 39
    
      329, 484, 485
    
      5, 485, 484
    
      530, 382, 188
    
      149, 188, 382
    
      149, 341, 188
    
      519, 530, 188
    
      530, 519, 478
    
      479, 478, 519
    
      398, 379, 407
    
      407, 151, 398
    
      323, 407, 379
    
      348, 407, 323
    
      379, 349, 323
    
      348, 323, 204
    
      160, 323, 349
    
      160, 204, 323
    
      335, 232, 303
    
      303, 436, 335
    
      436, 33, 335
    
      392, 33, 436
    
      96, 355, 274
    
      430, 255, 306
    
      306, 255, 531
    
      472, 281, 403
    
      193, 44, 412
    
      406, 144, 267
    
      267, 414, 406
    
      319, 57, 426
    
      319, 426, 480
    
      514, 480, 426
    
      498, 57, 319
    
      309, 57, 498
    
      144, 309, 498
    
      361, 514, 426
    
      514, 361, 439
    
      439, 361, 117
    
      117, 361, 440
    
      361, 410, 440
    
      343, 117, 440
    
      410, 461, 440
    
      461, 343, 440
    
      201, 461, 410
    
      305, 137, 339
    
      285, 339, 137
    
      415, 339, 285
    
      334, 285, 137
    
      430, 137, 305
    
      306, 137, 430
    
      322, 334, 137
    
      270, 430, 305
    
      322, 137, 306
    
      285, 350, 415
    
      285, 334, 307
    
      307, 350, 285
    
      322, 495, 334
    
      495, 322, 370
    
      203, 334, 495
    
      334, 203, 307
    
      495, 370, 396
    
      203, 281, 307
    
      495, 409, 203
    
      409, 495, 396
    
      258, 345, 268
    
      345, 258, 425
    
      327, 425, 258
    
      356, 345, 425
    
      282, 327, 258
    
      316, 425, 327
    
      282, 258, 284
    
      337, 284, 258
    
      327, 282, 453
    
      299, 316, 327
    
      425, 336, 356
    
      316, 336, 425
    
      316, 383, 336
    
      356, 336, 318
    
      456, 410, 426
    
      456, 58, 410
    
      426, 410, 361
    
      456, 42, 58
    
      456, 457, 42
    
      457, 456, 235
    
      456, 426, 490
    
      491, 456, 490
    
      456, 491, 235
    
      235, 192, 457
    
      491, 192, 235
    
      57, 490, 426
    
      57, 98, 490
    
      98, 491, 490
    
      98, 192, 491
    
      98, 57, 97
    
      97, 57, 309
    
      489, 410, 58
    
      42, 489, 58
    
      24, 410, 489
    
      73, 410, 24
    
      410, 73, 201
    
      201, 73, 141
    
      24, 489, 59
    
      93, 73, 24
    
      73, 93, 141
    
      290, 24, 59
    
      24, 290, 93
    
      172, 171, 455
    
      172, 455, 134
    
      134, 455, 224
    
      224, 135, 134
    
      134, 135, 292
    
      506, 292, 135
    
      506, 135, 41
    
      506, 41, 145
    
      506, 145, 413
    
      413, 145, 245
    
      191, 339, 189
    
      54, 189, 339
    
      191, 189, 480
    
      480, 211, 191
    
      191, 211, 231
    
      211, 182, 231
    
      182, 211, 123
    
      453, 299, 327
    
      453, 248, 299
    
      248, 247, 299
    
      178, 299, 247
    
      250, 178, 247
    
      250, 298, 178
    
      250, 297, 298
    
      167, 174, 441
    
      536, 441, 174
    
      536, 174, 175
    
      332, 133, 422
    
      342, 332, 422
    
      133, 332, 455
    
      455, 332, 224
    
      342, 422, 252
    
      422, 231, 252
    
      252, 231, 182
    
      460, 342, 252
    
      224, 332, 390
    
      332, 342, 217
    
      390, 332, 217
    
      217, 342, 219
    
      460, 219, 342
    
      220, 219, 460
    
      217, 245, 390
    
      390, 245, 145
    
      390, 145, 41
    
      219, 265, 217
    
      245, 217, 265
    
      219, 242, 265
    
      220, 242, 219
    
      220, 330, 242
    
      359, 245, 265
    
      359, 265, 315
    
      422, 259, 231
    
      259, 191, 231
    
      305, 422, 133
    
      259, 422, 305
    
      339, 259, 305
    
      339, 191, 259
    
      506, 489, 42
    
      292, 506, 42
    
      506, 225, 489
    
      225, 506, 413
    
      225, 413, 369
    
      489, 225, 59
    
      225, 369, 59
    
      102, 59, 369
    
      103, 59, 102
    
      42, 457, 292
    
      172, 292, 457
    
      292, 172, 134
    
      530, 23, 8
    
      23, 530, 520
    
      520, 530, 478
    
      478, 479, 520
    
      530, 8, 459
    
      8, 352, 459
    
      448, 449, 293
    
      293, 449, 107
    
      449, 448, 108
    
      367, 108, 448
    
      108, 367, 106
    
      437, 364, 470
    
      208, 470, 364
    
      437, 392, 364
    
      469, 470, 208
    
      402, 469, 208
    
      44, 469, 402
    
      402, 207, 44
    
      44, 207, 412
    
      358, 508, 267
    
      414, 267, 508
    
      291, 264, 95
    
      418, 401, 317
    
      161, 317, 401
    
      95, 355, 96
    
      165, 139, 119
    
      358, 339, 415
    
      358, 54, 339
    
      358, 267, 54
    
      415, 508, 358
    
      460, 252, 251
    
      251, 147, 460
    
      117, 147, 251
    
      147, 343, 460
    
      252, 182, 251
    
      123, 251, 182
    
      251, 123, 439
    
      460, 343, 399
    
      220, 460, 399
    
      220, 399, 222
    
      222, 393, 220
    
      393, 222, 388
    
      388, 141, 278
    
      388, 222, 141
    
      141, 222, 399
    
      141, 399, 461
    
      507, 131, 430
    
      256, 507, 430
    
      131, 255, 430
    
      507, 216, 131
    
      131, 216, 255
    
      254, 256, 430
    
      493, 150, 492
    
      98, 467, 192
    
      467, 223, 192
    
      223, 90, 192
    
      223, 467, 266
    
      223, 266, 416
    
      467, 254, 266
    
      527, 209, 153
    
      209, 177, 153
    
      177, 92, 153
    
      92, 154, 153
    
      153, 78, 527
    
      78, 153, 473
    
      153, 154, 239
    
      473, 153, 239
    
      473, 239, 155
    
      132, 473, 155
    
      78, 473, 132
    
      429, 78, 132
    
      279, 132, 155
    
      499, 415, 350
    
      415, 499, 508
    
      499, 350, 384
    
      144, 54, 267
    
      498, 54, 144
    
      54, 498, 189
    
      189, 498, 319
    
      123, 514, 439
    
      514, 123, 211
    
      211, 480, 514
    
      125, 303, 232
    
      293, 107, 432
    
      441, 496, 116
    
      441, 116, 167
    
      432, 116, 496
    
      407, 60, 273
    
      194, 60, 407
    
      60, 380, 273
    
      407, 273, 151
    
      194, 407, 348
    
      194, 55, 60
    
      55, 194, 527
    
      204, 194, 348
    
      527, 194, 333
    
      194, 204, 333
    
      527, 333, 209
    
      204, 360, 333
    
      360, 209, 333
    
      488, 60, 55
    
      429, 55, 527
    
      429, 488, 55
    
      104, 60, 488
    
      527, 78, 429
    
      104, 454, 60
    
      488, 103, 104
    
      19, 18, 519
    
      18, 479, 519
    
      74, 479, 18
    
      370, 82, 396
    
      82, 370, 165
    
      396, 82, 150
    
      82, 312, 150
    
      215, 165, 370
    
      139, 165, 215
    
      322, 215, 370
    
      215, 531, 139
    
      215, 322, 306
    
      531, 215, 306
    
      359, 369, 245
    
      413, 245, 369
    
      102, 369, 359
    
      102, 359, 210
    
      102, 210, 250
    
      210, 297, 250
    
      246, 102, 250
    
      247, 246, 250
    
      246, 247, 454
    
      379, 213, 94
    
      95, 94, 213
    
      355, 95, 213
    
      94, 95, 25
    
      25, 95, 264
    
      379, 94, 349
    
      94, 25, 349
    
      45, 176, 198
    
      45, 227, 176
    
      198, 176, 64
    
      198, 64, 237
    
      227, 193, 176
    
      412, 176, 193
    
      458, 216, 101
    
      216, 458, 420
    
      531, 216, 420
    
      139, 420, 458
    
      531, 420, 139
    
      119, 139, 458
    
      300, 458, 101
    
      119, 458, 300
    
      165, 119, 300
    
      257, 375, 421
    
      499, 421, 375
    
      508, 499, 375
    
      414, 508, 375
    
      173, 435, 113
    
      311, 173, 113
    
      314, 269, 313
    
      314, 313, 179
    
      316, 179, 313
    
      269, 314, 242
    
      179, 299, 314
    
      179, 316, 299
    
      314, 299, 178
    
      383, 316, 313
    
      404, 313, 269
    
      269, 260, 404
    
      404, 243, 313
    
      313, 243, 383
    
      383, 243, 325
    
      243, 288, 325
    
      288, 243, 177
    
      92, 177, 243
    
      288, 354, 325
    
      288, 177, 354
    
      276, 419, 67
    
      389, 419, 276
    
      389, 27, 419
    
      27, 389, 515
    
      419, 114, 67
    
      114, 140, 67
    
      260, 156, 404
    
      155, 156, 260
    
      404, 156, 154
    
      155, 260, 393
    
      279, 155, 393
    
      279, 393, 388
    
      26, 329, 485
    
      434, 26, 485
    
      59, 488, 290
    
      103, 488, 59
    
      488, 429, 290
    
      429, 93, 290
    
      93, 429, 132
    
      484, 444, 6
    
      6, 5, 484
    
      5, 6, 4
    
      5, 4, 391
    
      391, 4, 140
    
      431, 336, 185
    
      185, 336, 325
    
      336, 383, 325
    
      451, 452, 311
    
      451, 205, 452
    
      450, 205, 451
    
      384, 350, 241
    
      221, 384, 241
    
      241, 326, 221
    
      79, 221, 326
    
      409, 331, 203
    
      281, 203, 331
    
      281, 331, 403
    
      61, 355, 213
    
      355, 61, 274
    
      61, 236, 274
    
      236, 61, 377
    
      74, 503, 516
    
      516, 479, 74
    
      281, 350, 307
    
      350, 281, 241
    
      241, 281, 326
    
      326, 281, 472
    
      518, 532, 503
    
      80, 181, 300
    
      300, 181, 164
    
      164, 165, 300
    
      181, 312, 164
    
      242, 314, 315
    
      314, 298, 315
    
      298, 314, 178
    
      298, 297, 315
    
      265, 242, 315
    
      523, 16, 15
    
      126, 15, 16
    
      87, 286, 304
    
      286, 87, 465
    
      274, 197, 378
    
      160, 360, 204
    
      257, 240, 289
    
      158, 326, 472
    
      117, 251, 439
    
      237, 64, 447
    
      319, 480, 189
    
      461, 399, 343
    
      384, 421, 499
    
      507, 256, 467
    
      254, 467, 256
    
      201, 141, 461
    
      359, 315, 297
    
      297, 210, 359
    
      466, 304, 395
    
      140, 424, 391
    
      378, 96, 274
    
      172, 90, 171
    
      90, 91, 171
    
      91, 90, 462
    
      223, 462, 90
    
      416, 462, 223
    
      82, 165, 164
    
      82, 164, 312
    
      174, 366, 365
    
      365, 175, 174
    
      366, 447, 365
    
      366, 206, 447
    
      501, 174, 167
    
      380, 60, 105
    
      105, 60, 454
    
      5, 391, 485
    
      474, 28, 475
    
      141, 93, 278
    
      93, 132, 278
    
      132, 279, 278
    
      279, 388, 278
    
      372, 401, 238
    
      273, 380, 368
    
      368, 328, 273
    
      156, 239, 154
    
      156, 155, 239
    
      209, 360, 354
    
      354, 177, 209
    
      151, 273, 376
    
      510, 418, 428
    
      243, 404, 154
    
      92, 243, 154
    
      430, 270, 254
    
      270, 168, 254
    
      510, 25, 264
    
      135, 224, 390
    
      41, 135, 390
    
      147, 117, 343
    
      266, 254, 168
    
      416, 266, 168
    
      255, 216, 531
    
      368, 453, 282
    
      269, 242, 330
    
      260, 269, 330
    
      393, 260, 330
    
      330, 220, 393
    
      106, 367, 450
    
      457, 192, 172
    
      90, 172, 192
    
      523, 14, 518
    
      515, 69, 70
    
      270, 305, 133
    
      270, 133, 253
    
      253, 168, 270
    
      374, 438, 202
    
      202, 75, 374
    
      75, 69, 374
    
      68, 374, 69
    
      409, 396, 381
    
      409, 381, 493
    
      381, 396, 150
    
      381, 150, 493
    
      103, 102, 104
    
      246, 104, 102
    
      104, 246, 454
    
      459, 352, 444
    
      257, 421, 221
    
      221, 421, 384
   
    
      -0.013220000267
      0.00677199983597
      0.125
    
      0.0151800003052
      -0.0370900001526
      0.154899993896
    
      -0.00441800022125
      -0.0496199989319
      0.154899993896
    
      -0.0210599994659
      -0.00367100000381
      0.125699996948
    
      0.0173099994659
      -0.0219799995422
      0.126400001526
    
      0.0176499996185
      -0.0252399997711
      0.127599998474
    
      0.0133199996948
      -0.0249799995422
      0.126
    
      0.0211100006104
      -0.0214200000763
      0.128100006104
    
      -0.00596299982071
      -0.0273400001526
      0.125199996948
    
      0.0173600006104
      0.0284599990845
      0.197800003052
    
      0.0135699996948
      0.0293299999237
      0.1815
    
      0.000957000017166
      0.0212900009155
      0.133300003052
    
      -0.0260499992371
      0.0181299991608
      0.143800003052
    
      -0.0324300003052
      0.0218199996948
      0.219899993896
    
      -0.0229500007629
      0.0021930000782
      0.125300003052
    
      -0.0245200004578
      0.0068029999733
      0.126599998474
    
      -0.0257399997711
      0.00927700042725
      0.128800003052
    
      -0.0341300010681
      0.0109899997711
      0.156800003052
    
      -0.0269500007629
      -0.0258199996948
      0.136800003052
    
      -0.0304500007629
      -0.0277099990845
      0.1505
    
      -0.0392599983215
      -0.0265
      0.218300003052
    
      0.0103100004196
      0.0167800006866
      0.1275
    
      0.0282299995422
      -0.0110399999619
      0.2285
    
      -0.0163899993896
      -0.0252000007629
      0.124900001526
    
      -0.00337700009346
      -0.0751399993896
      0.201800003052
    
      -0.00963500022888
      -0.0470499992371
      0.225399993896
    
      0.0217700004578
      -0.0313899993896
      0.150600006104
    
      0.0221200008392
      -0.00687699985504
      0.129
    
      -0.0402200012207
      -0.0246900005341
      0.226399993896
    
      -0.0235799999237
      -0.0404500007629
      0.180600006104
    
      0.00828299999237
      0.0324799995422
      0.207
    
      0.00599599981308
      0.0316200008392
      0.186699996948
    
      -0.00705999994278
      -0.0378800010681
      0.2285
    
      -0.0292600002289
      0.0246200008392
      0.227199996948
    
      -0.0369599990845
      0.0127299995422
      0.177199996948
    
      -0.0417099990845
      0.00800599956512
      0.222
    
      -0.0388100013733
      0.0130399999619
      0.202
    
      -0.0431500015259
      -0.0170599994659
      0.219600006104
    
      -0.000397100001574
      0.0144099998474
      0.126900001526
    
      0.00764599990845
      -0.0353400001526
      0.145600006104
    
      -0.00604099988937
      0.0114099998474
      0.229600006104
    
      0.00756799983978
      -0.0710999984741
      0.194699996948
    
      0.00594299983978
      -0.0749300003052
      0.192399993896
    
      0.0187999992371
      0.0278099994659
      0.223100006104
    
      0.00116999995708
      0.0341399993896
      0.225300003052
    
      0.0118400001526
      0.0315
      0.223
    
      -0.0432799987793
      -0.0088170003891
      0.227699996948
    
      -0.0142600002289
      0.0326599998474
      0.222100006104
    
      -0.0310300006866
      0.0219200000763
      0.181600006104
    
      -0.0285900001526
      0.0123800001144
      0.138399993896
    
      -0.0316299991608
      0.0164300003052
      0.157100006104
    
      -0.0323300018311
      -0.00742399978638
      0.139800003052
    
      -0.0314899997711
      0.00344899988174
      0.1395
    
      -0.0425900001526
      -0.0175699996948
      0.226800003052
    
      -0.00707499980927
      -0.0674599990845
      0.169
    
      -0.00288700008392
      -0.0627400016785
      0.214100006104
    
      0.0293199996948
      0.00273799991608
      0.2285
    
      -0.00498600006104
      -0.0716900024414
      0.172
    
      0.00285100007057
      -0.0760899963379
      0.1925
    
      0.00383699989319
      -0.073
      0.206
    
      0.00246099996567
      -0.06
      0.214399993896
    
      0.00948600006104
      -0.0448100013733
      0.226
    
      0.0202900009155
      -0.0373100013733
      0.227399993896
    
      0.0105100002289
      -0.0352999992371
      0.228399993896
    
      0.0195799999237
      0.0262600002289
      0.227899993896
    
      0.0238700008392
      -0.0351800003052
      0.176899993896
    
      0.0264799995422
      -0.015220000267
      0.1435
    
      0.0196299991608
      -0.0151899995804
      0.125400001526
    
      0.01675
      0.00725299978256
      0.125699996948
    
      0.0188500003815
      0.00634600019455
      0.127
    
      0.0223899993896
      0.00127900004387
      0.130800003052
    
      0.0325099983215
      0.00657100009918
      0.178100006104
    
      0.0336100006104
      0.0110699996948
      0.217100006104
    
      -0.00723699998856
      -0.0747099990845
      0.199600006104
    
      -0.0256499996185
      -0.0227199993134
      0.130399993896
    
      0.0199699993134
      0.0101300001144
      0.130300003052
    
      0.0251299991608
      0.0225400009155
      0.200100006104
    
      -0.0319799995422
      -0.0271599998474
      0.228
    
      -0.00962100028992
      -0.0655800018311
      0.210899993896
    
      -0.0117600002289
      -0.0418400001526
      0.156300003052
    
      0.00788199996948
      -0.05075
      0.156
    
      -0.00490600013733
      0.0343400001526
      0.215300003052
    
      0.0108699998856
      -0.0447299995422
      0.157399993896
    
      -0.0145900001526
      0.0171700000763
      0.127800003052
    
      -0.0137899999619
      0.022
      0.138899993896
    
      -0.0074439997673
      0.0198999996185
      0.129899993896
    
      -0.0439000015259
      0.000277900010347
      0.221699996948
    
      -0.0429900016785
      0.0040110001564
      0.226800003052
    
      -0.0429300003052
      -0.00925100040436
      0.195100006104
    
      0.0285100002289
      0.0178600006104
      0.188
    
      0.00997999954224
      -0.0698000030518
      0.174899993896
    
      0.00994499969482
      -0.0688700027466
      0.175100006104
    
      -0.0124300003052
      -0.0574700012207
      0.210800003052
    
      -0.00705100011826
      -0.0733499984741
      0.2045
    
      -0.00475299978256
      -0.0474900016785
      0.224
    
      -0.00223300004005
      -0.0465
      0.226899993896
    
      0.00101999998093
      -0.0456899986267
      0.227399993896
    
      -0.00309899997711
      -0.0693600006104
      0.167199996948
    
      0.00414099979401
      -0.0703799972534
      0.168800003052
    
      -0.00129499995708
      -0.0566800003052
      0.157600006104
    
      0.0035720000267
      -0.0559300003052
      0.157300003052
    
      0.00735699987411
      -0.0596100006104
      0.16
    
      0.00653599977493
      -0.0693199996948
      0.207399993896
    
      0.004882999897
      -0.0701100006104
      0.209
    
      0.00499399995804
      -0.0674000015259
      0.210399993896
    
      0.00595900011063
      -0.0613699989319
      0.211800003052
    
      0.03375
      -0.0214200000763
      0.2255
    
      0.0374099998474
      -0.00626999998093
      0.224399993896
    
      0.0349300003052
      -0.0167199993134
      0.226899993896
    
      0.0328800010681
      -0.0175200004578
      0.228
    
      0.0195
      0.0219300003052
      0.228600006104
    
      -0.00666200017929
      0.031
      0.228399993896
    
      0.0304599990845
      -0.0267199993134
      0.176199996948
    
      0.0337900009155
      -0.0219500007629
      0.205199996948
    
      0.0218400001526
      -0.01725
      0.127800003052
    
      0.0366500015259
      -0.00558900022507
      0.209300003052
    
      0.0354500007629
      0.00508300018311
      0.226699996948
    
      -0.00823400020599
      -0.0736600036621
      0.189100006104
    
      -0.02625
      -0.0360099983215
      0.161
    
      0.01
      -0.0514599990845
      0.158300003052
    
      -0.00497300004959
      0.0228500003815
      0.137600006104
    
      -0.0149499998093
      0.0310400009155
      0.190899993896
    
      -0.00344099998474
      0.0317299995422
      0.1815
    
      -0.00739099979401
      -0.0720800018311
      0.181100006104
    
      -0.0256399993896
      0.0275699996948
      0.2235
    
      -0.0383199996948
      0.0135799999237
      0.227899993896
    
      -0.0228999996185
      0.0119300003052
      0.127300003052
    
      -0.0221599998474
      0.0150600004196
      0.130199996948
    
      0.0298400001526
      0.0140399999619
      0.176600006104
    
      -0.0353199996948
      -0.0251299991608
      0.164800003052
    
      -0.0400099983215
      -0.0226200008392
      0.1925
    
      0.0108500003815
      -0.0617599983215
      0.164699996948
    
      -0.0091859998703
      -0.0695899963379
      0.208600006104
    
      0.00763999986649
      -0.0692900009155
      0.1795
    
      0.0081280002594
      -0.0718199996948
      0.189300003052
    
      0.00769099998474
      -0.0714599990845
      0.193
    
      0.00825399971008
      0.0328899993896
      0.223199996948
    
      0.00452299976349
      -0.0597400016785
      0.166100006104
    
      0.00877099990845
      -0.00947700023651
      0.123800003052
    
      0.00989799976349
      -0.0544900016785
      0.160100006104
    
      0.0210499992371
      -0.0201299991608
      0.126900001526
    
      -0.00919499969482
      -0.0733399963379
      0.200300003052
    
      1.9750000909e-05
      0.0193299999237
      0.128399993896
    
      0.00410799980164
      0.0164400005341
      0.126699996948
    
      -0.00682000017166
      -0.0667900009155
      0.166199996948
    
      0.00737799978256
      -0.0711800003052
      0.197699996948
    
      -0.00396300005913
      -0.0408699989319
      0.161800003052
    
      -0.00820600032806
      -0.0729300003052
      0.1895
    
      0.000904699981213
      -0.0395499992371
      0.150699996948
    
      -0.00843000030518
      -0.0397200012207
      0.151699996948
    
      0.0113900003433
      -0.0412099990845
      0.157
    
      0.00843500041962
      -0.0469599990845
      0.214300003052
    
      0.0256000003815
      -0.0236399993896
      0.228399993896
    
      -0.0112899999619
      -0.0606399993896
      0.211100006104
    
      -0.0118199996948
      -0.0609500007629
      0.209800003052
    
      -0.0113900003433
      -0.068
      0.207
    
      -0.0113400001526
      -0.0654300003052
      0.207800003052
    
      -0.0109200000763
      -0.0406800003052
      0.158800003052
    
      -0.01375
      -0.0400499992371
      0.157100006104
    
      -0.0195
      -0.0444000015259
      0.216899993896
    
      -0.0105900001526
      -0.0474599990845
      0.216100006104
    
      -0.0231299991608
      -0.0425200004578
      0.226600006104
    
      -0.0245499992371
      -0.0329599990845
      0.228300003052
    
      0.013720000267
      -0.0452700004578
      0.209800003052
    
      0.0111000003815
      -0.04475
      0.156
    
      0.010220000267
      -0.0496899986267
      0.158399993896
    
      0.0328499984741
      0.0114300003052
      0.199899993896
    
      0.0329700012207
      0.0114499998093
      0.226800003052
    
      0.0106400003433
      -0.0667300033569
      0.171600006104
    
      0.0175100002289
      -0.0375200004578
      0.166399993896
    
      0.0104600000381
      -0.0421800003052
      0.182
    
      0.00901099967957
      -0.0701900024414
      0.179300003052
    
      0.00875500011444
      -0.0718000030518
      0.181199996948
    
      0.0224099998474
      -0.0384900016785
      0.205699996948
    
      0.0303400001526
      0.0150399999619
      0.227699996948
    
      0.0288899993896
      0.0155100002289
      0.228300003052
    
      0.0104899997711
      0.0299300003052
      0.228
    
      -0.0131199998856
      -0.0546399993896
      0.211100006104
    
      0.00501200008392
      -0.0626599998474
      0.209399993896
    
      0.000254099994898
      -0.0583499984741
      0.2085
    
      -0.00893999958038
      -0.0409599990845
      0.160300003052
    
      0.0102600002289
      -0.0437799987793
      0.154300003052
    
      -0.00686499977112
      -0.0712099990845
      0.180600006104
    
      0.0253500003815
      0.0163099994659
      0.1565
    
      0.0217999992371
      0.0239099998474
      0.173199996948
    
      -0.0161100006104
      -0.0474799995422
      0.208699996948
    
      0.0273199996948
      -0.029
      0.162300003052
    
      -0.0214899997711
      -0.0369799995422
      0.155699996948
    
      -0.014529999733
      -0.0356399993896
      0.1465
    
      -0.0069439997673
      -0.0696999969482
      0.172699996948
    
      0.00883100032806
      0.00205599999428
      0.124900001526
    
      -0.00630000019073
      -0.0699700012207
      0.175899993896
    
      0.00810200023651
      -0.0716900024414
      0.1745
    
      0.00675500011444
      0.0333600006104
      0.225
    
      -0.00424800014496
      -0.0520600013733
      0.215699996948
    
      -0.0439300003052
      -0.00591300010681
      0.227399993896
    
      -0.0128299999237
      -0.0425499992371
      0.175
    
      0.0116599998474
      -0.0425999984741
      0.227600006104
    
      0.0179799995422
      0.0281800003052
      0.227100006104
    
      0.00708500003815
      -0.0663799972534
      0.164899993896
    
      0.0352700004578
      0.00470699977875
      0.208699996948
    
      -0.00840600013733
      -0.0741800003052
      0.198
    
      0.0179599990845
      0.0133599996567
      0.130100006104
    
      -0.00118499994278
      -0.0452000007629
      0.160300003052
    
      -0.00896000003815
      -0.0484300003052
      0.215600006104
    
      0.0260300006866
      -0.0333100013733
      0.225800003052
    
      0.0253600006104
      0.0223799991608
      0.227199996948
    
      -0.00321300005913
      0.0332000007629
      0.227800003052
    
      -0.0108699998856
      0.0330200004578
      0.227600006104
    
      -0.0128100004196
      -0.0534099998474
      0.212399993896
    
      0.00645800018311
      -0.0684100036621
      0.206699996948
    
      -0.00695800018311
      -0.0713799972534
      0.178899993896
    
      0.0244899997711
      -0.0321300010681
      0.162600006104
    
      0.00375900006294
      -0.0465400009155
      0.2245
    
      0.0215100002289
      -0.0221800003052
      0.131899993896
    
      0.00965699958801
      -0.0549900016785
      0.1615
    
      0.0103299999237
      -0.0604700012207
      0.162800003052
    
      0.003125
      -0.0699700012207
      0.196600006104
    
      0.00439900016785
      -0.00695900011063
      0.123900001526
    
      -0.00375099992752
      -0.07
      0.1985
    
      -0.00757299995422
      -0.07075
      0.200100006104
    
      -0.00955700016022
      -0.0464300003052
      0.157
    
      -0.00923900032043
      -0.0720400009155
      0.200600006104
    
      0.0102600002289
      -0.0683199996948
      0.172300003052
    
      0.00737099981308
      -0.0710400009155
      0.191199996948
    
      0.0066360001564
      -0.0728199996948
      0.200699996948
    
      0.0146899995804
      0.00332999992371
      0.124800003052
    
      0.00893799972534
      0.0327200012207
      0.2265
    
      -0.0388699989319
      -0.0166000003815
      0.227800003052
    
      -0.0430600013733
      -0.00369000005722
      0.227800003052
    
      -0.0438600006104
      -0.0106899995804
      0.226800003052
    
      -0.00558900022507
      -0.0701399993896
      0.178800003052
    
      -0.0380099983215
      0.0147299995422
      0.223100006104
    
      0.0291200008392
      0.00996000003815
      0.2285
    
      0.00127400004864
      -0.0410099983215
      0.165300003052
    
      0.00615600013733
      -0.0738399963379
      0.178
    
      0.0127600002289
      -0.0423899993896
      0.227399993896
    
      0.0211800003052
      0.0262099990845
      0.227
    
      -0.0297399997711
      -0.0378800010681
      0.223399993896
    
      -0.0113599996567
      -0.0646200027466
      0.209100006104
    
      -0.0111300001144
      -0.0432799987793
      0.155699996948
    
      -0.00856299972534
      -0.0467299995422
      0.158199996948
    
      -0.00102699995041
      -0.0667099990845
      0.2045
    
      -0.0121400003433
      -0.0566100006104
      0.209800003052
    
      0.0166900005341
      -0.0355299987793
      0.157
    
      0.00671199989319
      -0.0706299972534
      0.200100006104
    
      0.00587400007248
      -0.0663600006104
      0.209899993896
    
      0.00583300018311
      -0.0627099990845
      0.2105
    
      0.00681799983978
      -0.057
      0.211300003052
    
      0.0270499992371
      -0.03075
      0.170199996948
    
      0.00579600000381
      -0.0660100021362
      0.208699996948
    
      -0.00756799983978
      -0.0725100021362
      0.184699996948
    
      -0.00607499980927
      -0.0710299987793
      0.1835
    
      0.00999300003052
      -0.0677300033569
      0.173399993896
    
      0.0108699998856
      -0.0657799987793
      0.1695
    
      0.0105900001526
      -0.0604000015259
      0.164
    
      0.011
      -0.0648600006104
      0.167399993896
    
      -0.00889999961853
      -0.0467400016785
      0.1555
    
      0.00552799987793
      -0.0479500007629
      0.206100006104
    
      -0.00272799992561
      -0.0679100036621
      0.175300003052
    
      -0.00957900047302
      -0.0671299972534
      0.206
    
      -0.0230499992371
      0.0238999996185
      0.160600006104
    
      -0.00845699977875
      0.000952400028706
      0.124800003052
    
      -0.0342999992371
      -0.0330400009155
      0.197399993896
    
      -0.00758599996567
      -0.0464199981689
      0.227100006104
    
      0.00346900010109
      -0.0686900024414
      0.202100006104
    
      0.0107899999619
      -0.0669300003052
      0.170899993896
    
      -0.00707100009918
      -0.0639500007629
      0.164199996948
    
      0.0142299995422
      -0.0429799995422
      0.199199996948
    
      -0.00422800016403
      -0.0642699966431
      0.206699996948
    
      0.00952799987793
      -0.0665699996948
      0.172300003052
    
      0.0066859998703
      -0.0410200004578
      0.169
    
      0.0120600004196
      -0.0386899986267
      0.162300003052
    
      0.00752400016785
      -0.0510499992371
      0.213199996948
    
      0.00781799983978
      -0.0439900016785
      0.2275
    
      0.0223600006104
      -0.0156099996567
      0.130199996948
    
      0.0168099994659
      -0.00912100028992
      0.125
    
      -0.0259099998474
      -0.0410699996948
      0.213
    
      -0.00959200000763
      -0.0717399978638
      0.204699996948
    
      -0.010720000267
      -0.0696200027466
      0.206100006104
    
      -0.0150200004578
      -0.0398100013733
      0.161199996948
    
      -0.00625500011444
      -0.0437599983215
      0.159100006104
    
      0.00779699993134
      -0.0513100013733
      0.209199996948
    
      0.0135500001907
      -0.0447999992371
      0.206699996948
    
      0.00992700004578
      -0.0485800018311
      0.208699996948
    
      -0.00270700001717
      -0.0578400001526
      0.164199996948
    
      -0.0427700004578
      0.00275099992752
      0.2275
    
      -0.0442799987793
      -0.00679199981689
      0.223699996948
    
      -0.0133199996948
      -0.0531199989319
      0.210300003052
    
      -0.0103299999237
      -0.0422799987793
      0.153800003052
    
      -0.00347099995613
      -0.073
      0.207399993896
    
      -0.00607299995422
      -0.0457999992371
      0.227399993896
    
      0.0075560002327
      -0.0732099990845
      0.190399993896
    
      0.0365800018311
      -0.00694099998474
      0.227
    
      -0.0226900005341
      0.0260900001526
      0.228399993896
    
      -0.0171599998474
      0.0282800006866
      0.228399993896
    
      0.0364399986267
      -0.00630800008774
      0.207
    
      0.00557100009918
      -0.0672600021362
      0.206600006104
    
      0.00463000011444
      -0.0650199966431
      0.207800003052
    
      0.00489200019836
      -0.0574199981689
      0.209699996948
    
      0.00966899967194
      -0.0501100006104
      0.157
    
      0.00538899993896
      -0.0442799987793
      0.153
    
      0.0107899999619
      -0.0387099990845
      0.151699996948
    
      -0.0363400001526
      0.0158199996948
      0.228
    
      -0.0410999984741
      0.00750699996948
      0.227699996948
    
      0.00519500017166
      -0.0659400024414
      0.172699996948
    
      0.00935099983215
      -0.0586599998474
      0.164
    
      -0.00375
      -0.0505299987793
      0.161100006104
    
      0.0164799995422
      -0.0416399993896
      0.214199996948
    
      -0.00632800006866
      -0.0685699996948
      0.167600006104
    
      0.0239099998474
      -0.0308600006104
      0.155899993896
    
      0.0269699993134
      -0.0327200012207
      0.213600006104
    
      0.012779999733
      -0.0405200004578
      0.154800003052
    
      -0.00751300001144
      -0.0588699989319
      0.2085
    
      0.00156799995899
      -0.0623300018311
      0.207800003052
    
      0.00377099990845
      -0.0665699996948
      0.205600006104
    
      -0.000619099974632
      -0.0545499992371
      0.208199996948
    
      -0.0215599994659
      -0.0431199989319
      0.226699996948
    
      -0.0110500001907
      -0.0457000007629
      0.199600006104
    
      -0.00691200017929
      -0.0714000015259
      0.173800003052
    
      0.0305
      -0.0232399997711
      0.168800003052
    
      -0.0248899993896
      -0.0416899986267
      0.204
    
      0.007617000103
      -0.0544799995422
      0.162699996948
    
      -0.00627199983597
      -0.0480099983215
      0.216600006104
    
      -0.0362200012207
      -0.00463999986649
      0.152899993896
    
      -0.012970000267
      -0.0516699981689
      0.209399993896
    
      -0.0100900001526
      -0.0424599990845
      0.157600006104
    
      0.00454300022125
      -0.0521100006104
      0.208300003052
    
      0.0103599996567
      -0.0490200004578
      0.210899993896
    
      0.0156899995804
      -0.0350200004578
      0.149199996948
    
      -0.00691400003433
      -0.0682099990845
      0.203899993896
    
      -0.00307999992371
      -0.0417599983215
      0.160100006104
    
      0.00509499979019
      -0.0701100006104
      0.189899993896
    
      -0.0109499998093
      -0.0510499992371
      0.214
    
      0.00198699998856
      -0.0534500007629
      0.162699996948
    
      -0.0347200012207
      0.0188999996185
      0.227399993896
    
      -0.0101899995804
      -0.0490999984741
      0.207100006104
    
      0.0105200004578
      -0.0460699996948
      0.206
    
      -0.0361100006104
      0.0128999996185
      0.228
    
      -0.00420499992371
      -0.0650899963379
      0.169800003052
    
      -0.00219600009918
      -0.0455699996948
      0.194
    
      -0.0151999998093
      -0.0379399986267
      0.152300003052
    
      -0.00320199990273
      -0.0705299987793
      0.189100006104
    
      -0.00836600017548
      -0.0735599975586
      0.1925
    
      0.00712099981308
      -0.0101599998474
      0.123699996948
    
      -0.000163699999452
      -0.0471699981689
      0.204300003052
    
      0.005125
      -0.0124300003052
      0.124300003052
    
      -0.00846500015259
      -0.0415499992371
      0.166600006104
    
      -0.00557600021362
      -0.0486300010681
      0.216
    
      -0.00896300029755
      -0.0471500015259
      0.219100006104
    
      -0.00641099977493
      -0.0523800010681
      0.160399993896
    
      -0.0195400009155
      -0.0454099998474
      0.212199996948
    
      0.00331599998474
      -0.0254200000763
      0.124699996948
    
      -0.0128599996567
      -0.0406100006104
      0.154199996948
    
      -0.01525
      -0.0500299987793
      0.211100006104
    
      0.00315599989891
      -0.0455499992371
      0.227199996948
    
      -0.00528599977493
      -0.0471399993896
      0.204199996948
    
      -0.0200400009155
      -0.0451300010681
      0.209800003052
    
      -0.00684499979019
      -0.0636399993896
      0.165600006104
    
      0.00663399982452
      -0.069
      0.204699996948
    
      -0.0139399995804
      -0.0481699981689
      0.213699996948
    
      -0.00778299999237
      -0.0742699966431
      0.188399993896
    
      0.0370299987793
      -0.00878400039673
      0.210300003052
    
      0.0216200008392
      -0.0197199993134
      0.128199996948
    
      -0.0197900009155
      0.0291299991608
      0.228100006104
    
      0.0267999992371
      0.0190200004578
      0.228
    
      0.0269300003052
      0.0201200008392
      0.2275
    
      0.0335299987793
      -0.0191800003052
      0.227100006104
    
      0.00862899971008
      -0.0525800018311
      0.211300003052
    
      0.00689499998093
      -0.0714599990845
      0.202600006104
    
      0.00926099967957
      -0.0501100006104
      0.160100006104
    
      -0.0273500003815
      -0.0389199981689
      0.227199996948
    
      -0.0241100006104
      -0.0422299995422
      0.225399993896
    
      -0.0324300003052
      -0.0347599983215
      0.227
    
      0.0171299991608
      0.01025
      0.126699996948
    
      -0.00633400011063
      -0.0578800010681
      0.159199996948
    
      0.0118000001907
      -0.0460299987793
      0.212199996948
    
      0.0144899997711
      -0.0414300003052
      0.227399993896
    
      0.00505700016022
      -0.0442400016785
      0.227699996948
    
      -0.000393400013447
      -0.04725
      0.218300003052
    
      0.00665500020981
      -0.0558199996948
      0.2125
    
      0.00826900005341
      -0.0420999984741
      0.158699996948
    
      -0.00377399992943
      -0.0365
      0.146300003052
    
      -0.00947500038147
      -0.0545499992371
      0.208699996948
    
      -0.00795200014114
      -0.0517000007629
      0.158600006104
    
      -0.00627799987793
      0.0123199996948
      0.1265
    
      -0.0010870000124
      0.0182399997711
      0.127199996948
    
      -0.0288700008392
      0.0199799995422
      0.158100006104
    
      -0.00972900009155
      -0.0712699966431
      0.203100006104
    
      0.0187399997711
      -0.00623999977112
      0.126400001526
    
      0.00667899990082
      -0.0705199966431
      0.194199996948
    
      0.0196900005341
      -0.0235100002289
      0.127699996948
    
      -0.0252600002289
      0.0265400009155
      0.228100006104
    
      -0.00951000022888
      -0.0698799972534
      0.203699996948
    
      -0.0204699993134
      0.0123000001907
      0.126699996948
    
      -0.0393699989319
      0.0113500003815
      0.227699996948
    
      0.00855000019073
      -0.04575
      0.159199996948
    
      0.0284799995422
      -0.0283700008392
      0.168899993896
    
      0.00995100021362
      -0.0452400016785
      0.217199996948
    
      -0.00873799991608
      -0.0728399963379
      0.196699996948
    
      -0.0166000003815
      -0.0385200004578
      0.154600006104
    
      -0.0238099994659
      -0.0417000007629
      0.226899993896
    
      -0.00676700019836
      0.0335
      0.227800003052
    
      -0.00751999998093
      -0.0415
      0.159399993896
    
      -0.0105
      -0.0620800018311
      0.208300003052
    
      0.0239699993134
      0.0239899997711
      0.224
    
      -0.00612400007248
      -0.0635999984741
      0.162899993896
    
      0.00105700004101
      -0.0489599990845
      0.215800003052
    
      0.00744600009918
      -0.0396300010681
      0.1605
    
      0.00390000009537
      -0.0423199996948
      0.159800003052
    
      -0.0054439997673
      -0.0758099975586
      0.193600006104
    
      -0.0393400001526
      -0.000893299996853
      0.170600006104
    
      0.00277800011635
      0.0335299987793
      0.227399993896
    
      0.00738100004196
      -0.0718399963379
      0.199600006104
    
      -0.00697700023651
      -0.0617000007629
      0.162100006104
    
      -0.00648000001907
      -0.0594500007629
      0.163
    
      0.0106599998474
      -0.0675500030518
      0.172
    
      -0.00739699983597
      0.0177399997711
      0.1275
    
      -0.0184799995422
      -0.0439199981689
      0.227199996948
    
      0.0211299991608
      -0.00985499954224
      0.127199996948
    
      0.00993200016022
      -0.0575200004578
      0.161100006104
    
      -0.0079439997673
      -0.0526300010681
      0.158
    
      -0.000652300000191
      -0.0690400009155
      0.180100006104
    
      0.0116499996185
      -0.012779999733
      0.124
    
      0.0211700000763
      -0.0211200008392
      0.127800003052
    
      -0.00192499995232
      -0.0504900016785
      0.206800003052
    
      -0.00559800004959
      -0.0746500015259
      0.1805
    
      -0.0177299995422
      -0.0436399993896
      0.227399993896
    
      -0.0166599998474
      -0.0454099998474
      0.225
    
      -0.005507999897
      -0.0696299972534
      0.210399993896
    
      0.01075
      -0.0630699996948
      0.167199996948
    
      -0.0184200000763
      -0.0444799995422
      0.204800003052
    
      0.0364700012207
      -0.00053979998827
      0.226899993896
    
      -0.0368600006104
      -0.0145
      0.159199996948
    
      0.0256900005341
      -0.0256700000763
      0.149699996948
    
      0.0270900001526
      -0.0340299987793
      0.192199996948
    
      -0.0299699993134
      0.0209200000763
      0.228199996948
    
      -0.0213700008392
      0.0295300006866
      0.226600006104
    
      0.0135799999237
      0.0132600002289
      0.126599998474
    
      -0.00783799982071
      -0.0734000015259
      0.185600006104
    
      -0.00819600009918
      -0.0741800003052
      0.192800003052
    
      0.0328400001526
      0.00933800029755
      0.228
    
      0.0341100006104
      -0.00712699985504
      0.182300003052
    
      0.0367000007629
      -0.00553900003433
      0.2115
    
      0.00859500026703
      -0.0281900005341
      0.126
    
      0.0307399997711
      -0.0284099998474
      0.186399993896
    
      -0.0119499998093
      0.0318299999237
      0.228100006104
    
      0.0238199996948
      0.0235799999237
      0.227600006104
    
      0.0345699996948
      -0.0124300003052
      0.228
    
      0.0360800018311
      -0.0149899997711
      0.224699996948
    
      0.0288099994659
      -0.0287600002289
      0.226800003052
    
      0.0323199996948
      -0.02575
      0.222199996948
    
      0.0226900005341
      -0.0372799987793
      0.222300003052
    
      0.00751399993896
      -0.0543800010681
      0.2105
    
      0.00532999992371
      -0.0643899993896
      0.211199996948
    
      0.00826599979401
      -0.0709300003052
      0.186800003052
    
      0.00298300004005
      -0.0756399993896
      0.184300003052
    
      0.00701000022888
      -0.0740400009155
      0.183
    
      0.00934200000763
      -0.0556699981689
      0.159600006104
    
      0.00337700009346
      -0.0289099998474
      0.126
    
      -0.00778299999237
      -0.0724700012207
      0.192199996948
    
      -0.00863599967957
      -0.0738399963379
      0.196399993896
    
      0.0103199996948
      -0.0681999969482
      0.173199996948
    
      0.01625
      0.0163799991608
      0.1315
    
      0.0343199996948
      0.00672200012207
      0.198300003052
    
      -0.04375
      -0.000985700011253
      0.227300003052
    
      -0.0414000015259
      0.00855399990082
      0.226699996948
    
      0.0101199998856
      -0.0668700027466
      0.168399993896
    
      0.0134300003052
      0.00893099975586
      0.125300003052
    
      -0.00747300004959
      0.0341699981689
      0.226800003052
    
      -0.0136999998093
      0.0325999984741
      0.227
    
      -0.00127799999714
      0.0269899997711
      0.152899993896
    
      -0.00940600013733
      -0.0414199981689
      0.1585
    
      -0.0109899997711
      -0.066
      0.209300003052
    
      -0.0354500007629
      -0.0310200004578
      0.227100006104
    
      -0.03575
      -0.0318600006104
      0.223600006104
    
      0.0222299995422
      0.012779999733
      0.1385
    
      0.0176499996185
      -0.00104499995708
      0.125300003052
    
      -0.0178299999237
      -0.0291599998474
      0.128399993896
    
      -0.0218999996185
      -0.0265100002289
      0.128199996948
    
      -0.00721700000763
      -0.0717600021362
      0.1765
    
      -0.0299699993134
      -0.0336300010681
      0.165100006104
    
      0.0365499992371
      0.0019279999733
      0.220800003052
    
      0.0279099998474
      0.00475400018692
      0.151
    
      0.0115799999237
      -0.0300699996948
      0.131600006104
    
      0.0194400005341
      -0.0278899993896
      0.136199996948
    
      0.0278899993896
      -0.0316800003052
      0.177300003052
    
      0.0154600000381
      -0.0424500007629
      0.224199996948
    
      0.000733200013638
      -0.0696399993896
      0.210699996948
    
      0.00389800000191
      -0.0754000015259
      0.198600006104
    
      -0.00106299996376
      -0.0740500030518
      0.176199996948
    
      0.00461899995804
      -0.0734000015259
      0.174899993896
    
      0.0118500003815
      -0.0388100013733
      0.157899993896
    
      0.00878600025177
      -0.0405800018311
      0.158800003052
    
      0.00228200006485
      -0.0407599983215
      0.160899993896
    
      0.00590700006485
      -0.0490499992371
      0.160899993896
    
      0.03425
      0.00258299994469
      0.228100006104
    
      -0.0216599998474
      -0.0434000015259
      0.224699996948
    
      -0.00726499986649
      -0.0691900024414
      0.169899993896
    
      -0.0075640001297
      -0.0560299987793
      0.159800003052
    
      0.0217999992371
      0.0258400001526
      0.219100006104
    
      0.0281800003052
      0.0192099990845
      0.224300003052
    
      -0.0307099990845
      -0.0208799991608
      0.141
    
      -0.0268400001526
      -0.0154300003052
      0.128
    
      -0.0429700012207
      -0.012970000267
      0.2275
    
      -0.0375499992371
      -0.0270300006866
      0.227399993896
    
      0.007617000103
      -0.0725400009155
      0.197300003052
    
      0.010470000267
      -0.0637700004578
      0.165300003052
    
      -0.00722399997711
      -0.0597000007629
      0.161800003052
    
      -0.0418499984741
      0.0054889998436
      0.2015
    
      -0.0120699996948
      -0.0456199989319
      0.227300003052
    
      -0.0112899999619
      0.0289400005341
      0.166300003052
    
      -0.00385199999809
      0.0195200004578
      0.1285
    
      -0.0381699981689
      0.00451499986649
      0.228199996948
    
      -0.00735500001907
      -0.0731399993896
      0.180699996948
    
      0.0205799999237
      -0.00277099990845
      0.126800003052
    
      -0.0228099994659
      -0.0209599990845
      0.125900001526
    
      0.0366300010681
      -0.0107100000381
      0.213600006104
    
      -0.0273199996948
      -0.00522800016403
      0.127699996948
    
      -0.02275
      -0.0318700008392
      0.141100006104
    
      -0.0165900001526
      -0.0280699996948
      0.1265
    
      -0.0157299995422
      -0.0153599996567
      0.124099998474
    
      0.0197199993134
      0.0208600006104
      0.150699996948
    
      -0.0269799995422
      0.00246600008011
      0.127599998474
    
      -0.0148299999237
      0.0146199998856
      0.126599998474
    
      -0.0255699996948
      0.0273700008392
      0.207899993896
    
      0.00609600019455
      -0.00932299995422
      0.1235
    
      -0.00838099956512
      -0.0594700012207
      0.214
    
      0.0118900003433
      0.0274699993134
      0.163800003052
    
      0.0119099998474
      0.0221499996185
      0.141
    
      -0.00668800020218
      -0.0317099990845
      0.129699996948
    
      0.0101099996567
      -0.0578100013733
      0.162399993896
    
      -0.0240799999237
      -0.0102600002289
      0.125400001526
    
      -0.0261200008392
      0.0255699996948
      0.228300003052
    
      -0.00180999994278
      -0.0649800033569
      0.162699996948
    
      0.0085670003891
      0.0188199996948
      0.129300003052
    
      0.0311599998474
      0.0129799995422
      0.228100006104
