
  
 
   
    
      412, 519, 119
    
      412, 119, 195
    
      119, 519, 242
    
      195, 420, 412
    
      360, 412, 420
    
      360, 420, 413
    
      519, 381, 242
    
      413, 369, 360
    
      119, 116, 195
    
      116, 420, 195
    
      116, 119, 130
    
      381, 191, 242
    
      191, 329, 242
    
      464, 242, 329
    
      381, 449, 191
    
      118, 119, 242
    
      130, 119, 118
    
      242, 259, 118
    
      259, 242, 464
    
      130, 118, 315
    
      211, 464, 329
    
      380, 329, 191
    
      329, 380, 214
    
      329, 214, 211
    
      214, 380, 88
    
      464, 243, 259
    
      464, 342, 243
    
      342, 464, 211
    
      120, 118, 259
    
      120, 117, 118
    
      342, 443, 243
    
      124, 259, 243
    
      259, 124, 120
    
      124, 243, 328
    
      124, 378, 120
    
      443, 328, 243
    
      120, 378, 117
    
      117, 378, 212
    
      336, 381, 519
    
      381, 336, 151
    
      336, 337, 151
    
      420, 491, 413
    
      151, 332, 381
    
      378, 124, 142
    
      328, 41, 124
    
      124, 41, 142
    
      289, 332, 151
    
      151, 337, 327
    
      519, 412, 273
    
      273, 336, 519
    
      360, 153, 412
    
      169, 336, 273
    
      369, 153, 360
    
      336, 169, 337
    
      281, 337, 169
    
      169, 228, 281
    
      273, 181, 169
    
      181, 323, 169
    
      361, 169, 323
    
      169, 361, 170
    
      361, 323, 270
    
      347, 361, 270
    
      382, 347, 270
    
      350, 382, 270
    
      520, 273, 412
    
      412, 153, 102
    
      520, 412, 102
    
      102, 153, 17
    
      104, 273, 520
    
      273, 104, 181
    
      421, 181, 104
    
      421, 323, 181
    
      269, 323, 421
    
      292, 269, 421
    
      292, 160, 269
    
      269, 270, 323
    
      270, 269, 159
    
      104, 435, 421
    
      292, 421, 435
    
      435, 469, 292
    
      200, 292, 469
    
      104, 520, 103
    
      103, 520, 102
    
      500, 103, 102
    
      102, 17, 500
    
      110, 469, 435
    
      489, 141, 331
    
      411, 489, 331
    
      262, 331, 141
    
      262, 141, 333
    
      333, 141, 253
    
      411, 138, 489
    
      213, 333, 253
    
      253, 345, 213
    
      213, 345, 179
    
      64, 179, 345
    
      345, 108, 64
    
      108, 345, 253
    
      179, 64, 167
    
      310, 253, 141
    
      108, 253, 310
    
      167, 64, 62
    
      167, 204, 179
    
      62, 204, 167
    
      179, 204, 302
    
      64, 495, 62
    
      302, 178, 179
    
      63, 302, 204
    
      495, 166, 62
    
      204, 62, 166
    
      166, 63, 204
    
      178, 302, 351
    
      141, 489, 189
    
      451, 64, 108
    
      101, 64, 451
    
      108, 310, 451
    
      189, 489, 455
    
      64, 101, 495
    
      475, 495, 101
    
      143, 310, 141
    
      310, 143, 451
    
      264, 489, 138
    
      489, 264, 455
    
      83, 179, 178
    
      213, 179, 303
    
      179, 56, 303
    
      56, 179, 83
    
      246, 262, 333
    
      246, 333, 213
    
      213, 303, 246
    
      246, 135, 262
    
      262, 135, 331
    
      135, 374, 331
    
      168, 246, 303
    
      523, 303, 56
    
      523, 168, 303
    
      472, 523, 56
    
      84, 246, 168
    
      472, 56, 107
    
      432, 135, 246
    
      432, 246, 84
    
      132, 374, 135
    
      168, 523, 492
    
      168, 492, 84
    
      493, 492, 523
    
      472, 493, 523
    
      432, 84, 492
    
      68, 492, 493
    
      432, 434, 135
    
      131, 135, 434
    
      132, 135, 131
    
      235, 236, 33
    
      33, 236, 530
    
      530, 236, 377
    
      33, 9, 235
    
      377, 528, 530
    
      9, 338, 235
    
      317, 235, 338
    
      338, 125, 317
    
      74, 317, 125
    
      515, 317, 74
    
      74, 348, 515
    
      348, 74, 403
    
      31, 403, 74
    
      31, 74, 8
    
      530, 529, 33
    
      126, 74, 125
    
      74, 126, 8
    
      530, 528, 529
    
      338, 433, 125
    
      33, 376, 9
    
      433, 338, 9
    
      376, 433, 9
    
      31, 8, 364
    
      364, 72, 31
    
      8, 126, 395
    
      364, 8, 395
    
      394, 126, 125
    
      394, 125, 433
    
      376, 33, 75
    
      33, 529, 461
    
      433, 312, 394
    
      258, 433, 376
    
      433, 258, 312
    
      236, 235, 409
    
      235, 317, 409
    
      317, 286, 409
    
      317, 515, 286
    
      377, 236, 355
    
      515, 418, 286
    
      348, 418, 515
    
      430, 236, 409
    
      286, 173, 409
    
      409, 173, 430
    
      348, 80, 418
    
      430, 136, 236
    
      355, 236, 136
    
      286, 86, 173
    
      286, 155, 86
    
      418, 155, 286
    
      418, 80, 516
    
      516, 155, 418
    
      136, 35, 355
    
      158, 355, 35
    
      136, 456, 35
    
      35, 456, 158
    
      456, 36, 158
    
      80, 30, 516
    
      173, 490, 430
    
      490, 136, 430
    
      490, 173, 85
    
      173, 86, 85
    
      86, 318, 85
    
      86, 155, 318
    
      441, 318, 155
    
      516, 441, 155
    
      441, 516, 30
    
      424, 351, 55
    
      55, 357, 424
    
      357, 55, 363
    
      309, 55, 351
    
      363, 186, 357
    
      415, 186, 363
    
      542, 186, 415
    
      55, 164, 363
    
      480, 164, 55
    
      308, 55, 309
    
      480, 55, 308
    
      208, 164, 480
    
      164, 208, 172
    
      177, 480, 308
    
      208, 480, 177
    
      208, 177, 252
    
      356, 208, 252
    
      356, 172, 208
    
      356, 300, 172
    
      300, 359, 172
    
      308, 425, 177
    
      505, 308, 309
    
      505, 425, 308
    
      425, 298, 177
    
      359, 300, 467
    
      479, 505, 309
    
      424, 178, 351
    
      424, 357, 249
    
      351, 475, 309
    
      186, 542, 249
    
      542, 327, 249
    
      249, 357, 186
    
      309, 475, 479
    
      505, 203, 425
    
      425, 203, 96
    
      505, 368, 203
    
      479, 475, 375
    
      375, 503, 479
    
      475, 539, 375
    
      178, 424, 299
    
      299, 424, 249
    
      207, 299, 249
    
      327, 202, 249
    
      249, 202, 207
    
      178, 299, 83
    
      202, 426, 207
    
      299, 50, 83
    
      50, 299, 207
    
      426, 50, 207
    
      426, 92, 50
    
      202, 250, 426
    
      448, 250, 202
    
      426, 250, 92
    
      92, 250, 484
    
      484, 250, 307
    
      192, 92, 484
    
      484, 389, 192
    
      484, 427, 389
    
      427, 205, 389
    
      389, 261, 192
    
      92, 366, 50
    
      192, 366, 92
    
      366, 192, 352
    
      192, 261, 352
    
      352, 193, 366
    
      352, 271, 193
    
      14, 83, 50
    
      14, 50, 5
    
      366, 5, 50
    
      5, 366, 70
    
      366, 193, 70
    
      193, 71, 70
    
      14, 5, 477
    
      14, 477, 107
    
      5, 11, 477
    
      5, 70, 11
    
      70, 51, 11
    
      70, 71, 51
    
      403, 385, 330
    
      330, 385, 215
    
      403, 31, 385
    
      330, 215, 276
    
      276, 215, 206
    
      454, 206, 215
    
      215, 175, 454
    
      31, 73, 385
    
      518, 215, 385
    
      305, 215, 518
    
      305, 175, 215
    
      297, 385, 73
    
      297, 518, 385
    
      31, 72, 73
    
      330, 304, 403
    
      304, 348, 403
    
      330, 268, 304
    
      267, 268, 330
    
      276, 267, 330
    
      267, 276, 206
    
      80, 304, 268
    
      462, 80, 268
    
      348, 304, 80
    
      462, 268, 267
    
      267, 6, 462
    
      6, 267, 188
    
      80, 462, 182
    
      462, 6, 183
    
      184, 182, 462
    
      184, 462, 183
    
      188, 139, 6
    
      139, 26, 6
    
      80, 182, 488
    
      6, 26, 183
    
      26, 182, 183
    
      482, 98, 54
    
      58, 98, 482
    
      241, 98, 58
    
      240, 98, 241
    
      240, 301, 98
    
      97, 58, 482
    
      482, 209, 97
    
      483, 209, 482
    
      483, 57, 209
    
      57, 436, 209
    
      483, 343, 57
    
      343, 483, 93
    
      301, 239, 98
    
      98, 239, 481
    
      98, 481, 47
    
      481, 239, 497
    
      498, 481, 497
    
      486, 47, 481
    
      481, 496, 486
    
      498, 496, 481
    
      496, 90, 486
    
      526, 225, 471
    
      32, 225, 526
    
      27, 405, 460
    
      263, 320, 416
    
      371, 233, 440
    
      154, 440, 233
    
      513, 440, 154
    
      218, 395, 126
    
      297, 73, 439
    
      407, 393, 233
    
      394, 312, 27
    
      305, 502, 175
    
      58, 476, 263
    
      58, 97, 476
    
      97, 209, 476
    
      137, 58, 263
    
      137, 241, 58
    
      137, 263, 416
    
      416, 241, 137
    
      241, 416, 240
    
      320, 240, 416
    
      240, 320, 319
    
      301, 240, 319
    
      301, 319, 60
    
      384, 60, 319
    
      60, 239, 301
    
      239, 60, 384
    
      59, 239, 384
    
      37, 384, 319
    
      384, 37, 59
    
      239, 59, 497
    
      210, 497, 59
    
      210, 59, 37
    
      334, 285, 446
    
      225, 334, 446
    
      446, 471, 225
    
      285, 227, 446
    
      471, 446, 227
    
      284, 227, 285
    
      402, 284, 285
    
      284, 402, 401
    
      401, 522, 284
    
      227, 284, 522
    
      475, 351, 495
    
      166, 495, 351
    
      63, 166, 351
    
      63, 351, 302
    
      314, 371, 282
    
      371, 314, 407
    
      233, 371, 407
    
      300, 388, 467
    
      405, 27, 312
    
      201, 237, 518
    
      237, 305, 518
    
      518, 44, 201
    
      297, 44, 518
    
      355, 153, 377
    
      377, 153, 369
    
      355, 17, 153
    
      355, 341, 17
    
      355, 158, 341
    
      341, 158, 36
    
      17, 341, 500
    
      341, 423, 500
    
      423, 341, 36
    
      36, 456, 423
    
      528, 377, 369
    
      528, 369, 128
    
      128, 369, 413
    
      491, 128, 413
    
      224, 528, 128
    
      127, 224, 128
    
      411, 453, 267
    
      411, 331, 453
    
      206, 411, 267
    
      453, 331, 374
    
      267, 453, 188
    
      453, 374, 383
    
      188, 453, 383
    
      132, 383, 374
    
      206, 454, 411
    
      454, 487, 411
    
      487, 138, 411
    
      487, 454, 175
    
      138, 487, 264
    
      487, 478, 264
    
      487, 175, 478
    
      478, 144, 264
    
      455, 264, 144
    
      478, 175, 502
    
      517, 129, 507
    
      517, 507, 42
    
      431, 507, 129
    
      517, 76, 129
    
      171, 129, 76
    
      507, 431, 198
    
      316, 129, 171
    
      465, 431, 129
    
      465, 129, 315
    
      129, 316, 315
    
      316, 171, 313
    
      123, 198, 431
    
      465, 123, 431
    
      316, 313, 130
    
      198, 161, 507
    
      142, 161, 198
    
      42, 538, 517
    
      538, 4, 517
    
      161, 10, 507
    
      1, 507, 10
    
      397, 42, 507
    
      1, 397, 507
    
      397, 538, 42
    
      397, 1, 238
    
      238, 1, 368
    
      368, 335, 238
    
      48, 397, 238
    
      4, 538, 504
    
      397, 504, 538
    
      504, 539, 4
    
      335, 48, 238
    
      397, 48, 503
    
      48, 335, 503
    
      100, 4, 539
    
      76, 517, 460
    
      517, 27, 460
    
      394, 27, 517
    
      460, 461, 76
    
      461, 127, 76
    
      517, 126, 394
    
      296, 517, 4
    
      100, 296, 4
    
      218, 126, 517
    
      100, 365, 296
    
      147, 218, 517
    
      231, 147, 517
    
      517, 296, 536
    
      231, 517, 536
    
      450, 536, 296
    
      296, 143, 450
    
      143, 296, 451
    
      231, 536, 43
    
      43, 201, 231
    
      44, 231, 201
    
      231, 44, 439
    
      439, 44, 297
    
      450, 189, 536
    
      43, 237, 201
    
      43, 536, 49
    
      43, 49, 237
    
      237, 49, 502
    
      106, 525, 527
    
      105, 527, 525
    
      527, 531, 106
    
      106, 531, 512
    
      105, 525, 65
    
      527, 105, 535
    
      527, 535, 152
    
      525, 106, 163
    
      106, 69, 163
    
      474, 535, 105
    
      468, 65, 525
    
      163, 468, 525
    
      69, 106, 494
    
      473, 474, 105
    
      65, 473, 105
    
      65, 468, 110
    
      477, 69, 494
    
      163, 69, 51
    
      12, 152, 535
    
      12, 13, 152
    
      106, 512, 67
    
      106, 107, 494
    
      107, 106, 66
    
      67, 66, 106
    
      245, 67, 512
    
      245, 512, 7
    
      512, 532, 7
    
      66, 67, 245
    
      7, 532, 434
    
      131, 434, 532
    
      245, 68, 66
    
      432, 245, 7
    
      474, 500, 535
    
      500, 423, 535
    
      12, 535, 423
    
      13, 12, 423
    
      13, 490, 152
    
      512, 133, 532
    
      133, 131, 532
    
      490, 511, 152
    
      527, 152, 87
    
      87, 458, 527
    
      531, 527, 458
    
      531, 458, 512
    
      512, 458, 133
    
      87, 152, 34
    
      511, 34, 152
    
      87, 488, 458
    
      488, 26, 458
    
      457, 87, 34
    
      488, 87, 81
    
      490, 85, 511
    
      34, 511, 85
    
      134, 87, 457
    
      87, 134, 81
    
      34, 85, 392
    
      457, 34, 392
    
      339, 223, 280
    
      334, 223, 339
    
      339, 280, 24
    
      334, 157, 223
    
      280, 230, 24
    
      24, 230, 263
    
      263, 230, 320
    
      334, 339, 285
    
      406, 339, 24
    
      24, 263, 25
    
      216, 285, 339
    
      339, 406, 216
    
      406, 24, 25
    
      402, 285, 216
    
      25, 263, 275
    
      221, 216, 406
    
      216, 221, 2
    
      402, 216, 2
    
      275, 221, 25
    
      221, 406, 25
    
      402, 2, 362
    
      275, 410, 221
    
      401, 402, 362
    
      221, 194, 2
    
      2, 194, 362
    
      194, 221, 217
    
      217, 221, 410
    
      194, 148, 362
    
      194, 3, 148
    
      288, 3, 194
    
      194, 217, 288
    
      274, 288, 217
    
      277, 280, 223
    
      280, 277, 222
    
      222, 230, 280
    
      277, 223, 279
    
      223, 157, 279
    
      156, 279, 157
    
      222, 319, 230
    
      278, 277, 279
    
      222, 277, 533
    
      533, 277, 278
    
      222, 533, 370
    
      109, 257, 387
    
      526, 257, 109
    
      257, 526, 471
    
      109, 32, 526
    
      470, 109, 387
    
      470, 32, 109
    
      45, 115, 372
    
      45, 372, 444
    
      372, 115, 150
    
      372, 283, 444
    
      444, 283, 513
    
      444, 154, 45
    
      513, 154, 444
    
      154, 52, 45
    
      52, 154, 19
    
      327, 289, 151
    
      289, 327, 400
    
      400, 327, 542
    
      542, 415, 400
    
      289, 400, 354
    
      400, 415, 354
    
      38, 396, 93
    
      396, 445, 93
    
      93, 445, 437
    
      437, 343, 93
    
      53, 396, 38
    
      466, 445, 396
    
      501, 53, 38
    
      52, 501, 38
    
      38, 45, 52
    
      52, 19, 501
    
      445, 466, 340
    
      53, 23, 396
    
      22, 23, 53
    
      53, 501, 22
    
      23, 537, 396
    
      396, 537, 466
    
      20, 22, 501
    
      20, 21, 22
    
      72, 147, 231
    
      439, 72, 231
    
      72, 439, 73
    
      218, 147, 72
    
      72, 364, 218
    
      395, 218, 364
    
      7, 434, 432
    
      468, 163, 112
    
      468, 112, 111
    
      112, 163, 51
    
      71, 112, 51
    
      111, 110, 468
    
      110, 111, 469
    
      41, 161, 142
    
      41, 508, 161
    
      508, 10, 161
    
      40, 10, 508
    
      1, 10, 40
    
      40, 368, 1
    
      539, 504, 375
    
      382, 350, 265
    
      255, 353, 174
    
      353, 88, 174
    
      182, 184, 183
    
      140, 190, 265
    
      190, 140, 452
    
      140, 521, 452
    
      500, 474, 103
    
      103, 474, 104
    
      476, 275, 263
    
      182, 26, 488
    
      458, 188, 133
    
      133, 188, 383
    
      139, 188, 458
    
      458, 26, 139
    
      383, 132, 133
    
      132, 131, 133
    
      476, 391, 410
    
      391, 476, 436
    
      499, 391, 436
    
      275, 476, 410
    
      283, 372, 220
    
      113, 256, 254
    
      189, 450, 141
    
      39, 54, 95
    
      510, 39, 95
    
      95, 54, 98
    
      257, 39, 510
    
      387, 510, 95
    
      387, 257, 510
    
      54, 39, 94
    
      94, 482, 54
    
      114, 39, 257
    
      94, 39, 506
    
      506, 39, 114
    
      506, 176, 94
    
      483, 482, 94
    
      506, 114, 115
    
      94, 176, 483
    
      46, 176, 506
    
      46, 483, 176
    
      47, 95, 98
    
      95, 459, 387
    
      485, 459, 95
    
      95, 47, 485
    
      122, 387, 459
    
      485, 47, 486
    
      459, 485, 77
    
      485, 486, 77
    
      506, 115, 45
    
      483, 46, 93
    
      506, 45, 38
    
      506, 38, 46
    
      93, 46, 38
    
      463, 121, 187
    
      121, 422, 187
    
      180, 422, 121
    
      419, 187, 422
    
      78, 187, 419
    
      334, 225, 157
    
      32, 157, 225
    
      157, 32, 470
    
      157, 470, 156
    
      448, 307, 250
    
      146, 307, 448
    
      146, 448, 199
    
      83, 14, 56
    
      56, 14, 107
    
      298, 295, 509
    
      295, 346, 509
    
      295, 443, 346
    
      410, 274, 217
    
      122, 470, 387
    
      254, 470, 122
    
      122, 113, 254
    
      113, 122, 386
    
      386, 122, 459
    
      256, 113, 386
    
      397, 503, 375
    
      504, 397, 375
    
      427, 417, 205
    
      540, 99, 325
    
      540, 325, 28
    
      540, 28, 463
    
      90, 99, 540
    
      325, 99, 390
    
      463, 28, 247
    
      247, 121, 463
    
      540, 463, 91
    
      91, 463, 187
    
      540, 91, 90
    
      99, 356, 390
    
      247, 28, 197
    
      325, 197, 28
    
      390, 248, 325
    
      325, 248, 509
    
      325, 509, 197
    
      248, 390, 252
    
      342, 247, 197
    
      197, 346, 342
    
      509, 346, 197
    
      248, 298, 509
    
      281, 327, 337
    
      327, 281, 398
    
      202, 327, 398
    
      199, 398, 281
    
      448, 202, 398
    
      448, 398, 199
    
      199, 281, 228
    
      344, 373, 324
    
      306, 344, 324
    
      324, 373, 534
    
      344, 306, 322
    
      219, 306, 324
    
      358, 534, 373
    
      449, 344, 322
    
      380, 449, 322
    
      449, 332, 344
    
      358, 373, 244
    
      145, 358, 244
    
      185, 244, 373
    
      354, 185, 373
    
      324, 149, 219
    
      534, 149, 324
    
      149, 534, 272
    
      358, 272, 534
    
      272, 358, 379
    
      379, 358, 145
    
      219, 149, 367
    
      311, 219, 367
    
      488, 81, 80
    
      30, 80, 81
    
      30, 81, 441
    
      81, 134, 441
    
      438, 306, 219
    
      306, 438, 180
    
      180, 255, 306
    
      255, 174, 306
    
      306, 174, 322
    
      174, 380, 322
    
      380, 174, 88
    
      311, 438, 219
    
      422, 438, 311
    
      438, 422, 180
    
      18, 471, 227
    
      150, 18, 227
    
      522, 150, 227
    
      372, 150, 522
    
      372, 522, 220
    
      220, 522, 401
    
      362, 148, 234
    
      220, 362, 234
    
      283, 220, 234
    
      513, 283, 234
    
      440, 513, 234
    
      148, 371, 234
    
      234, 371, 440
    
      296, 365, 451
    
      451, 365, 101
    
      365, 100, 101
    
      101, 100, 475
    
      200, 293, 292
    
      160, 292, 293
    
      112, 293, 200
    
      160, 293, 294
    
      193, 293, 112
    
      293, 193, 271
    
      293, 271, 294
    
      71, 193, 112
    
      200, 111, 112
    
      111, 200, 469
    
      326, 99, 90
    
      61, 326, 90
    
      326, 61, 165
    
      99, 326, 388
    
      61, 90, 496
    
      498, 61, 496
    
      123, 465, 118
    
      117, 123, 118
    
      117, 212, 123
    
      123, 212, 198
    
      198, 212, 142
    
      212, 378, 142
    
      116, 313, 420
    
      15, 57, 343
    
      15, 343, 437
    
      15, 437, 226
    
      116, 130, 313
    
      11, 69, 477
    
      69, 11, 51
    
      33, 460, 75
    
      75, 460, 405
    
      75, 405, 376
    
      405, 258, 376
    
      312, 258, 405
    
      210, 370, 287
    
      370, 210, 222
    
      210, 37, 222
    
      65, 435, 104
    
      65, 110, 435
    
      321, 349, 382
    
      265, 321, 382
    
      190, 321, 265
    
      452, 321, 190
    
      452, 260, 321
    
      260, 452, 0
    
      0, 452, 521
    
      414, 159, 160
    
      160, 159, 269
    
      417, 89, 524
    
      340, 524, 89
    
      340, 89, 82
    
      455, 536, 189
    
      455, 144, 536
    
      68, 245, 432
    
      492, 68, 432
    
      271, 352, 261
    
      145, 326, 379
    
      165, 379, 326
    
      145, 388, 326
    
      388, 145, 467
    
      541, 266, 251
    
      251, 266, 417
    
      427, 251, 417
    
      307, 541, 251
    
      307, 251, 484
    
      427, 484, 251
    
      307, 146, 541
    
      282, 148, 3
    
      148, 282, 371
    
      282, 3, 229
    
      3, 290, 229
    
      282, 229, 232
    
      314, 282, 232
    
      3, 288, 290
    
      260, 314, 232
    
      232, 229, 404
    
      290, 404, 229
    
      290, 291, 404
    
      321, 260, 232
    
      399, 232, 404
    
      291, 541, 404
    
      288, 266, 290
    
      266, 288, 274
    
      291, 290, 266
    
      266, 541, 291
    
      423, 136, 13
    
      136, 423, 456
    
      13, 136, 490
    
      196, 232, 399
    
      349, 232, 196
    
      170, 349, 196
    
      347, 349, 170
    
      399, 199, 196
    
      321, 232, 349
    
      199, 399, 146
    
      399, 541, 146
    
      404, 541, 399
    
      22, 159, 414
    
      21, 159, 22
    
      414, 29, 22
    
      23, 22, 29
    
      29, 414, 442
    
      23, 29, 537
    
      442, 537, 29
    
      261, 442, 414
    
      271, 261, 414
    
      414, 294, 271
    
      160, 294, 414
    
      428, 266, 274
    
      266, 428, 89
    
      429, 89, 428
    
      89, 429, 82
    
      266, 89, 417
    
      274, 391, 428
    
      428, 391, 429
    
      429, 391, 499
    
      82, 226, 445
    
      82, 445, 340
    
      226, 437, 445
    
      205, 79, 442
    
      79, 205, 417
    
      261, 205, 442
    
      205, 261, 389
    
      417, 524, 79
    
      537, 442, 79
    
      466, 537, 79
    
      466, 79, 340
    
      524, 340, 79
    
      96, 41, 295
    
      162, 96, 295
    
      295, 41, 328
    
      96, 508, 41
    
      298, 162, 295
    
      443, 295, 328
    
      203, 508, 96
    
      425, 96, 162
    
      298, 425, 162
    
      40, 508, 203
    
      368, 40, 203
    
      257, 18, 114
    
      18, 257, 471
    
      115, 114, 18
    
      474, 473, 104
    
      473, 65, 104
    
      185, 172, 244
    
      244, 172, 359
    
      467, 244, 359
    
      533, 149, 272
    
      370, 533, 272
    
      278, 149, 533
    
      379, 370, 272
    
      149, 278, 367
    
      499, 57, 15
    
      57, 499, 436
    
      15, 16, 499
    
      226, 16, 15
    
      499, 16, 429
    
      408, 429, 16
    
      226, 408, 16
    
      429, 408, 82
    
      408, 226, 82
    
      107, 66, 472
    
      66, 68, 472
    
      493, 472, 68
    
      342, 211, 247
    
      247, 211, 214
    
      214, 353, 247
    
      88, 353, 214
    
      353, 121, 247
    
      121, 353, 255
    
      121, 255, 180
    
      171, 76, 128
    
      128, 76, 127
    
      491, 171, 128
    
      224, 529, 528
    
      529, 224, 447
    
      447, 461, 529
    
      505, 335, 368
    
      505, 479, 335
    
      503, 335, 479
    
      85, 318, 392
    
      318, 457, 392
    
      318, 134, 457
    
      318, 441, 134
    
      501, 19, 20
    
      19, 393, 20
    
      393, 407, 20
    
      19, 233, 393
    
      90, 91, 486
    
      91, 77, 486
    
      77, 91, 187
    
      77, 187, 78
    
      459, 77, 78
    
      78, 386, 459
    
      169, 170, 228
    
      228, 170, 196
    
      199, 228, 196
    
      450, 143, 141
    
      373, 344, 289
    
      373, 289, 354
    
      344, 332, 289
    
      159, 21, 350
    
      159, 350, 270
    
      21, 265, 350
    
      21, 140, 265
    
      185, 354, 363
    
      354, 415, 363
    
      185, 363, 164
    
      144, 49, 536
    
      144, 478, 49
    
      274, 410, 391
    
      388, 300, 99
    
      356, 99, 300
    
      461, 460, 33
    
      467, 145, 244
    
      342, 346, 443
    
      237, 502, 305
    
      498, 165, 61
    
      477, 494, 107
    
      491, 420, 171
    
      118, 465, 315
    
      127, 461, 447
    
      127, 447, 224
    
      156, 470, 254
    
      316, 130, 315
    
      478, 502, 49
    
      349, 347, 382
    
      287, 497, 210
    
      498, 497, 287
    
      100, 539, 475
    
      319, 320, 230
    
      386, 78, 419
    
      407, 21, 20
    
      407, 521, 21
    
      521, 140, 21
    
      0, 407, 314
    
      260, 0, 314
    
      0, 521, 407
    
      449, 381, 332
    
      279, 514, 367
    
      514, 311, 367
    
      514, 256, 311
    
      514, 254, 256
    
      279, 156, 514
    
      514, 156, 254
    
      171, 420, 313
    
      248, 177, 298
    
      248, 252, 177
    
      37, 319, 222
    
      422, 256, 419
    
      311, 256, 422
    
      386, 419, 256
    
      220, 401, 362
    
      115, 18, 150
    
      185, 164, 172
    
      209, 436, 476
    
      370, 379, 287
    
      379, 165, 287
    
      165, 498, 287
    
      252, 390, 356
    
      154, 233, 19
    
      278, 279, 367
    
      170, 361, 347
    
      380, 191, 449
   
    
      -0.00896000003815
      -0.0557099990845
      0.0341199951172
    
      0.0121540002823
      -0.0403299980164
      0.142020004272
    
      -0.00159099960327
      -0.0702300033569
      0.0625200042725
    
      0.00138800001144
      -0.0602000007629
      0.0441199951172
    
      0.0372900009155
      -0.0141600008011
      0.142619995117
    
      0.0301599998474
      -0.0341199989319
      0.0119199981689
    
      0.0241499996185
      0.0470600013733
      0.0104199981689
    
      0.0466200027466
      0.0120410003662
      0.0037200012207
    
      -0.00956999969482
      0.0546900024414
      0.138319992065
    
      -0.0331900024414
      0.0396100006104
      0.131020004272
    
      0.00621490001678
      -0.0419099998474
      0.141819992065
    
      0.0235900001526
      -0.0369300003052
      0.0067200012207
    
      -0.0363700027466
      0.0123129997253
      0.00323999786377
    
      -0.0369599990845
      0.0190299987793
      0.00391999816895
    
      0.0378499984741
      -0.0270200004578
      0.0128199996948
    
      0.0118339996338
      -0.0703700027466
      0.0472200012207
    
      0.0122259998322
      -0.0687700042725
      0.0451199951172
    
      -0.0420400009155
      -0.00034700012207
      0.0136199951172
    
      -0.00802999973297
      -0.0779599990845
      0.0675200042725
    
      -0.00688000011444
      -0.0648000030518
      0.0382200012207
    
      -0.00736999988556
      -0.0597999992371
      0.0340200042725
    
      -0.00855000019073
      -0.0546899986267
      0.0314199981689
    
      -0.00116199970245
      -0.0582599983215
      0.0286199951172
    
      0.0045110001564
      -0.0608699989319
      0.0298199996948
    
      0.00572779989243
      -0.0736000061035
      0.0811199951172
    
      0.00661670017242
      -0.0727700042725
      0.0720200042725
    
      0.0195200004578
      0.0481800003052
      0.00511999511719
    
      -0.029140001297
      0.042
      0.141020004272
    
      -0.00135400009155
      -0.057469997406
      0.122020004272
    
      0.0054795999527
      -0.0545399971008
      0.0264199981689
    
      -0.00397000026703
      0.0508400001526
      0.00591999816895
    
      9.10000801086e-05
      0.0563500022888
      0.131319992065
    
      -0.00880000019073
      -0.0779300003052
      0.0920200042725
    
      -0.0389199981689
      0.0314700012207
      0.131619995117
    
      -0.0173299999237
      0.0400699996948
      0.00275999450684
    
      -0.0406699981689
      0.0163299999237
      0.0107200012207
    
      -0.0415100021362
      0.0113239994049
      0.00731999969482
    
      0.0103660001755
      -0.0746399993896
      0.0998199920654
    
      0.000621000289917
      -0.0718400039673
      0.0423199920654
    
      -9.99927520752e-07
      -0.0835300064087
      0.0769199981689
    
      0.0107810001373
      -0.041969997406
      0.141619995117
    
      -0.00170899963379
      -0.043
      0.137720001221
    
      0.0192700004578
      -0.0166899986267
      0.143220001221
    
      0.0269099998474
      0.0478899993896
      0.141319992065
    
      0.0148059997559
      0.0542200012207
      0.140819992065
    
      -0.00496000003815
      -0.0730300064087
      0.0476199951172
    
      0.00448500013351
      -0.0781100006104
      0.0553199920654
    
      0.00670840024948
      -0.0809800033569
      0.104319992065
    
      0.0299699993134
      -0.03325
      0.142119995117
    
      0.0340900001526
      0.0450400009155
      0.141220001221
    
      0.0307199993134
      -0.0322099990845
      0.0298199996948
    
      0.0146800003052
      -0.0391399993896
      0.00591999816895
    
      -0.00426000022888
      -0.0678800048828
      0.0391199951172
    
      0.00106799983978
      -0.0652600021362
      0.0337200012207
    
      0.00669309997559
      -0.0833600006104
      0.0813199920654
    
      0.0264899997711
      -0.0368199996948
      0.114520004272
    
      0.0455599975586
      -0.0162999992371
      0.0166199951172
    
      0.0115609998703
      -0.0743400039673
      0.0555200042725
    
      0.0112530002594
      -0.0783000030518
      0.0762200012207
    
      0.0111210002899
      -0.0760300064087
      0.0993199920654
    
      0.0111350002289
      -0.0768600006104
      0.0948199920654
    
      0.0117600002289
      -0.0710500030518
      0.113919998169
    
      0.0488199996948
      -0.01357999897
      0.126819992065
    
      0.0464300003052
      -0.0174900016785
      0.121020004272
    
      0.0510299987793
      -0.00764000034332
      0.126819992065
    
      -0.0152600002289
      -0.0340399971008
      0.00541999816895
    
      0.0445400009155
      -0.0108599996567
      0.00481999969482
    
      0.0420599975586
      -0.00459000015259
      0.00293999481201
    
      0.0489300003052
      -0.00464999961853
      0.0062200012207
    
      0.0233799991608
      -0.0344899978638
      0.00491999816895
    
      0.0206199989319
      -0.0390399971008
      0.0109199981689
    
      0.0128629999161
      -0.0408099975586
      0.00891999816895
    
      -0.00158199977875
      0.0561900024414
      0.139520004272
    
      0.00683900022507
      0.05675
      0.138919998169
    
      -0.0125
      0.0522700004578
      0.120720001221
    
      -0.0358300018311
      0.0358300018311
      0.140720001221
    
      -0.0410500030518
      0.0148819999695
      0.141819992065
    
      -0.000469999790192
      -0.0763700027466
      0.115619995117
    
      -0.00497000026703
      -0.074560005188
      0.114919998169
    
      0.0125370006561
      -0.054
      0.0300199966431
    
      0.00129300022125
      0.0511399993896
      0.0125199966431
    
      -0.00410000038147
      0.0497100028992
      0.00451999664307
    
      0.0132250003815
      -0.0640300064087
      0.0389199981689
    
      0.0388099975586
      -0.0241300010681
      0.0357200012207
    
      0.0506399993896
      0.00236000013351
      0.0072200012207
    
      -0.0222199993134
      0.0410200004578
      0.00451999664307
    
      -0.0192399997711
      0.0448500022888
      0.0092200012207
    
      -0.00225199985504
      0.0441200027466
      0.00241999816895
    
      -0.0103400001526
      -0.0491699981689
      0.115819992065
    
      0.013468000412
      -0.0596199989319
      0.0368199920654
    
      0.00802799987793
      -0.0705800018311
      0.118520004272
    
      0.00178700017929
      -0.0718899993896
      0.119220001221
    
      0.0197099990845
      -0.0388099975586
      0.0297200012207
    
      0.00761100006104
      -0.0734900054932
      0.0473199920654
    
      0.00633043003082
      -0.082560005188
      0.0716199951172
    
      0.00285500001907
      -0.0833800048828
      0.0970200042725
    
      0.00923999977112
      -0.0429099998474
      0.134220001221
    
      0.0114029998779
      -0.0771800003052
      0.0667200012207
    
      0.00951900005341
      -0.0812000045776
      0.0890200042725
    
      0.00953499984741
      -0.0600699958801
      0.120220001221
    
      0.0463799972534
      -0.0148399991989
      0.142119995117
    
      0.0499899978638
      -0.011720000267
      0.140419998169
    
      -0.0388700027466
      -0.0117899999619
      0.0139199981689
    
      -0.0343199996948
      -0.0194500007629
      0.00811999511719
    
      -0.025859998703
      -0.0300599975586
      0.0117200012207
    
      -0.02025
      -0.0216800003052
      0.00297999572754
    
      0.0291000003815
      -0.0183499984741
      0.00241999816895
    
      0.0391200027466
      -0.0228800010681
      0.00661999511719
    
      0.0529899978638
      0.00167100000381
      0.125720001221
    
      -0.00828999996185
      -0.0792000045776
      0.0928199920654
    
      -0.0109599990845
      -0.0377700004578
      0.00631999969482
    
      -0.00380000019073
      -0.0402799987793
      0.00711999511719
    
      0.00479899978638
      -0.0412000007629
      0.00881999969482
    
      -0.00875
      -0.0758899993896
      0.107520004272
    
      -0.00525
      -0.0805
      0.0680200042725
    
      -0.00586999988556
      -0.0779400024414
      0.0600200042725
    
      -0.0396800003052
      -0.0161399993896
      0.139720001221
    
      -0.0223400001526
      -0.0351100006104
      0.140819992065
    
      -0.0274600009918
      -0.0313099975586
      0.138819992065
    
      -0.0325299987793
      -0.0255
      0.127319992065
    
      -0.0216800003052
      -0.0358499984741
      0.137919998169
    
      -0.00826000022888
      -0.0609200019836
      0.118020004272
    
      -0.00780999946594
      -0.0776100006104
      0.105119995117
    
      -0.0208400001526
      -0.0347399978638
      0.142020004272
    
      -0.0131200008392
      -0.0400999984741
      0.135819992065
    
      -0.0241499996185
      0.0476000022888
      0.134020004272
    
      -0.0162199993134
      0.05225
      0.139819992065
    
      -0.0444599990845
      0.0150670003891
      0.141119995117
    
      -0.0456100006104
      0.00748500013351
      0.136919998169
    
      -0.0313799991608
      -0.0159199991226
      0.142720001221
    
      -0.0355400009155
      -0.0219399986267
      0.141220001221
    
      0.0461100006104
      0.0215299987793
      0.00481999969482
    
      0.0442200012207
      0.0268899993896
      0.00591999816895
    
      0.0373300018311
      0.0316399993896
      0.0037200012207
    
      -0.00781999969482
      0.0487900009155
      0.00411999511719
    
      0.0484599990845
      0.0200900001526
      0.0121199951172
    
      -0.0393399963379
      0.0202700004578
      0.0097200012207
    
      0.0112390003204
      -0.0772900009155
      0.0808199920654
    
      0.0426200027466
      0.0378500022888
      0.126419998169
    
      0.0257199993134
      0.0459799995422
      0.00581999969482
    
      -0.01
      -0.0544099998474
      0.0329199981689
    
      0.0520599975586
      0.0181399993896
      0.124720001221
    
      -0.0107399997711
      -0.0399300003052
      0.141419998169
    
      0.0532300033569
      0.00773299980164
      0.141119995117
    
      0.0405699996948
      0.0397200012207
      0.140919998169
    
      0.0127810001373
      -0.0609799995422
      0.114319992065
    
      0.00819400024414
      -0.0415699996948
      0.0352200012207
    
      -0.00518000030518
      0.0547299995422
      0.140419998169
    
      -0.00435000038147
      -0.0637599983215
      0.0475200042725
    
      0.0015720000267
      -0.06625
      0.109520004272
    
      -0.00864999961853
      -0.0756000061035
      0.0618199920654
    
      -0.00685000038147
      -0.0395399971008
      0.0977200012207
    
      -0.0275100002289
      0.0230299987793
      0.00191999816895
    
      -0.0401100006104
      -0.00143699979782
      0.0358199920654
    
      -0.00801999950409
      -0.0679500045776
      0.0445200042725
    
      -0.00943999958038
      0.0491000022888
      0.0106199951172
    
      -0.00830000019073
      -0.0752900009155
      0.100819992065
    
      -0.00772999954224
      -0.0759400024414
      0.0943199920654
    
      -0.0412399978638
      0.0138249998093
      0.0104199981689
    
      -0.00515999984741
      -0.0453600006104
      0.0251199951172
    
      -0.00170199966431
      -0.0413699989319
      0.0214199981689
    
      -0.00115700006485
      -0.0414899978638
      0.141919998169
    
      0.00871899986267
      -0.0423999977112
      0.127020004272
    
      0.0114710006714
      -0.0370599975586
      0.00461999511719
    
      0.0201900005341
      -0.0418299980164
      0.115720001221
    
      0.0122930002213
      -0.069
      0.112919998169
    
      0.0473899993896
      -0.0163199996948
      0.124720001221
    
      0.0490899963379
      -0.0114499998093
      0.117319992065
    
      0.0508300018311
      -0.000621999740601
      0.0106199951172
    
      -0.0134400005341
      -0.0357999992371
      0.0365200042725
    
      -0.00646000003815
      -0.0415699996948
      0.0327200012207
    
      -0.0435899963379
      -0.00236199998856
      0.141520004272
    
      0.0164899997711
      -0.0468600006104
      0.115819992065
    
      -0.0279200000763
      0.0380900001526
      0.0120199966431
    
      -0.00980999946594
      -0.0503799972534
      0.115119995117
    
      0.0313099994659
      0.0488600006104
      0.138919998169
    
      0.00509399986267
      -0.0812800064087
      0.0646199951172
    
      0.0176499996185
      -0.0421499977112
      0.121419998169
    
      0.0419000015259
      -0.0189199981689
      0.0661199951172
    
      0.0467600021362
      -0.0103400001526
      0.0659199981689
    
      -0.00902999973297
      -0.0601199989319
      0.115419998169
    
      -0.0190799999237
      -0.0341399993896
      0.0269199981689
    
      0.0130399999619
      0.0503800010681
      0.0067200012207
    
      0.0181599998474
      0.0494900016785
      0.00691999816895
    
      0.0159639997482
      0.0501000022888
      0.00681999969482
    
      0.0140500001907
      -0.0454199981689
      0.113419998169
    
      0.0184599990845
      -0.0392000007629
      0.105020004272
    
      -0.00528999996185
      -0.0702300033569
      0.118020004272
    
      0.0309500007629
      0.0429000015259
      0.00861999511719
    
      0.0492900009155
      0.0277200012207
      0.140720001221
    
      -0.00975
      -0.0532099990845
      0.0328199920654
    
      -0.0137099990845
      -0.0410599975586
      0.113119995117
    
      0.0168999996185
      -0.0405499992371
      0.0274199981689
    
      0.0114130001068
      -0.0404500007629
      0.0185199966431
    
      -0.000138000011444
      -0.0656600036621
      0.0529199981689
    
      -0.0374899978638
      -0.0178400001526
      0.123520004272
    
      -0.00189099979401
      -0.0431800003052
      0.0346199951172
    
      -0.000821000099182
      -0.0471100006104
      0.122020004272
    
      -0.0140499992371
      -0.0372299995422
      0.142220001221
    
      0.00210400009155
      -0.0405599975586
      0.0364199981689
    
      -0.00071399974823
      -0.0411299972534
      0.0110199966431
    
      0.0203100013733
      0.0524799995422
      0.140919998169
    
      0.0155399999619
      -0.0380299987793
      0.0399199981689
    
      0.0149829998016
      -0.0419899978638
      0.138619995117
    
      0.0478600006104
      -0.0143000001907
      0.117919998169
    
      0.013642999649
      -0.0472700004578
      0.0291199951172
    
      0.0307600002289
      0.04325
      0.0749199981689
    
      0.0242000007629
      -0.0352099990845
      0.0426199951172
    
      0.0186399993896
      -0.0433299980164
      0.117919998169
    
      0.0113120002747
      -0.0766700057983
      0.0625200042725
    
      0.0105220003128
      -0.0743199996948
      0.103419998169
    
      -0.0112700004578
      -0.0433799972534
      0.117619995117
    
      -0.0182299995422
      -0.0366199989319
      0.141619995117
    
      0.0492099990845
      0.00186200022697
      0.0519199981689
    
      -0.0105
      -0.0463099975586
      0.116619995117
    
      0.0247100009918
      0.0514500007629
      0.124220001221
    
      -0.000250999927521
      -0.0723199996948
      0.0712200012207
    
      0.00580240011215
      -0.0648600006104
      0.0516199951172
    
      -0.00801000022888
      0.0545
      0.140119995117
    
      -0.00576999950409
      -0.0626499977112
      0.111520004272
    
      -0.00821000003815
      -0.0715500030518
      0.0556199951172
    
      0.00506200027466
      -0.0703199996948
      0.0637200012207
    
      0.00795499992371
      -0.0725699996948
      0.102319992065
    
      -0.00277400016785
      -0.0734900054932
      0.0932200012207
    
      -0.0452099990845
      0.0154870004654
      0.140119995117
    
      -0.00822000026703
      -0.0773899993896
      0.0866199951172
    
      0.0119040002823
      -0.068560005188
      0.0439199981689
    
      -0.00839000034332
      -0.076060005188
      0.0696199951172
    
      -0.00393999958038
      -0.0401199989319
      0.0353199920654
    
      0.000643000125885
      -0.0552299995422
      0.0391199951172
    
      0.00785900020599
      -0.0743500061035
      0.0894199981689
    
      0.00564709997177
      0.0530200004578
      0.141220001221
    
      -0.00367000007629
      -0.0515499992371
      0.0355200042725
    
      -0.00835000038147
      -0.0636199989319
      0.0405200042725
    
      -0.00794999980927
      -0.0681500015259
      0.0503199920654
    
      -0.029109998703
      0.0380499992371
      0.0808199920654
    
      -0.0356399993896
      0.0264500007629
      0.0559199981689
    
      0.0259600009918
      0.0506000022888
      0.140919998169
    
      0.02075
      -0.0379199981689
      0.142119995117
    
      0.0110529994965
      -0.0776800003052
      0.0974199981689
    
      0.0107290000916
      -0.0778600006104
      0.0880200042725
    
      0.011107000351
      -0.0782900009155
      0.0833199920654
    
      -0.0217000007629
      -0.034719997406
      0.114119995117
    
      -0.00909000015259
      -0.0409199981689
      0.123819992065
    
      0.0126770000458
      -0.0533099975586
      0.113819992065
    
      0.0463799972534
      0.00146799993515
      0.0037200012207
    
      0.0504899978638
      0.00777000045776
      0.0174199981689
    
      -0.00759000015259
      -0.0500499992371
      0.118819992065
    
      0.00928600025177
      -0.046
      0.121720001221
    
      0.0230599994659
      -0.0355399971008
      0.0682200012207
    
      0.0166499996185
      -0.0400799980164
      0.0323199920654
    
      0.0128080005646
      -0.0460699996948
      0.0327200012207
    
      0.0150749998093
      -0.0452399978638
      0.119819992065
    
      0.0511699981689
      0.00704800033569
      0.0932200012207
    
      -0.00868999958038
      -0.0758400039673
      0.105119995117
    
      -0.00942000007629
      -0.0541399993896
      0.115720001221
    
      -0.00860000038147
      -0.0742200012207
      0.108720001221
    
      -0.00684000015259
      -0.081
      0.0805200042725
    
      -0.0314899997711
      0.0410200004578
      0.140419998169
    
      -0.0187800006866
      -0.0365099983215
      0.126020004272
    
      -0.00810000038147
      -0.0542099990845
      0.0344199981689
    
      0.0130690002441
      -0.0429899978638
      0.0263199996948
    
      0.0472600021362
      0.0188199996948
      0.0529199981689
    
      0.0100819997787
      -0.0754599990845
      0.0773199920654
    
      0.0424899978638
      0.0388899993896
      0.139119995117
    
      -0.00932999992371
      -0.0517799987793
      0.0319199981689
    
      0.0112770004272
      -0.0539799995422
      0.0362200012207
    
      0.0258500003815
      0.0445100021362
      0.0388199920654
    
      0.0164119987488
      0.0483100013733
      0.0401199951172
    
      -0.00936999988556
      -0.0400999984741
      0.0229199981689
    
      -0.00969000053406
      -0.0428999977112
      0.0275199966431
    
      0.00870699977875
      -0.0414500007629
      0.0229199981689
    
      0.0077610001564
      -0.0666500015259
      0.110419998169
    
      -0.0258000011444
      -0.0276199989319
      0.0408199920654
    
      0.00964999961853
      -0.0625699958801
      0.0453199920654
    
      0.00864799976349
      -0.0726500015259
      0.0668199920654
    
      0.0253999996185
      0.0458899993896
      0.0664199981689
    
      0.00127300024033
      -0.0713700027466
      0.101520004272
    
      -0.00134200000763
      -0.0701300048828
      0.106020004272
    
      -0.00505000019073
      -0.0725900039673
      0.103419998169
    
      0.00434200000763
      -0.0731600036621
      0.0920200042725
    
      -0.00371000003815
      -0.0381399993896
      0.0421199951172
    
      -0.00419999980927
      -0.0583199996948
      0.0404199981689
    
      -0.00851000022888
      -0.0700800018311
      0.0512200012207
    
      -0.00835999965668
      -0.0747300033569
      0.0667200012207
    
      -0.00617000007629
      -0.0745800018311
      0.0749199981689
    
      -0.0169799995422
      0.0446399993896
      0.0323199920654
    
      0.0114060001373
      -0.0725100021362
      0.109220001221
    
      0.00686630010605
      -0.0603299980164
      0.0438199920654
    
      0.000395999908447
      -0.0411399993896
      0.105319992065
    
      0.00701590013504
      -0.0553799972534
      0.0390200042725
    
      0.00763300037384
      -0.05025
      0.0363199920654
    
      -0.00811999988556
      -0.0395499992371
      0.0159199981689
    
      0.00355500006676
      -0.0408199996948
      0.0186199951172
    
      0.00432299995422
      -0.0423600006104
      0.0225199966431
    
      0.00247800016403
      -0.0425200004578
      0.126220001221
    
      0.0464800033569
      0.00530900001526
      0.142220001221
    
      0.0135489997864
      0.0555499992371
      0.140119995117
    
      0.00894099998474
      -0.0434500007629
      0.123720001221
    
      0.0305200004578
      -0.0303299980164
      0.0531199951172
    
      0.0146630001068
      -0.0517899971008
      0.116819992065
    
      0.0108800001144
      -0.0778899993896
      0.0927200012207
    
      0.0459400024414
      -0.0164700012207
      0.106819992065
    
      0.0490500030518
      -0.00341100025177
      0.0275199966431
    
      0.0071765999794
      0.0498600006104
      0.0483199920654
    
      0.0256299991608
      0.0517100028992
      0.139919998169
    
      -0.00792000007629
      -0.0544099998474
      0.113520004272
    
      0.013107000351
      -0.0421399993896
      0.0331199951172
    
      0.0251000003815
      -0.0378999977112
      0.126119995117
    
      0.0330999984741
      -0.0327000007629
      0.133619995117
    
      0.0535899963379
      0.00720700025558
      0.134119995117
    
      -0.00772999954224
      -0.0692200012207
      0.111020004272
    
      -0.0292300014496
      0.0427600021362
      0.140819992065
    
      -0.0413899993896
      -0.0122300004959
      0.141319992065
    
      -0.00742000007629
      -0.057
      0.0365200042725
    
      -0.0325599975586
      -0.0243899993896
      0.142020004272
    
      -0.0367900009155
      -0.0175
      0.142220001221
    
      -0.0208700008392
      0.0445100021362
      0.0821199951172
    
      -0.0120300006866
      0.0475100021362
      0.00481999969482
    
      0.0104289999008
      -0.0760300064087
      0.0938199920654
    
      0.00994600009918
      -0.0757300033569
      0.0867200012207
    
      -0.00859000015259
      -0.0517299995422
      0.0332200012207
    
      -0.00873999977112
      -0.0470299987793
      0.113319992065
    
      -0.0131599998474
      -0.0387299995422
      0.0269199981689
    
      -0.00140000009537
      -0.0582799987793
      0.111020004272
    
      0.00490299987793
      -0.0511399993896
      0.122119995117
    
      0.0121049995422
      -0.0655900039673
      0.116319992065
    
      0.00643387985229
      -0.0390200004578
      0.0642200012207
    
      -0.00403999996185
      -0.0418199996948
      0.127819992065
    
      -0.0140200004578
      -0.0415099983215
      0.115419998169
    
      0.0181800003052
      0.0490400009155
      0.0690200042725
    
      0.0438099975586
      0.02675
      0.0510200042725
    
      -0.00643000030518
      -0.0412799987793
      0.109520004272
    
      0.0493399963379
      0.0106470003128
      0.0675200042725
    
      -0.00610999965668
      -0.0753000030518
      0.0854199981689
    
      0.0263299999237
      -0.0366299972534
      0.141619995117
    
      -0.0165300006866
      -0.0343199996948
      0.0686199951172
    
      -0.00735000038147
      -0.0374099998474
      0.0663199920654
    
      -0.0289100017548
      0.0429600028992
      0.124319992065
    
      0.000983000278473
      -0.0732099990845
      0.0810200042725
    
      0.0130440006256
      -0.0611099967957
      0.0353199920654
    
      -0.0421600036621
      0.00621300029755
      0.00931999969482
    
      -0.00709000015259
      -0.0435099983215
      0.120520004272
    
      0.0107420005798
      -0.073060005188
      0.0505200042725
    
      -0.00426000022888
      -0.0459599990845
      0.111419998169
    
      0.0501299972534
      -0.000541999816895
      0.0834199981689
    
      -0.00100699996948
      -0.0438999977112
      0.123020004272
    
      -0.00896000003815
      -0.0439899978638
      0.0305199966431
    
      -0.00111299991608
      0.04975
      0.0521199951172
    
      -0.00682999992371
      -0.0471299972534
      0.0328199920654
    
      -0.00840999984741
      -0.047469997406
      0.0289199981689
    
      0.0425699996948
      -0.02175
      0.117520004272
    
      0.0144730005264
      -0.0401800003052
      0.0244199981689
    
      -0.00957999992371
      -0.0515699996948
      0.116520004272
    
      0.00728609991074
      -0.0426599998474
      0.109819992065
    
      -0.04025
      0.0129619998932
      0.0267200012207
    
      0.014984000206
      -0.0487000007629
      0.117619995117
    
      0.0237399997711
      -0.0371899986267
      0.103020004272
    
      0.00967199993134
      -0.0602599983215
      0.112419998169
    
      0.0147119998932
      -0.0518999977112
      0.115520004272
    
      -0.0401200027466
      -0.00501000022888
      0.0747200012207
    
      -0.011
      -0.0402099990845
      0.0299199981689
    
      -0.00605999946594
      -0.0699400024414
      0.0570200042725
    
      0.0177000007629
      -0.0410399971008
      0.112419998169
    
      -0.00621000003815
      0.0556000022888
      0.138720001221
    
      0.0501100006104
      -0.00706999969482
      0.142119995117
    
      0.0232800006866
      -0.0368499984741
      0.0237200012207
    
      -0.00459000015259
      -0.0690500030518
      0.108619995117
    
      0.0167000007629
      -0.0405099983215
      0.141419998169
    
      -0.0420199966431
      0.00429800033569
      0.0822200012207
    
      0.00903499984741
      -0.0704900054932
      0.108020004272
    
      -0.00752999973297
      -0.0628199958801
      0.0423199920654
    
      -0.00834000015259
      -0.0730400009155
      0.0541199951172
    
      0.00592299985886
      -0.0479500007629
      0.111119995117
    
      0.0436600036621
      0.0299099998474
      0.0122200012207
    
      0.0380499992371
      -0.0268899993896
      0.141819992065
    
      -0.0346100006104
      0.0385200004578
      0.139419998169
    
      -0.0408799972534
      0.0136890001297
      0.0731199951172
    
      -0.0179599990845
      -0.0375399971008
      0.140520004272
    
      0.0115809993744
      -0.0668700027466
      0.112419998169
    
      -0.0107199993134
      -0.0457899971008
      0.114520004272
    
      -0.0149099998474
      -0.0373899993896
      0.105220001221
    
      -0.00875
      -0.04775
      0.0306199951172
    
      0.0378099975586
      0.0365499992371
      0.00731999969482
    
      0.0108910007477
      -0.0762400054932
      0.0969199981689
    
      0.0130890007019
      0.0552400016785
      0.129520004272
    
      -0.00752999973297
      -0.0759400024414
      0.109919998169
    
      -0.00568999958038
      -0.0813500061035
      0.0962200012207
    
      0.0131960000992
      -0.0578899993896
      0.116720001221
    
      0.0148350000381
      -0.0434599990845
      0.0284199981689
    
      0.0108780002594
      -0.0499899978638
      0.120119995117
    
      0.0112189998627
      -0.0672900009155
      0.0495200042725
    
      -0.0155100002289
      0.0442000007629
      0.00381999969482
    
      -0.00847000026703
      -0.0611499977112
      0.0367200012207
    
      -0.0237999992371
      0.0476500015259
      0.140419998169
    
      -0.00913000011444
      0.0546399993896
      0.139720001221
    
      0.00648267030716
      -0.0667300033569
      0.0361199951172
    
      0.0308799991608
      -0.0308699989319
      0.142419998169
    
      0.00555250024796
      -0.0392299995422
      0.0399199981689
    
      0.00331299996376
      -0.0433699989319
      0.0354199981689
    
      0.00689709997177
      -0.0409399986267
      0.101720001221
    
      -0.00809000015259
      -0.0734000015259
      0.0632200012207
    
      -0.00639999961853
      -0.0732099990845
      0.0666199951172
    
      0.00271399998665
      0.0526000022888
      0.0870200042725
    
      0.00344500017166
      -0.0493299980164
      0.0363199920654
    
      -0.0325
      0.0386399993896
      0.141119995117
    
      0.00413000011444
      -0.0726000061035
      0.0744199981689
    
      -0.00855000019073
      -0.0588400001526
      0.0354199981689
    
      0.0123629999161
      -0.0671500015259
      0.0430200042725
    
      -0.0279600009918
      0.0363300018311
      0.0419199981689
    
      0.00901599979401
      -0.0689900054932
      0.0566199951172
    
      0.0379700012207
      0.0366500015259
      0.0721199951172
    
      -0.0341699981689
      -0.0177799987793
      0.0624199981689
    
      -0.0444199981689
      0.000149000167847
      0.124220001221
    
      0.00477500009537
      -0.0455799980164
      0.0240199966431
    
      0.0111059999466
      -0.0411499977112
      0.108720001221
    
      0.011
      -0.0768199996948
      0.0833199920654
    
      0.0133740005493
      -0.0515599975586
      0.0321199951172
    
      -0.00752999973297
      0.0484500007629
      0.0273199996948
    
      -0.00751000022888
      -0.0729599990845
      0.113619995117
    
      -0.0426399993896
      -0.00819999980927
      0.131020004272
    
      -0.0157800006866
      -0.0365099983215
      0.0207200012207
    
      -0.00857999992371
      -0.06875
      0.113919998169
    
      -0.0405400009155
      0.00717700004578
      0.0052200012207
    
      0.0336599998474
      -0.0295099983215
      0.0794199981689
    
      0.015470000267
      -0.0413600006104
      0.128020004272
    
      0.0209899997711
      -0.0376699981689
      0.0332200012207
    
      0.0141830005646
      -0.045469997406
      0.0305199966431
    
      0.0124200000763
      -0.0614299964905
      0.0401199951172
    
      0.0125310001373
      -0.0653899993896
      0.0427200012207
    
      -0.0343899993896
      0.0297599983215
      0.0148199996948
    
      -0.0224400005341
      -0.031
      0.142619995117
    
      0.0501999969482
      0.00695800018311
      0.00611999511719
    
      -0.0299400005341
      0.0438100013733
      0.138819992065
    
      0.0482600021362
      0.0152600002289
      0.0047200012207
    
      -0.0167600002289
      -0.0364300003052
      0.0101199951172
    
      0.0118579998016
      -0.0731200027466
      0.0564199981689
    
      0.011123000145
      -0.0709900054932
      0.0464199981689
    
      -0.0085
      -0.0617999992371
      0.113720001221
    
      0.0059279999733
      0.055530002594
      0.140520004272
    
      -0.00859000015259
      -0.0666200027466
      0.0455200042725
    
      -0.00653999996185
      0.0502299995422
      0.00551999664307
    
      0.00997000026703
      -0.0510999984741
      0.0267200012207
    
      -0.00318700027466
      -0.0429899978638
      0.123319992065
    
      -0.00822000026703
      -0.0705200042725
      0.0490200042725
    
      0.0111820001602
      -0.0668899993896
      0.0399199981689
    
      -0.00788000011444
      -0.0766500015259
      0.0792200012207
    
      -0.0445699996948
      0.0183600006104
      0.140319992065
    
      0.0106929998398
      -0.0405
      0.0355200042725
    
      -0.00957999992371
      -0.043219997406
      0.112419998169
    
      0.0513300018311
      0.0177799987793
      0.141619995117
    
      0.053
      -0.00168400001526
      0.140619995117
    
      -0.00976000022888
      -0.0544500007629
      0.0335200042725
    
      0.0364099998474
      0.0378199996948
      0.0191199951172
    
      0.0339500007629
      0.0456100006104
      0.121119995117
    
      0.0455100021362
      0.0341300010681
      0.140619995117
    
      -0.041
      0.0145580005646
      0.00741999816895
    
      -0.0110499992371
      0.0467900009155
      0.00361999511719
    
      0.0206000003815
      0.0420400009155
      0.00279000091553
    
      -0.00253400039673
      -0.0794300003052
      0.109919998169
    
      -0.0365899963379
      0.0325299987793
      0.141220001221
    
      -0.0421299972534
      0.0234700012207
      0.141020004272
    
      0.0157530002594
      0.0498600006104
      0.0125199966431
    
      -0.00342199993134
      -0.0632099952698
      0.121319992065
    
      -0.0155699996948
      -0.0394500007629
      0.118220001221
    
      -0.0275599994659
      -0.0292599983215
      0.142220001221
    
      0.0112790002823
      -0.0606599998474
      0.0330200042725
    
      0.0139990005493
      -0.0555
      0.115720001221
    
      -0.00273200035095
      -0.0381800003052
      0.0052200012207
    
      -0.00813000011444
      -0.0400999984741
      0.0092200012207
    
      -0.00867000007629
      -0.0779700012207
      0.0974199981689
    
      -0.00836999988556
      -0.0783300018311
      0.0789199981689
    
      0.0474199981689
      -0.011279999733
      0.00741999816895
    
      -0.0237600002289
      -0.0267599983215
      0.00511999511719
    
      -0.0316299991608
      -0.0182200012207
      0.00481999969482
    
      0.0437399978638
      -0.0218400001526
      0.139119995117
    
      0.0111280002594
      -0.0744300003052
      0.0634199981689
    
      0.0324199981689
      -0.0312599983215
      0.00681999969482
    
      0.0365499992371
      0.0445100021362
      0.140319992065
    
      0.0318799991608
      -0.0336800003052
      0.140720001221
    
      0.0224600009918
      -0.0397700004578
      0.118919998169
    
      0.00960400009155
      -0.0787200012207
      0.104819992065
    
      0.0103339996338
      -0.08
      0.0718199920654
    
      0.00947500038147
      -0.0782300033569
      0.0601199951172
    
      0.0155659999847
      -0.042469997406
      0.0301199951172
    
      0.00307100009918
      -0.0795400009155
      0.111020004272
    
      0.00518499994278
      -0.0775400009155
      0.113819992065
    
      0.0385500030518
      0.0428800010681
      0.131819992065
    
      0.00637213993073
      0.0491900024414
      0.00431999969482
    
      0.0471299972534
      0.0313499984741
      0.126319992065
    
      -0.0339400024414
      0.0297200012207
      0.00501999664307
    
      -0.0452300033569
      -0.00077399969101
      0.140020004272
    
      0.0499499969482
      -0.00352400016785
      0.0072200012207
    
      0.0491699981689
      -0.00751999950409
      0.00751999664307
    
      0.0316900005341
      -0.0291299972534
      0.00511999511719
    
      0.0479199981689
      -0.0157400007248
      0.133720001221
    
      0.0103559999466
      -0.0742400054932
      0.112819992065
    
      0.0109809999466
      -0.0757200012207
      0.105220001221
    
      0.0117119998932
      -0.0731100006104
      0.110919998169
    
      0.0120349998474
      -0.0693600006104
      0.0487200012207
    
      -0.0400699996948
      -0.00647999954224
      0.00611999511719
    
      -0.00343400001526
      -0.0645400009155
      0.0345200042725
    
      0.0299699993134
      0.0487900009155
      0.140520004272
    
      0.0329500007629
      -0.0315200004578
      0.142020004272
    
      0.038
      -0.0263699989319
      0.142419998169
    
      0.0245900001526
      -0.0388699989319
      0.138520004272
    
      -0.000279999732971
      -0.0806500015259
      0.0623199920654
    
      -0.000591000080109
      -0.0304899978638
      0.143319992065
    
      0.00768300008774
      -0.0425200004578
      0.140819992065
    
      0.00328600001335
      -0.0448199996948
      0.123020004272
    
      -0.00284000015259
      -0.0833800048828
      0.0853199920654
    
      -0.0262499980927
      0.0333400001526
      0.0030299987793
    
      0.0364000015259
      0.0180600013733
      0.00198999786377
    
      -0.00886999988556
      -0.0684800033569
      0.0477200012207
    
      -0.00784000015259
      -0.0735400009155
      0.106720001221
    
      -0.00803999996185
      0.0487600021362
      0.0588199920654
    
      -0.00438000011444
      0.0504700012207
      0.00891999816895
    
      -0.00938000011444
      0.0366399993896
      0.142419998169
    
      0.0195
      0.0542400016785
      0.140020004272
    
      -0.0247199993134
      -0.0298099975586
      0.0811199951172
    
      -0.0329400024414
      -0.0221699981689
      0.0190199966431
    
      -0.00946000003815
      -0.0556199989319
      0.0333199920654
    
      -0.00859000015259
      -0.0739800033569
      0.0615200042725
    
      0.0493399963379
      -0.00823999977112
      0.0103199996948
    
      0.0134460000992
      -0.0562099990845
      0.0330200042725
    
      0.000148000240326
      -0.0297599983215
      0.00308999633789
    
      -0.00839000034332
      -0.0790200042725
      0.0872200012207
    
      -0.00451999950409
      0.0107840003967
      0.0
    
      -0.0444899978638
      0.0136820001602
      0.127819992065
    
      -0.04425
      0.0201300010681
      0.139319992065
    
      -0.0425100021362
      0.0206700000763
      0.121319992065
    
      0.0209200000763
      0.0214099998474
      0.000639999389648
    
      0.0444599990845
      0.0188400001526
      0.00341999816895
    
      0.00431799983978
      -0.069810005188
      0.106819992065
    
      0.00486100006104
      -0.0613599967957
      0.111119995117
    
      -0.0333399963379
      -0.00322099971771
      0.00283999633789
    
      0.0389700012207
      0.0342200012207
      0.141919998169
    
      0.00910099983215
      -0.0570599975586
      0.0291199951172
    
      0.0299200000763
      -0.0187000007629
      0.142919998169
    
      0.0424400024414
      -0.0213100013733
      0.142220001221
    
      0.00342500019073
      -0.0640500030518
      0.121919998169
    
      0.00842799949646
      -0.0446599998474
      0.0347200012207
    
      0.0133520002365
      -0.0399300003052
      0.0965200042725
