
  
 
   
    
      96, 554, 338
    
      554, 31, 338
    
      338, 31, 32
    
      96, 338, 524
    
      524, 534, 96
    
      32, 31, 216
    
      534, 66, 96
    
      475, 31, 554
    
      534, 118, 66
    
      119, 66, 118
    
      534, 97, 118
    
      118, 97, 358
    
      97, 93, 358
    
      445, 524, 338
    
      534, 524, 533
    
      533, 97, 534
    
      521, 338, 32
    
      521, 586, 338
    
      445, 338, 586
    
      521, 32, 111
    
      533, 524, 585
    
      585, 524, 445
    
      93, 97, 202
    
      236, 97, 533
    
      585, 445, 586
    
      97, 236, 202
    
      202, 203, 93
    
      521, 112, 586
    
      266, 521, 111
    
      522, 521, 266
    
      522, 570, 521
    
      112, 521, 570
    
      112, 101, 586
    
      101, 112, 570
    
      490, 203, 202
    
      236, 12, 202
    
      203, 490, 498
    
      12, 498, 202
    
      488, 93, 203
    
      518, 358, 93
    
      518, 119, 118
    
      358, 518, 118
    
      475, 554, 400
    
      96, 66, 251
    
      96, 251, 535
    
      456, 66, 119
    
      456, 251, 66
    
      96, 109, 554
    
      400, 554, 109
    
      96, 379, 109
    
      110, 400, 109
    
      379, 555, 109
    
      251, 555, 535
    
      55, 379, 96
    
      55, 96, 535
    
      413, 555, 379
    
      55, 413, 379
    
      535, 555, 413
    
      535, 413, 55
    
      555, 251, 92
    
      456, 92, 251
    
      525, 109, 555
    
      13, 555, 92
    
      13, 525, 555
    
      109, 167, 110
    
      13, 92, 587
    
      525, 13, 281
    
      525, 57, 109
    
      167, 109, 57
    
      525, 149, 57
    
      59, 199, 216
    
      32, 216, 199
    
      199, 59, 171
    
      216, 31, 59
    
      199, 111, 32
    
      171, 583, 199
    
      111, 199, 7
    
      493, 199, 583
    
      7, 199, 493
    
      111, 7, 584
    
      266, 111, 584
    
      59, 31, 475
    
      475, 372, 59
    
      372, 475, 400
    
      188, 372, 400
    
      110, 188, 400
    
      110, 60, 188
    
      110, 58, 60
    
      167, 58, 110
    
      365, 58, 167
    
      167, 56, 365
    
      566, 33, 73
    
      566, 81, 33
    
      81, 566, 80
    
      81, 80, 42
    
      33, 210, 73
    
      73, 210, 434
    
      434, 210, 369
    
      73, 434, 190
    
      434, 369, 382
    
      73, 25, 566
    
      73, 393, 25
    
      393, 73, 297
    
      297, 73, 158
    
      393, 297, 510
    
      395, 393, 510
    
      158, 510, 297
    
      394, 25, 393
    
      394, 393, 395
    
      394, 395, 592
    
      592, 373, 394
    
      589, 373, 592
    
      394, 373, 277
    
      369, 210, 567
    
      403, 210, 33
    
      210, 403, 303
    
      210, 303, 567
    
      369, 567, 404
    
      303, 402, 567
    
      317, 402, 303
    
      567, 402, 404
    
      33, 81, 561
    
      42, 154, 81
    
      33, 427, 403
    
      81, 154, 178
    
      33, 15, 427
    
      15, 33, 489
    
      561, 489, 33
    
      154, 42, 207
    
      561, 81, 178
    
      427, 545, 403
    
      403, 545, 467
    
      467, 303, 403
    
      303, 467, 317
    
      467, 547, 317
    
      467, 396, 547
    
      467, 194, 396
    
      547, 396, 565
    
      467, 466, 194
    
      545, 466, 467
    
      15, 579, 427
    
      154, 577, 178
    
      577, 561, 178
    
      489, 18, 15
    
      18, 489, 561
    
      546, 466, 545
    
      545, 427, 544
    
      427, 579, 544
    
      544, 546, 545
    
      15, 18, 578
    
      579, 15, 578
    
      578, 544, 579
    
      204, 18, 561
    
      561, 577, 204
    
      207, 23, 154
    
      577, 154, 17
    
      396, 194, 449
    
      136, 449, 194
    
      449, 565, 396
    
      263, 25, 394
    
      277, 263, 394
    
      566, 25, 34
    
      263, 34, 25
    
      80, 566, 37
    
      34, 37, 566
    
      37, 220, 80
    
      86, 560, 472
    
      220, 560, 86
    
      230, 472, 560
    
      472, 230, 52
    
      220, 86, 80
    
      230, 560, 6
    
      560, 220, 38
    
      6, 51, 230
    
      37, 38, 220
    
      38, 79, 560
    
      79, 38, 4
    
      6, 560, 459
    
      560, 79, 460
    
      459, 560, 84
    
      247, 560, 460
    
      6, 459, 5
    
      51, 6, 5
    
      85, 560, 247
    
      85, 84, 560
    
      86, 472, 44
    
      472, 52, 559
    
      559, 44, 472
    
      42, 80, 86
    
      559, 45, 44
    
      86, 44, 87
    
      42, 86, 87
    
      44, 45, 87
    
      87, 441, 42
    
      486, 45, 559
    
      576, 486, 559
    
      87, 486, 441
    
      486, 87, 45
    
      207, 42, 441
    
      478, 441, 486
    
      441, 478, 207
    
      576, 208, 486
    
      486, 196, 478
    
      478, 289, 207
    
      23, 207, 289
    
      190, 346, 73
    
      346, 433, 73
    
      190, 273, 346
    
      346, 273, 426
    
      69, 346, 426
    
      346, 69, 388
    
      426, 273, 156
    
      360, 346, 388
    
      346, 254, 433
    
      254, 346, 360
    
      190, 156, 273
    
      433, 158, 73
    
      270, 69, 426
    
      253, 388, 69
    
      253, 69, 407
    
      388, 411, 360
    
      253, 407, 420
    
      388, 253, 420
    
      411, 388, 420
    
      380, 420, 407
    
      420, 380, 282
    
      157, 156, 190
    
      434, 157, 190
    
      156, 342, 426
    
      157, 314, 156
    
      314, 342, 156
    
      425, 270, 426
    
      425, 426, 342
    
      382, 157, 434
    
      270, 425, 205
    
      425, 428, 205
    
      428, 374, 205
    
      406, 205, 374
    
      180, 270, 205
    
      406, 180, 205
    
      69, 270, 551
    
      407, 69, 551
    
      407, 551, 120
    
      270, 64, 551
    
      180, 64, 270
    
      380, 407, 120
    
      241, 380, 120
    
      120, 68, 241
    
      241, 68, 343
    
      549, 241, 343
    
      242, 241, 549
    
      549, 350, 242
    
      350, 549, 349
    
      68, 435, 343
    
      193, 349, 549
    
      3, 349, 193
    
      302, 349, 3
    
      302, 3, 263
    
      193, 549, 343
    
      193, 343, 123
    
      263, 277, 302
    
      343, 435, 123
    
      435, 436, 123
    
      180, 406, 28
    
      28, 406, 450
    
      450, 398, 28
    
      398, 450, 184
    
      528, 398, 184
    
      449, 398, 528
    
      528, 376, 449
    
      398, 429, 28
    
      429, 398, 449
    
      10, 180, 28
    
      180, 10, 147
    
      449, 376, 565
    
      406, 184, 450
    
      449, 503, 429
    
      503, 449, 136
    
      529, 28, 429
    
      147, 10, 27
    
      105, 28, 529
    
      10, 28, 105
    
      503, 261, 429
    
      429, 261, 529
    
      193, 123, 513
    
      193, 483, 3
    
      193, 513, 483
    
      243, 3, 483
    
      243, 175, 3
    
      513, 123, 436
    
      513, 436, 163
    
      316, 132, 129
    
      507, 316, 129
    
      507, 129, 70
    
      70, 129, 305
    
      162, 305, 129
    
      248, 162, 129
    
      129, 541, 248
    
      88, 541, 129
    
      132, 316, 245
    
      132, 245, 130
    
      130, 245, 324
    
      129, 132, 131
    
      129, 131, 71
    
      71, 88, 129
    
      132, 130, 131
    
      227, 131, 130
    
      131, 504, 71
    
      316, 507, 315
    
      316, 315, 480
    
      70, 128, 507
    
      322, 480, 315
    
      507, 128, 76
    
      76, 315, 507
    
      128, 70, 351
    
      315, 76, 322
    
      127, 76, 128
    
      351, 127, 128
    
      322, 76, 321
    
      76, 127, 508
    
      508, 127, 179
    
      179, 127, 351
    
      508, 463, 76
    
      76, 463, 321
    
      105, 529, 530
    
      529, 261, 530
    
      151, 22, 304
    
      151, 304, 564
    
      564, 221, 151
    
      548, 370, 215
    
      276, 215, 370
    
      548, 215, 244
    
      214, 215, 276
    
      276, 494, 214
    
      2, 214, 494
    
      494, 589, 2
    
      2, 589, 592
    
      448, 183, 417
    
      155, 308, 296
    
      250, 155, 296
    
      155, 250, 558
    
      308, 237, 296
    
      296, 211, 250
    
      476, 296, 237
    
      211, 296, 476
    
      250, 211, 249
    
      211, 476, 89
    
      237, 442, 476
    
      476, 442, 89
    
      442, 540, 89
    
      558, 362, 155
    
      362, 523, 155
    
      336, 155, 523
    
      362, 264, 523
    
      264, 166, 523
    
      362, 187, 264
    
      187, 339, 264
    
      141, 264, 339
    
      141, 443, 264
    
      443, 141, 364
    
      141, 265, 364
    
      245, 316, 563
    
      323, 245, 563
    
      563, 461, 323
    
      323, 324, 245
    
      563, 316, 480
    
      563, 222, 461
    
      480, 222, 563
    
      405, 360, 411
    
      360, 405, 254
    
      405, 432, 254
    
      432, 433, 254
    
      192, 433, 432
    
      104, 9, 569
    
      569, 145, 104
    
      145, 569, 581
    
      482, 404, 402
    
      482, 402, 217
    
      283, 318, 352
    
      318, 283, 291
    
      283, 485, 291
    
      209, 291, 485
    
      318, 291, 404
    
      390, 405, 411
    
      390, 411, 282
    
      461, 225, 323
    
      323, 225, 226
    
      226, 324, 323
    
      177, 79, 4
    
      177, 161, 79
    
      79, 161, 460
    
      161, 229, 460
    
      460, 229, 247
    
      463, 39, 78
    
      463, 78, 321
    
      39, 463, 464
    
      78, 543, 321
    
      455, 559, 518
    
      455, 518, 93
    
      455, 576, 559
    
      576, 455, 488
    
      488, 455, 93
    
      576, 488, 19
    
      576, 19, 208
    
      559, 52, 518
    
      518, 52, 119
    
      230, 119, 52
    
      230, 456, 119
    
      230, 51, 456
    
      92, 456, 51
    
      51, 587, 92
    
      51, 5, 587
    
      82, 173, 354
    
      173, 341, 354
    
      397, 341, 173
    
      173, 82, 174
    
      341, 310, 354
    
      397, 310, 341
    
      174, 82, 43
    
      63, 174, 43
    
      397, 59, 310
    
      82, 354, 367
    
      367, 43, 82
    
      474, 310, 59
    
      372, 474, 59
    
      367, 552, 43
    
      372, 188, 474
    
      310, 60, 354
    
      117, 367, 354
    
      60, 310, 474
    
      367, 117, 519
    
      188, 60, 474
    
      519, 391, 367
    
      354, 60, 61
    
      61, 117, 354
    
      117, 83, 519
    
      83, 91, 519
    
      238, 117, 61
    
      238, 83, 117
    
      91, 83, 238
    
      61, 60, 542
    
      542, 60, 58
    
      353, 61, 542
    
      61, 353, 238
    
      62, 91, 238
    
      143, 59, 397
    
      239, 173, 174
    
      173, 269, 397
    
      59, 143, 171
    
      239, 174, 63
    
      356, 239, 63
    
      143, 397, 311
    
      397, 269, 172
    
      397, 172, 311
    
      269, 173, 582
    
      582, 173, 569
    
      569, 173, 239
    
      172, 269, 473
    
      172, 473, 311
    
      143, 8, 171
    
      239, 581, 569
    
      8, 143, 144
    
      356, 146, 239
    
      144, 143, 311
    
      269, 582, 278
    
      269, 278, 473
    
      311, 473, 144
    
      9, 582, 569
    
      239, 146, 581
    
      278, 582, 9
    
      8, 583, 171
    
      551, 64, 63
    
      551, 63, 43
    
      551, 43, 120
    
      552, 120, 43
    
      68, 120, 552
    
      68, 552, 384
    
      435, 68, 384
    
      384, 552, 391
    
      391, 552, 367
    
      384, 391, 436
    
      391, 519, 436
    
      436, 435, 384
    
      63, 64, 356
    
      356, 64, 147
    
      356, 147, 53
    
      53, 147, 27
    
      519, 91, 436
    
      163, 436, 91
    
      163, 91, 48
    
      98, 568, 168
    
      98, 452, 568
    
      182, 452, 98
    
      531, 182, 98
    
      452, 53, 568
    
      104, 452, 182
    
      452, 146, 53
    
      145, 452, 104
    
      146, 452, 581
    
      145, 581, 452
    
      531, 278, 182
    
      531, 98, 186
    
      186, 444, 531
    
      9, 104, 182
    
      182, 278, 9
    
      444, 102, 531
    
      531, 102, 103
    
      144, 531, 103
    
      102, 583, 103
    
      583, 102, 493
    
      102, 444, 493
    
      7, 444, 186
    
      444, 7, 493
    
      186, 584, 7
    
      98, 532, 186
    
      584, 186, 532
    
      333, 584, 532
    
      99, 532, 98
    
      453, 99, 98
    
      100, 532, 99
    
      532, 100, 260
    
      532, 260, 101
    
      53, 27, 568
    
      451, 168, 568
    
      106, 451, 568
    
      137, 168, 451
    
      27, 26, 568
    
      106, 568, 26
    
      105, 106, 26
    
      106, 530, 451
    
      105, 530, 106
    
      430, 137, 451
    
      430, 451, 530
    
      530, 261, 430
    
      453, 98, 140
    
      502, 168, 137
    
      453, 140, 498
    
      98, 168, 195
    
      195, 72, 98
    
      168, 501, 195
    
      139, 98, 72
    
      98, 139, 140
    
      502, 501, 168
    
      544, 501, 502
    
      72, 468, 139
    
      139, 498, 140
    
      501, 544, 16
    
      501, 16, 274
    
      14, 274, 16
    
      16, 578, 14
    
      468, 19, 139
    
      501, 487, 195
    
      501, 274, 487
    
      274, 138, 487
    
      274, 14, 138
    
      499, 72, 195
    
      499, 208, 72
    
      468, 72, 208
    
      138, 14, 204
    
      195, 500, 499
    
      208, 499, 500
    
      204, 17, 138
    
      487, 275, 195
    
      196, 500, 195
    
      196, 195, 275
    
      24, 275, 487
    
      24, 487, 138
    
      17, 24, 138
    
      412, 50, 228
    
      50, 232, 228
    
      246, 228, 232
    
      232, 41, 246
    
      301, 246, 41
    
      228, 49, 412
    
      300, 228, 246
    
      246, 301, 300
    
      228, 300, 49
    
      412, 49, 0
    
      0, 515, 412
    
      298, 50, 412
    
      412, 515, 272
    
      50, 298, 399
    
      385, 298, 412
    
      272, 385, 412
    
      169, 298, 385
    
      298, 169, 399
    
      437, 385, 272
    
      169, 385, 514
    
      385, 437, 438
    
      514, 385, 438
    
      301, 41, 74
    
      197, 438, 437
    
      515, 67, 272
    
      272, 67, 437
    
      49, 164, 0
    
      49, 300, 164
    
      197, 353, 438
    
      299, 300, 301
    
      164, 300, 299
    
      67, 36, 437
    
      36, 197, 437
    
      353, 197, 36
    
      41, 232, 233
    
      41, 233, 75
    
      75, 74, 41
    
      75, 233, 177
    
      75, 177, 588
    
      169, 514, 115
    
      115, 520, 169
    
      115, 514, 438
    
      438, 542, 115
    
      115, 170, 520
    
      115, 114, 170
    
      520, 170, 57
    
      520, 553, 169
    
      268, 399, 169
    
      553, 268, 169
    
      50, 399, 267
    
      54, 232, 50
    
      233, 232, 54
    
      50, 267, 371
    
      50, 371, 477
    
      177, 233, 161
    
      307, 54, 50
    
      50, 477, 307
    
      399, 268, 267
    
      553, 520, 122
    
      122, 423, 553
    
      267, 268, 189
    
      268, 423, 189
    
      233, 54, 229
    
      229, 161, 233
    
      165, 54, 307
    
      165, 307, 477
    
      267, 113, 371
    
      267, 189, 415
    
      113, 267, 415
    
      415, 189, 149
    
      371, 516, 477
    
      516, 165, 477
    
      517, 516, 371
    
      371, 113, 517
    
      165, 516, 536
    
      414, 229, 54
    
      517, 121, 516
    
      229, 414, 247
    
      165, 416, 54
    
      414, 54, 416
    
      422, 113, 415
    
      422, 517, 113
    
      422, 121, 517
    
      516, 95, 536
    
      95, 259, 536
    
      259, 95, 234
    
      416, 85, 414
    
      258, 259, 234
    
      259, 258, 416
    
      84, 416, 258
    
      121, 116, 516
    
      121, 422, 116
    
      95, 309, 234
    
      234, 309, 258
    
      95, 516, 30
    
      116, 30, 516
    
      30, 309, 95
    
      40, 515, 0
    
      67, 515, 40
    
      164, 40, 0
    
      67, 40, 36
    
      30, 5, 309
    
      556, 40, 164
    
      116, 587, 30
    
      40, 62, 36
    
      40, 48, 62
    
      556, 48, 40
    
      533, 585, 453
    
      99, 453, 585
    
      533, 453, 236
    
      12, 236, 453
    
      99, 585, 100
    
      100, 585, 260
    
      260, 585, 586
    
      101, 260, 586
    
      257, 47, 431
    
      47, 257, 35
    
      509, 431, 47
    
      548, 35, 257
    
      509, 47, 231
    
      410, 231, 47
    
      557, 509, 231
    
      410, 46, 231
    
      35, 548, 244
    
      244, 319, 35
    
      77, 35, 319
    
      548, 257, 370
    
      457, 410, 47
    
      509, 345, 431
    
      509, 419, 345
    
      557, 419, 509
    
      125, 47, 35
    
      35, 77, 125
    
      77, 320, 125
    
      125, 126, 47
    
      383, 257, 431
    
      383, 431, 344
    
      94, 257, 383
    
      257, 363, 370
    
      345, 344, 431
    
      257, 94, 363
    
      421, 94, 383
    
      94, 421, 363
    
      513, 556, 483
    
      483, 556, 299
    
      164, 299, 556
    
      513, 163, 556
    
      48, 556, 163
    
      301, 483, 299
    
      243, 483, 301
    
      243, 301, 74
    
      75, 243, 74
    
      243, 75, 588
    
      588, 175, 243
    
      17, 154, 24
    
      23, 24, 154
    
      24, 23, 289
    
      289, 275, 24
    
      275, 289, 478
    
      196, 275, 478
    
      442, 326, 539
    
      325, 442, 539
    
      458, 325, 539
    
      539, 326, 457
    
      325, 540, 442
    
      325, 458, 540
    
      252, 331, 355
    
      331, 336, 355
    
      256, 331, 252
    
      331, 308, 336
    
      308, 155, 336
    
      166, 355, 336
    
      336, 523, 166
    
      575, 256, 252
    
      150, 575, 252
    
      280, 150, 252
    
      256, 575, 462
    
      331, 256, 332
    
      331, 237, 308
    
      332, 256, 357
    
      256, 462, 357
    
      337, 331, 332
    
      331, 337, 237
    
      357, 375, 332
    
      334, 252, 355
    
      280, 252, 334
    
      355, 335, 334
    
      280, 334, 538
    
      538, 150, 280
    
      538, 418, 150
    
      335, 355, 264
    
      264, 355, 166
    
      334, 335, 443
    
      335, 264, 443
    
      124, 334, 443
    
      124, 328, 334
    
      328, 538, 334
    
      471, 418, 538
    
      326, 293, 361
    
      293, 326, 442
    
      326, 361, 262
    
      326, 262, 574
    
      237, 293, 442
    
      363, 495, 370
    
      370, 495, 198
    
      198, 495, 589
    
      363, 277, 495
    
      589, 494, 198
    
      198, 1, 370
    
      198, 494, 1
    
      1, 276, 370
    
      495, 277, 373
    
      373, 589, 495
    
      133, 479, 571
    
      462, 21, 357
    
      22, 21, 462
    
      22, 462, 78
    
      462, 543, 78
    
      225, 461, 150
    
      418, 225, 150
    
      562, 225, 418
    
      471, 562, 418
    
      471, 65, 562
    
      461, 222, 20
    
      223, 20, 222
    
      222, 480, 223
    
      20, 223, 224
    
      543, 224, 223
    
      543, 223, 322
    
      203, 498, 488
    
      578, 16, 544
    
      498, 139, 488
    
      139, 19, 488
    
      322, 223, 480
    
      64, 180, 147
    
      575, 150, 20
    
      20, 150, 461
    
      20, 224, 575
    
      575, 224, 462
    
      543, 462, 224
    
      542, 438, 353
    
      349, 302, 383
    
      383, 302, 421
    
      302, 363, 421
    
      363, 302, 277
    
      350, 349, 383
    
      383, 344, 350
    
      350, 344, 242
    
      466, 137, 194
    
      466, 502, 137
    
      502, 466, 546
    
      137, 136, 194
    
      544, 502, 546
    
      137, 503, 136
    
      430, 503, 137
    
      261, 503, 430
    
      215, 213, 244
    
      213, 212, 244
    
      319, 244, 212
    
      362, 558, 305
    
      162, 362, 305
    
      362, 162, 401
    
      162, 248, 401
    
      248, 541, 401
    
      176, 547, 565
    
      3, 4, 34
    
      4, 37, 34
    
      37, 4, 38
    
      175, 4, 3
    
      4, 175, 588
    
      527, 135, 159
    
      159, 135, 318
    
      159, 376, 527
    
      527, 107, 135
    
      417, 107, 527
    
      417, 527, 528
    
      417, 386, 107
    
      527, 376, 528
    
      318, 482, 159
    
      159, 565, 376
    
      482, 217, 159
    
      11, 107, 386
    
      565, 159, 176
    
      176, 159, 217
    
      528, 184, 417
    
      417, 184, 448
    
      135, 108, 505
    
      505, 506, 135
    
      506, 505, 133
    
      135, 506, 352
    
      506, 133, 352
    
      134, 133, 505
    
      526, 505, 108
    
      108, 135, 107
    
      107, 29, 108
    
      526, 108, 29
    
      447, 526, 29
    
      504, 505, 526
    
      479, 133, 134
    
      479, 134, 227
    
      352, 318, 135
    
      526, 447, 306
    
      134, 505, 131
    
      505, 504, 131
    
      134, 131, 227
    
      526, 71, 504
    
      526, 306, 71
    
      152, 287, 206
    
      206, 46, 152
    
      206, 287, 469
    
      557, 206, 469
    
      583, 144, 103
    
      583, 8, 144
    
      285, 590, 286
    
      590, 496, 286
    
      590, 142, 496
    
      116, 13, 587
    
      13, 116, 422
    
      422, 281, 13
    
      415, 281, 422
    
      149, 281, 415
    
      11, 29, 107
    
      11, 185, 29
    
      185, 11, 580
    
      185, 580, 497
    
      185, 497, 481
    
      181, 408, 329
    
      181, 330, 408
    
      408, 330, 295
    
      290, 408, 295
    
      408, 288, 329
    
      330, 181, 378
    
      378, 181, 439
    
      512, 439, 181
    
      181, 409, 512
    
      314, 378, 439
    
      512, 285, 439
    
      590, 285, 512
    
      590, 512, 218
    
      142, 590, 218
    
      285, 440, 439
    
      380, 241, 240
    
      380, 240, 470
    
      470, 240, 419
    
      419, 572, 470
    
      550, 470, 572
    
      469, 572, 419
    
      572, 469, 292
    
      492, 200, 201
    
      573, 410, 574
    
      65, 377, 562
    
      377, 65, 160
    
      405, 348, 368
    
      405, 255, 348
    
      484, 368, 348
    
      432, 405, 368
    
      368, 484, 424
    
      192, 368, 424
    
      368, 192, 432
    
      424, 510, 192
    
      484, 214, 424
    
      424, 214, 2
    
      348, 191, 484
    
      255, 537, 348
    
      511, 348, 537
    
      191, 348, 511
    
      511, 537, 454
    
      537, 361, 454
    
      191, 511, 347
    
      347, 381, 191
    
      592, 424, 2
    
      255, 262, 537
    
      262, 361, 537
    
      405, 390, 255
    
      389, 255, 390
    
      389, 292, 255
    
      213, 484, 191
    
      213, 191, 271
    
      215, 484, 213
    
      212, 213, 271
    
      214, 484, 215
    
      381, 271, 191
    
      151, 271, 381
    
      212, 271, 151
    
      151, 221, 212
    
      262, 255, 287
    
      574, 262, 287
    
      287, 152, 574
    
      292, 287, 255
    
      469, 287, 292
    
      573, 574, 152
    
      351, 70, 250
    
      250, 70, 558
    
      90, 351, 250
    
      249, 90, 250
    
      351, 90, 179
    
      90, 249, 179
    
      352, 133, 283
    
      283, 133, 153
    
      133, 571, 153
    
      283, 153, 485
    
      329, 446, 409
    
      329, 409, 181
    
      446, 218, 409
    
      512, 409, 218
    
      329, 366, 446
    
      218, 446, 340
    
      446, 364, 340
    
      366, 328, 446
    
      219, 340, 364
    
      328, 124, 446
    
      364, 446, 124
    
      142, 218, 340
    
      387, 366, 329
    
      312, 328, 366
    
      366, 387, 312
    
      508, 126, 125
    
      126, 508, 179
    
      126, 179, 458
    
      458, 539, 126
    
      125, 463, 508
    
      463, 125, 465
    
      219, 364, 265
    
      294, 219, 265
    
      265, 235, 294
    
      294, 481, 219
    
      591, 219, 481
    
      219, 591, 142
    
      142, 340, 219
    
      591, 497, 142
    
      357, 347, 375
    
      21, 347, 357
    
      375, 347, 511
    
      21, 381, 347
    
      375, 511, 454
    
      375, 454, 361
    
      337, 375, 361
    
      332, 375, 337
    
      337, 361, 293
    
      337, 293, 237
    
      306, 88, 71
    
      88, 306, 141
    
      141, 306, 327
    
      141, 339, 88
    
      378, 157, 382
    
      382, 330, 378
    
      378, 314, 157
    
      382, 369, 330
    
      263, 3, 34
    
      542, 58, 114
    
      114, 115, 542
    
      58, 365, 114
    
      114, 365, 170
    
      56, 170, 365
    
      377, 130, 226
    
      226, 562, 377
    
      227, 130, 377
    
      160, 227, 377
    
      479, 227, 160
    
      288, 571, 160
    
      571, 479, 160
    
      571, 288, 359
    
      153, 571, 359
    
      485, 153, 359
    
      359, 290, 485
    
      290, 209, 485
    
      309, 5, 459
    
      309, 459, 258
    
      84, 258, 459
    
      465, 304, 22
    
      22, 464, 465
    
      465, 320, 304
    
      564, 304, 320
    
      208, 500, 486
    
      500, 196, 486
    
      14, 18, 204
    
      14, 578, 18
    
      240, 241, 242
    
      240, 242, 344
    
      240, 344, 345
    
      126, 539, 47
    
      539, 457, 47
    
      278, 531, 473
    
      144, 473, 531
    
      580, 386, 491
    
      491, 285, 580
    
      440, 285, 491
    
      286, 580, 285
    
      520, 57, 122
    
      122, 57, 423
    
      149, 423, 57
    
      189, 423, 149
    
      453, 498, 12
    
      532, 570, 333
    
      522, 333, 570
    
      570, 532, 101
    
      522, 266, 333
    
      387, 329, 288
    
      288, 160, 387
    
      387, 160, 65
    
      29, 185, 447
    
      447, 185, 294
    
      481, 294, 185
    
      447, 294, 235
    
      306, 447, 235
    
      306, 235, 327
    
      146, 356, 53
    
      36, 62, 238
    
      36, 238, 353
    
      10, 105, 26
    
      26, 27, 10
    
      550, 572, 389
    
      292, 389, 572
    
      362, 401, 187
    
      339, 187, 401
    
      562, 226, 225
    
      226, 130, 324
    
      321, 543, 322
    
      202, 498, 490
    
      279, 392, 374
    
      65, 312, 387
    
      65, 471, 312
    
      580, 11, 386
    
      305, 558, 70
    
      22, 78, 39
    
      22, 39, 464
    
      212, 221, 319
    
      419, 557, 469
    
      148, 417, 183
    
      201, 148, 183
    
      541, 88, 339
    
      401, 541, 339
    
      282, 411, 420
    
      464, 463, 465
    
      265, 141, 235
    
      141, 327, 235
    
      206, 557, 231
    
      46, 206, 231
    
      152, 46, 410
    
      404, 482, 318
    
      84, 85, 416
    
      591, 481, 497
    
      410, 573, 152
    
      550, 313, 470
    
      584, 333, 266
    
      211, 89, 249
    
      288, 408, 359
    
      408, 290, 359
    
      577, 17, 204
    
      77, 319, 221
    
      320, 77, 221
    
      221, 564, 320
    
      414, 85, 247
    
      374, 428, 201
    
      201, 279, 374
    
      200, 279, 201
    
      492, 201, 183
    
      276, 1, 494
    
      392, 184, 406
    
      406, 374, 392
    
      392, 279, 184
    
      184, 279, 492
    
      200, 492, 279
    
      184, 492, 448
    
      183, 448, 492
    
      440, 425, 342
    
      440, 342, 439
    
      342, 314, 439
    
      57, 170, 56
    
      56, 167, 57
    
      4, 588, 177
    
      587, 5, 30
    
      192, 158, 433
    
      158, 192, 510
    
      536, 416, 165
    
      416, 536, 259
    
      240, 345, 419
    
      425, 284, 428
    
      148, 428, 284
    
      148, 201, 428
    
      284, 425, 440
    
      284, 440, 491
    
      386, 284, 491
    
      380, 470, 313
    
      282, 380, 313
    
      282, 313, 390
    
      540, 458, 179
    
      89, 540, 179
    
      249, 89, 179
    
      402, 317, 217
    
      176, 217, 317
    
      547, 176, 317
    
      330, 369, 295
    
      369, 404, 295
    
      404, 291, 295
    
      291, 290, 295
    
      209, 290, 291
    
      125, 320, 465
    
      381, 21, 151
    
      22, 151, 21
    
      390, 550, 389
    
      550, 390, 313
    
      208, 19, 468
    
      328, 312, 538
    
      538, 312, 471
    
      410, 457, 326
    
      574, 410, 326
    
      497, 580, 496
    
      496, 142, 497
    
      580, 286, 496
    
      364, 124, 443
    
      281, 149, 525
    
      417, 148, 386
    
      386, 148, 284
    
      553, 423, 268
    
      510, 424, 395
    
      395, 424, 592
    
      91, 62, 48
   
    
      -0.00440999984741
      -0.0157100000381
      0.000600006103516
    
      0.0130240001678
      -0.0395699996948
      0.0364000091553
    
      0.0130550003052
      -0.0372000007629
      0.0375
    
      0.0124320001602
      -0.0275200004578
      0.0181000061035
    
      0.0231299991608
      -0.0183600006104
      0.00890000915527
    
      0.0228400001526
      0.0164200000763
      0.00480000305176
    
      0.0255499992371
      0.0141199998856
      0.00869999694824
    
      -0.0286799983978
      0.0292799987793
      0.105600006104
    
      -0.037
      0.0196100006104
      0.104100006104
    
      -0.0411699981689
      -0.00246399974823
      0.104699996948
    
      -0.0200200004578
      -0.0371499977112
      0.103100006104
    
      -0.00705999946594
      -0.0523699989319
      0.0916999969482
    
      0.0135539999008
      0.0383400001526
      0.106
    
      0.0080389995575
      0.0256100006104
      0.00580000305176
    
      0.0313400001526
      -0.0240799980164
      0.106199996948
    
      0.0310799999237
      -0.0269599990845
      0.102900009155
    
      0.0263400001526
      -0.0297700004578
      0.106199996948
    
      0.0380400009155
      -0.0122499990463
      0.106300003052
    
      0.0342900009155
      -0.0221599998474
      0.104900009155
    
      0.0317999992371
      0.02375
      0.106900009155
    
      0.0109270000458
      -0.0680699996948
      0.0623000030518
    
      0.0101940002441
      -0.0619999961853
      0.0481999969482
    
      0.0113239994049
      -0.0632700004578
      0.0471000061035
    
      0.0397399978638
      -0.00706999969482
      0.106199996948
    
      0.03875
      -0.00826999950409
      0.106699996948
    
      0.0213999996185
      -0.0298099975586
      0.0365
    
      -0.0206299991608
      -0.0358299980164
      0.104900009155
    
      -0.0241800003052
      -0.0339099998474
      0.104600006104
    
      -0.0135200004578
      -0.0398199996948
      0.101600006104
    
      -0.00547000026703
      -0.0595099983215
      0.0905
    
      0.0170499992371
      0.0171300010681
      0.00170000457764
    
      -0.0225300006866
      0.0314099998474
      0.0504000091553
    
      -0.0229899997711
      0.0338199996948
      0.0821999969482
    
      0.0301599998474
      -0.0286699981689
      0.0829000091553
    
      0.0240499992371
      -0.0252099990845
      0.0251999969482
    
      0.00809599971771
      -0.0516800003052
      0.0369000091553
    
      -0.0190200004578
      -0.00551999950409
      0.00160000610352
    
      0.0298299999237
      -0.0176300010681
      0.0221000061035
    
      0.0292900009155
      -0.0128399991989
      0.014
    
      0.0114139995575
      -0.0645400009155
      0.0476000061035
    
      -0.01275
      -0.0154900007248
      0.000800003051758
    
      0.00872999954224
      -0.0172200012207
      0.002
    
      0.0400100021362
      -0.00475
      0.0773000030518
    
      -0.0285500011444
      -0.0252599983215
      0.0446999969482
    
      0.0372700004578
      0.013357000351
      0.0611000061035
    
      0.0384499969482
      0.0128380002975
      0.0783000030518
    
      -0.00623999977112
      -0.0495699996948
      0.0371000061035
    
      -0.00229699993134
      -0.0555499992371
      0.0381999969482
    
      -0.0153199996948
      -0.0183800010681
      0.003
    
      -0.000751999855042
      -0.0175499992371
      0.00170000457764
    
      0.0059767999649
      0.000901000022888
      0.000600006103516
    
      0.0230799999237
      0.0208600006104
      0.00940000915527
    
      0.0302700004578
      0.0251899986267
      0.0461000061035
    
      -0.0304100017548
      -0.0282999992371
      0.104699996948
    
      0.0178899993896
      0.00251000022888
      0.00310000610352
    
      0.00669960021973
      0.0320299987793
      0.0249000091553
    
      -0.0142600002289
      0.0205799999237
      0.003
    
      -0.00919999980927
      0.0228600006104
      0.00380000305176
    
      -0.0200200004578
      0.0181000003815
      0.006
    
      -0.0318399982452
      0.0228600006104
      0.0516999969482
    
      -0.0272399997711
      0.0138039999008
      0.0169000091553
    
      -0.0252199993134
      0.00197000002861
      0.00930000305176
    
      -0.0195900001526
      -0.0106699991226
      0.00280000305176
    
      -0.0327900009155
      -0.0240999984741
      0.0733000030518
    
      -0.027140001297
      -0.0310699996948
      0.0796000061035
    
      0.0111680002213
      -0.0647800064087
      0.0836999969482
    
      0.0185499992371
      0.0325200004578
      0.0365
    
      -0.0164300003052
      -0.00597999954224
      0.000700004577637
    
      -0.0188799991608
      -0.0278400001526
      0.0261000061035
    
      -0.0147999992371
      -0.0356899986267
      0.0538000030518
    
      -0.00480000019073
      -0.0716500015259
      0.0645
    
      -0.00292599964142
      -0.0689200057983
      0.0834000091553
    
      0.0309099998474
      0.0201599998474
      0.107699996948
    
      0.0160390014648
      -0.0352299995422
      0.055
    
      0.00820699977875
      -0.0202099990845
      0.00240000152588
    
      0.013876999855
      -0.0180299987793
      0.00260000610352
    
      0.00740789985657
      -0.0699500045776
      0.0546999969482
    
      0.00999100017548
      -0.0562799987793
      0.0394000091553
    
      0.0114330005646
      -0.0663800048828
      0.0511999969482
    
      0.0258400001526
      -0.0104600000381
      0.00560000610352
    
      0.0356699981689
      -0.01557999897
      0.0466000061035
    
      0.0369300003052
      -0.0191300010681
      0.0773000030518
    
      -0.0340800018311
      -0.0162299995422
      0.0506000061035
    
      -0.02375
      -0.0120899991989
      0.0105
    
      0.0251299991608
      0.00440400028229
      0.00440000915527
    
      0.0255100002289
      0.00256100010872
      0.00480000305176
    
      0.0378400001526
      0.00196700000763
      0.0499000091553
    
      0.0402600021362
      0.00593130016327
      0.085
    
      -0.00585000038147
      -0.0696800003052
      0.0786000061035
    
      -0.00577999973297
      -0.0667700042725
      0.0504000091553
    
      -0.00536999988556
      -0.0683000030518
      0.0521000061035
    
      -0.0205100002289
      -0.0167200012207
      0.00780000305176
    
      0.0184599990845
      0.0258899993896
      0.0129000091553
    
      0.0229600009918
      0.0337700004578
      0.0951999969482
    
      0.00814500045776
      -0.0350200004578
      0.0321999969482
    
      0.0194700012207
      0.00811000061035
      0.00140000152588
    
      0.00459500026703
      0.0362700004578
      0.0419000091553
    
      0.0128600006104
      0.0387600021362
      0.0916000061035
    
      0.00272300004959
      0.0243800010681
      0.107699996948
    
      -0.00363000011444
      0.0388500022888
      0.106600006104
    
      -0.00953999996185
      0.0388800010681
      0.106300003052
    
      -0.0140599994659
      0.0384200019836
      0.105699996948
    
      -0.0338099975586
      0.0217099990845
      0.105800003052
    
      -0.0363899993896
      0.0175699996948
      0.105400009155
    
      -0.0396999969482
      -0.00914999961853
      0.105
    
      -0.0155200004578
      -0.0383499984741
      0.104800003052
    
      -0.0182399997711
      -0.0360099983215
      0.105300003052
    
      -0.00360999965668
      -0.0508699989319
      0.0938000030518
    
      -0.0016920003891
      -0.0608199958801
      0.0911000061035
    
      -0.00859000015259
      0.0286700019836
      0.0153000030518
    
      -0.0210499992371
      0.0234799995422
      0.0156000061035
    
      -0.0253299999237
      0.0329099998474
      0.102900009155
    
      -0.0161100006104
      0.0378800010681
      0.105100006104
    
      0.00243099999428
      0.0208500003815
      0.00230000305176
    
      -0.0186299991608
      0.0142810001373
      0.00230000305176
    
      -0.0173500003815
      0.0101259994507
      0.000800003051758
    
      0.00992199993134
      0.0212200012207
      0.00170000457764
    
      -0.0268099994659
      -0.01025
      0.0164000091553
    
      0.0198100013733
      0.0341899986267
      0.052
    
      0.0244099998474
      0.0300499992371
      0.0395
    
      -0.0226299991608
      -0.0291100006104
      0.0375
    
      0.0056592001915
      0.0204599990845
      0.00120000457764
    
      -0.00551000022888
      0.0222400016785
      0.00230000305176
    
      -0.0140100002289
      -0.0280200004578
      0.0195
    
      -0.000611999988556
      -0.0634599952698
      0.0808000030518
    
      0.00469900035858
      -0.0618500022888
      0.0418000030518
    
      -0.00258800029755
      -0.0644599990845
      0.0443000030518
    
      -0.000295000076294
      -0.0700300064087
      0.0526000061035
    
      -0.00153399991989
      -0.0717900009155
      0.0585
    
      -0.00271700000763
      -0.0718300018311
      0.0754000091553
    
      0.00971599960327
      -0.0688199996948
      0.0815
    
      0.00666349983215
      -0.0684400024414
      0.0846000061035
    
      0.00696860027313
      -0.0705699996948
      0.0785
    
      0.0091310005188
      -0.0609999961853
      0.0904000091553
    
      0.00870499992371
      -0.0654500045776
      0.088
    
      0.00442000007629
      -0.0541599998474
      0.0941000061035
    
      0.00591170024872
      -0.0413699989319
      0.103699996948
    
      0.00917199993134
      -0.0393999977112
      0.105600006104
    
      0.0347399978638
      -0.0167099990845
      0.106800003052
    
      0.0268600006104
      0.0277200012207
      0.1075
    
      0.0182299995422
      0.0337000007629
      0.1075
    
      -0.00655999946594
      -0.0669700012207
      0.0819000091553
    
      -0.00705000019073
      -0.0567799987793
      0.0876999969482
    
      -0.0374700012207
      0.0182999992371
      0.0958000030518
    
      -0.0388399963379
      0.0140880002975
      0.104600006104
    
      -0.0383600006104
      -0.0150500001907
      0.104900009155
    
      -0.0358399963379
      -0.0214599990845
      0.104600006104
    
      -0.0270199985504
      -0.0321100006104
      0.100900009155
    
      -0.00907999992371
      -0.0437999992371
      0.0916000061035
    
      -0.00265100002289
      0.0241500015259
      0.00460000610352
    
      0.0101540002823
      -0.0674900054932
      0.0674000091553
    
      0.0109869995117
      -0.0583499984741
      0.0431000061035
    
      -0.00636999988556
      -0.0512299995422
      0.0381999969482
    
      0.0104379997253
      -0.0550200004578
      0.0916000061035
    
      0.0396699981689
      -0.00968000030518
      0.102199996948
    
      -0.00496000003815
      -0.0687000045776
      0.0641999969482
    
      -0.00151599979401
      -0.0414099998474
      0.0806999969482
    
      0.00356900000572
      -0.0426699981689
      0.0835
    
      0.0106480007172
      -0.0337799987793
      0.0413000030518
    
      0.00858100032806
      -0.0433899993896
      0.0951000061035
    
      0.0113239994049
      -0.0635200004578
      0.0864000091553
    
      0.0241900005341
      -0.00564999961853
      0.00270000457764
    
      -0.00585000038147
      -0.0708199996948
      0.0723000030518
    
      -0.0146800003052
      -0.0216599998474
      0.00560000610352
    
      -0.00276999950409
      -0.01975
      0.00120000457764
    
      0.0143520002365
      0.00705800008774
      0.00180000305176
    
      -0.00352699947357
      -0.0675
      0.0691999969482
    
      -0.0146100006104
      0.0221500015259
      0.00540000915527
    
      0.0120399999619
      -0.0275499992371
      0.107199996948
    
      -0.00752999973297
      0.0119589996338
      0.000800003051758
    
      -0.0154599990845
      0.0172000007629
      0.00130000305176
    
      -0.0354400024414
      0.0219900016785
      0.0979000091553
    
      -0.0407600021362
      0.00882900047302
      0.0979000091553
    
      -0.0402600021362
      -0.00490999984741
      0.0793000030518
    
      -0.0359499969482
      -0.0185999984741
      0.0716000061035
    
      0.0150909996033
      -0.0219199981689
      0.00669999694824
    
      0.0117810001373
      -0.0410999984741
      0.095
    
      0.0211399993896
      -0.0139299993515
      0.00330000305176
    
      0.038
      -0.0154100008011
      0.101
    
      -0.00414999961853
      -0.0672400054932
      0.0486999969482
    
      -0.0205100002289
      -0.0367000007629
      0.0945
    
      0.00195599985123
      -0.0493299980164
      0.0878000030518
    
      -0.0362200012207
      0.00200200009346
      0.1055
    
      -0.00938000011444
      -0.0437999992371
      0.0929000091553
    
      -0.00940999984741
      -0.0416899986267
      0.0941999969482
    
      -0.00680000019073
      -0.0599900016785
      0.0891999969482
    
      -0.0244500007629
      0.0286399993896
      0.106199996948
    
      -0.00651000022888
      -0.0687800064087
      0.0761000061035
    
      -0.0258200016022
      0.0217000007629
      0.0231999969482
    
      -0.00164900016785
      0.0224099998474
      0.00360000610352
    
      0.00391700005531
      -0.0398999977112
      0.0746000061035
    
      0.00923500061035
      -0.0516800003052
      0.042
    
      0.00751399993896
      -0.0350900001526
      0.0393000030518
    
      -0.00455000019073
      -0.0295299987793
      0.0196000061035
    
      0.011517999649
      -0.0401800003052
      0.102199996948
    
      0.0340900001526
      0.00192900013924
      0.107699996948
    
      0.0388899993896
      0.00434800004959
      0.107
    
      -0.0201299991608
      -0.00197900009155
      0.00280000305176
    
      0.0127840003967
      -0.0383600006104
      0.0359000091553
    
      -0.0312499980927
      0.0270600013733
      0.0971000061035
    
      -0.0114500007629
      -0.0441899986267
      0.0935
    
      -0.0111100006104
      -0.0437899971008
      0.0928000030518
    
      0.0152869997025
      0.0377000007629
      0.105
    
      0.0192600002289
      0.0355499992371
      0.105199996948
    
      0.0365200004578
      -0.0174399986267
      0.105800003052
    
      -0.0152099990845
      -0.0405200004578
      0.0911999969482
    
      -0.00646000003815
      -0.0477099990845
      0.0368000030518
    
      0.0404199981689
      -0.00493999958038
      0.103
    
      0.0351299972534
      0.0181599998474
      0.107199996948
    
      0.0113280000687
      -0.0514099998474
      0.0918000030518
    
      0.0182999992371
      -0.0378400001526
      0.0881000061035
    
      -0.00540999984741
      -0.0671600036621
      0.0523000030518
    
      0.0113190002441
      -0.0518400001526
      0.0396000061035
    
      0.0118899993896
      -0.0479599990845
      0.0389000091553
    
      0.0125160007477
      -0.0397000007629
      0.0376999969482
    
      0.012218000412
      -0.0435299987793
      0.0371999969482
    
      -0.0273700008392
      0.0292400016785
      0.0641000061035
    
      0.0124139995575
      -0.0421199989319
      0.0946000061035
    
      -0.00538000011444
      -0.0559300003052
      0.0871999969482
    
      -0.00665999984741
      -0.0606000022888
      0.0865
    
      0.03275
      -0.0103599996567
      0.0243000030518
    
      0.011343000412
      -0.0564099998474
      0.0403000030518
    
      0.0109720001221
      -0.0692900009155
      0.0634000091553
    
      0.0110590000153
      -0.0691800003052
      0.0601999969482
    
      0.0110580005646
      -0.0679700012207
      0.0588000030518
    
      0.0110130004883
      -0.0681800003052
      0.075
    
      0.0108880004883
      -0.0686200027466
      0.0788000030518
    
      0.0105640001297
      -0.0662300033569
      0.0858000030518
    
      0.00107600021362
      -0.0143800001144
      0.0025
    
      0.0229500007629
      -0.00141799974442
      0.00220000457764
    
      0.0289099998474
      0.0199099998474
      0.0231999969482
    
      -0.00560999965668
      -0.0488499984741
      0.0366000061035
    
      0.00977099990845
      -0.00932999992371
      0.00180000305176
    
      0.0195100002289
      -0.00622000026703
      0.00210000610352
    
      0.0212200012207
      0.00628740024567
      0.00180000305176
    
      -0.00665999984741
      -0.0656800003052
      0.0849000091553
    
      0.0109670000076
      0.0392700004578
      0.105300003052
    
      -0.00364999961853
      -0.0646000061035
      0.0518000030518
    
      -0.0226700000763
      -0.00568000030518
      0.00560000610352
    
      -0.0379199981689
      -0.0181199989319
      0.0976000061035
    
      -0.0105399990082
      -0.0361599998474
      0.0344000091553
    
      -0.0158400001526
      -0.0310099983215
      0.0316999969482
    
      -0.0107700004578
      -0.0319099998474
      0.0309000091553
    
      0.00893500041962
      -0.0225099983215
      0.00490000915527
    
      0.0111140003204
      -0.0487799987793
      0.0374000091553
    
      0.01
      -0.0702700042725
      0.0741000061035
    
      0.00327600002289
      -0.0178699989319
      0.003
    
      0.0258899993896
      0.00040700006485
      0.00510000610352
    
      -0.00585000038147
      -0.0706700057983
      0.074
    
      -0.00547999954224
      -0.0676399993896
      0.0515
    
      -0.00564999961853
      -0.0691700057983
      0.0559000091553
    
      0.0158669996262
      0.0294900016785
      0.0209000091553
    
      0.00717920017242
      -0.0662300033569
      0.0641999969482
    
      -0.0132800006866
      -0.0336599998474
      0.0415
    
      0.000323999881744
      -0.0350200004578
      0.0401999969482
    
      -0.00346899986267
      -0.0458099975586
      0.0399000091553
    
      0.00715579986572
      -0.0649100036621
      0.0564000091553
    
      0.00699880027771
      -0.0392099990845
      0.0331999969482
    
      0.0231299991608
      0.00608620023727
      0.00240000152588
    
      0.0205600013733
      0.00609220027924
      0.00180000305176
    
      -0.0117099990845
      0.0387900009155
      0.105800003052
    
      -0.00401999950409
      -0.0411699981689
      0.104800003052
    
      -0.00505000019073
      -0.0530799980164
      0.0411000061035
    
      0.0154580001831
      -0.0305200004578
      0.0309000091553
    
      -0.00559000015259
      -0.0675500030518
      0.0764000091553
    
      -0.00656999969482
      -0.0644300003052
      0.0846000061035
    
      -0.0232899990082
      0.0342999992371
      0.105100006104
    
      0.000373000144958
      0.0180699996948
      0.00320000457764
    
      -0.00260799980164
      0.0197700004578
      0.00260000610352
    
      -0.0414800033569
      0.00457800006866
      0.0981000061035
    
      -0.0175699996948
      -0.0374300003052
      0.0786999969482
    
      0.0104510002136
      -0.0519500007629
      0.0411000061035
    
      -0.0143299999237
      -0.00414999961853
      0.00130000305176
    
      -0.00197099971771
      -0.0399899978638
      0.0733000030518
    
      0.0290699996948
      -0.0243100013733
      0.106900009155
    
      0.0388899993896
      -0.0019470000267
      0.107300003052
    
      0.0125869998932
      -0.0403600006104
      0.0365
    
      0.0126480007172
      -0.0332700004578
      0.0338000030518
    
      -0.0411699981689
      0.00363100004196
      0.104600006104
    
      -0.0118099994659
      -0.0431399993896
      0.0935
    
      0.00812400054932
      -0.0662700042725
      0.0701000061035
    
      0.00110100030899
      0.0249700012207
      0.00519999694824
    
      -0.0110200004578
      -0.0346299972534
      0.0379000091553
    
      0.0102139997482
      -0.0529399986267
      0.0926999969482
    
      -0.00894999980927
      -0.0453600006104
      0.0901999969482
    
      -0.00747999954224
      -0.0497399978638
      0.0889000091553
    
      -0.00780999946594
      -0.0526100006104
      0.0893000030518
    
      -0.00617000007629
      -0.0483600006104
      0.0384000091553
    
      0.0100699996948
      -0.0569399986267
      0.0891999969482
    
      0.0396699981689
      -0.00494999980927
      0.1065
    
      0.010859000206
      -0.0514199981689
      0.0911000061035
    
      0.0114519996643
      -0.0496800003052
      0.0921999969482
    
      -0.00652999973297
      -0.0448600006104
      0.0378000030518
    
      -0.00418000030518
      -0.0611499977112
      0.0466000061035
    
      -0.00710999965668
      -0.0634399986267
      0.0865
    
      0.0103190002441
      -0.0479099998474
      0.0908000030518
    
      -0.00505000019073
      -0.0675300064087
      0.0556000061035
    
      0.0136639995575
      -0.0334399986267
      0.0421999969482
    
      -0.00534000015259
      0.00323400020599
      0.00120000457764
    
      -0.00113800001144
      -0.0217099990845
      0.00280000305176
    
      0.000827000141144
      -0.0198699989319
      0.00240000152588
    
      0.00339800000191
      -0.0219700012207
      0.00370000457764
    
      0.00841600036621
      -0.0317799987793
      0.0301000061035
    
      0.0173400001526
      -0.0391299972534
      0.0935
    
      0.011079000473
      -0.0599599952698
      0.0426999969482
    
      -0.00564000034332
      -0.0710300064087
      0.0696999969482
    
      -0.00611999988556
      -0.0671200027466
      0.084
    
      0.0128759994507
      0.00490560007095
      0.00230000305176
    
      -0.00313199996948
      -0.0664500045776
      0.0578000030518
    
      0.0217999992371
      0.00899800014496
      0.002
    
      -0.03325
      0.0134500007629
      0.0385
    
      -0.04
      0.011845000267
      0.0991999969482
    
      0.00940400028229
      -0.063030002594
      0.0835
    
      -0.0100799999237
      -0.0362299995422
      0.0376000061035
    
      -0.00217700004578
      -0.0444500007629
      0.0853000030518
    
      0.00860200023651
      -0.0707900009155
      0.0601999969482
    
      0.00802799987793
      -0.0714900054932
      0.0685
    
      0.0150889997482
      -0.0400200004578
      0.0948000030518
    
      0.0104320001602
      -0.0479399986267
      0.0941999969482
    
      0.0108600006104
      -0.0532099990845
      0.0386999969482
    
      0.010248000145
      -0.058639995575
      0.041
    
      0.0107810001373
      -0.0676600036621
      0.0526999969482
    
      0.0106359996796
      -0.0694599990845
      0.0581000061035
    
      0.0109809999466
      -0.0694200057983
      0.0731999969482
    
      0.0107239999771
      -0.0695900039673
      0.0761000061035
    
      -0.00561999988556
      -0.0639799995422
      0.0463000030518
    
      -0.00580000019073
      -0.0573400001526
      0.0419000091553
    
      -0.00675
      -0.0667800064087
      0.0838000030518
    
      0.00503000020981
      -0.0627499961853
      0.0815
    
      0.00635435009003
      -0.0551899986267
      0.0876999969482
    
      0.00674539995193
      -0.0470299987793
      0.0885
    
      0.000674000263214
      -0.0652000045776
      0.0575
    
      0.00219899988174
      -0.0631799964905
      0.0526000061035
    
      -0.0221000003815
      0.0345600013733
      0.105600006104
    
      0.00287400007248
      -0.0648800048828
      0.0758000030518
    
      -0.00226299953461
      -0.0658400039673
      0.0759000091553
    
      -0.00278100013733
      -0.0670900039673
      0.0631000061035
    
      -0.00184399986267
      -0.0622599983215
      0.0496000061035
    
      -0.0108700008392
      0.0389900016785
      0.0758000030518
    
      -0.00648999977112
      -0.069
      0.0775
    
      -0.00497000026703
      -0.0594099998474
      0.0858000030518
    
      -0.037
      0.00573320007324
      0.0526999969482
    
      -0.00643999958038
      -0.0438400001526
      0.0856000061035
    
      -0.0147999992371
      -0.0285499992371
      0.0236000061035
    
      -0.00786999988556
      -0.0350799980164
      0.0326000061035
    
      -0.00751000022888
      -0.0389199981689
      0.034
    
      -0.00172399997711
      -0.0367899971008
      0.05
    
      0.00765000009537
      -0.0576499977112
      0.0456000061035
    
      0.00510099983215
      -0.0488899993896
      0.042
    
      0.00145700025558
      -0.0316499977112
      0.0278000030518
    
      -0.0045
      -0.0326100006104
      0.0301000061035
    
      -0.00405999946594
      -0.0704100036621
      0.0548000030518
    
      0.00806599998474
      -0.0556399993896
      0.093
    
      -0.0219300003052
      -0.000756000041962
      0.00370000457764
    
      -0.0333600006104
      -0.00432299995422
      0.0361999969482
    
      -0.000711999893188
      -0.0664200057983
      0.0685
    
      -0.0339599990845
      -0.0249199981689
      0.0986000061035
    
      0.00748200035095
      -0.0625699958801
      0.0511999969482
    
      0.0218899993896
      0.0341500015259
      0.0684000091553
    
      0.0107229995728
      -0.0538799972534
      0.0911000061035
    
      -0.00417000007629
      -0.0346800003052
      0.0401000061035
    
      -0.00346099948883
      -0.0571100006104
      0.0441000061035
    
      -0.00610999965668
      -0.0696399993896
      0.0716000061035
    
      0.0104910001755
      -0.0349899978638
      0.0333000030518
    
      -0.00501000022888
      -0.0629799995422
      0.0836000061035
    
      -0.0159799995422
      0.0191300010681
      0.003
    
      0.00736070013046
      -0.060219997406
      0.0851000061035
    
      -0.0275799999237
      -0.0185600013733
      0.0271999969482
    
      0.00624930000305
      -0.0379799995422
      0.0396999969482
    
      0.0115799999237
      -0.0433600006104
      0.0896000061035
    
      0.0115380001068
      -0.0402099990845
      0.0353000030518
    
      0.00475500011444
      0.0144779996872
      0.00210000610352
    
      -0.0264600009918
      0.0228699989319
      0.0286999969482
    
      0.0141760005951
      -0.0341100006104
      0.0359000091553
    
      -0.0129799995422
      -0.0418899993896
      0.0928000030518
    
      0.00156900024414
      -0.059780002594
      0.0478000030518
    
      0.00503299999237
      -0.0419099998474
      0.0954000091553
    
      0.0111590003967
      -0.067
      0.0831999969482
    
      0.00191300010681
      -0.0457399978638
      0.0865
    
      0.00334200000763
      0.0314300003052
      0.0214000091553
    
      -0.0148099994659
      -0.0335599975586
      0.0365
    
      0.00951200008392
      -0.0563699989319
      0.0439000091553
    
      0.00725540018082
      -0.0437999992371
      0.0865
    
      0.00157100009918
      -0.0342799987793
      0.0313000030518
    
      -0.0205
      -0.0250999984741
      0.0231000061035
    
      -0.0146299991608
      0.00178800010681
      0.002
    
      -0.00778999996185
      -0.0471399993896
      0.0916000061035
    
      0.0099610004425
      -0.0608800010681
      0.0864000091553
    
      -0.00961000061035
      -0.0341399993896
      0.041
    
      -0.00678999996185
      -0.0420299987793
      0.0383000030518
    
      -0.00715999984741
      -0.0367299995422
      0.0386000061035
    
      -0.0234899997711
      -0.0222599983215
      0.0225
    
      -0.0122999992371
      -0.0415599975586
      0.0938000030518
    
      0.0167099990845
      -0.0323999977112
      0.0399000091553
    
      0.0162989997864
      -0.0325499992371
      0.0361000061035
    
      0.0143810005188
      -0.0336800003052
      0.0381000061035
    
      0.011732000351
      -0.0399899978638
      0.0978000030518
    
      -0.0384100036621
      0.0115290002823
      0.0715
    
      -0.00435999965668
      -0.0413400001526
      0.097
    
      -0.00124900007248
      0.0108619995117
      0.00220000457764
    
      -0.0206900005341
      0.0270400009155
      0.0261999969482
    
      -0.00638000011444
      -0.0697400054932
      0.0744000091553
    
      0.0141639995575
      -0.0424399986267
      0.0933000030518
    
      0.0220900001526
      -0.0353199996948
      0.095
    
      0.0126199998856
      -0.0457000007629
      0.093
    
      -0.00143400001526
      -0.0370999984741
      0.0394000091553
    
      -0.0142000007629
      -0.0396199989319
      0.0953000030518
    
      -0.0177099990845
      -0.0323799972534
      0.0406999969482
    
      0.00907999992371
      -0.0513099975586
      0.0898000030518
    
      -0.00218799972534
      -0.0535999984741
      0.0874000091553
    
      -0.00602999973297
      -0.0532399978638
      0.0386000061035
    
      -0.00851000022888
      -0.0348299980164
      0.0385
    
      -0.00647999954224
      -0.00789000034332
      0.00140000152588
    
      0.00641837501526
      0.0311100006104
      0.021
    
      0.0238299999237
      0.00153100013733
      0.00370000457764
    
      0.000459000110626
      0.0227900009155
      0.00360000610352
    
      0.0225100002289
      0.00448400020599
      0.00320000457764
    
      -0.00659000015259
      -0.0441499977112
      0.0933000030518
    
      0.0105609998703
      -0.0668700027466
      0.0758000030518
    
      -0.00764000034332
      -0.0417899971008
      0.0356000061035
    
      -0.0125900001526
      -0.0337700004578
      0.0384000091553
    
      0.00766100025177
      -0.0341699981689
      0.032
    
      0.00395000004768
      0.0231500015259
      0.00230000305176
    
      -0.00360000038147
      0.0230999984741
      0.00320000457764
    
      0.011079000473
      -0.0364799995422
      0.0386000061035
    
      -0.0106700000763
      -0.0426399993896
      0.0874000091553
    
      -0.00893000030518
      -0.0396100006104
      0.0764000091553
    
      0.0264200000763
      -0.0320200004578
      0.1015
    
      -0.0114500007629
      -0.0428899993896
      0.0911999969482
    
      -0.00380000019073
      -0.0417999992371
      0.102400009155
    
      -0.000716000080109
      -0.0404500007629
      0.1055
    
      -0.00270699977875
      -0.0406599998474
      0.0333000030518
    
      0.00362300014496
      -0.0358499984741
      0.0394000091553
    
      0.00530999994278
      -0.0346199989319
      0.0415
    
      0.00869900035858
      -0.0402700004578
      0.0811999969482
    
      -0.0174200000763
      -0.0273099975586
      0.0229000091553
    
      -0.0188700008392
      -0.0248800010681
      0.0173000030518
    
      -0.0176900005341
      -0.00102999973297
      0.00240000152588
    
      -0.0200200004578
      0.00217200016975
      0.00220000457764
    
      -0.00452999973297
      -0.047219997406
      0.0871999969482
    
      -0.00786999988556
      -0.0465599975586
      0.0886999969482
    
      0.0408300018311
      0.000444000244141
      0.0996000061035
    
      -0.00535000038147
      -0.0640699996948
      0.0479000091553
    
      -0.00402999973297
      -0.0650200042725
      0.0801999969482
    
      -0.0309899997711
      0.0241100006104
      0.106
    
      -0.00838000011444
      0.0404500007629
      0.0956999969482
    
      -0.000209000110626
      -0.0596899986267
      0.0846000061035
    
      -0.00626000022888
      -0.0639500007629
      0.0873000030518
    
      -0.00935000038147
      -0.0433899993896
      0.0935
    
      0.00323300004005
      -0.0414099998474
      0.0981000061035
    
      -0.0102800006866
      -0.0404899978638
      0.0966000061035
    
      -0.00690999984741
      -0.0373699989319
      0.105900009155
    
      -0.0333600006104
      -0.0161500015259
      0.105300003052
    
      0.00943000030518
      0.038780002594
      0.106600006104
    
      0.000209000110626
      -0.0567799987793
      0.0449000091553
    
      0.0286299991608
      0.0291700019836
      0.0945
    
      0.0225599994659
      0.0260099983215
      0.0204000091553
    
      -0.00564000034332
      -0.0568799972534
      0.04
    
      -0.00536999988556
      -0.0642099990845
      0.0456999969482
    
      0.0247800006866
      0.00857699966431
      0.0045
    
      0.0263299999237
      -0.00368200016022
      0.00480000305176
    
      0.010984000206
      -0.0688700027466
      0.0674000091553
    
      0.0105939998627
      -0.0659000015259
      0.0545
    
      0.0104500007629
      -0.0656900024414
      0.0476999969482
    
      0.0113699998856
      -0.0638599967957
      0.0463000030518
    
      0.0104829998016
      -0.0628400001526
      0.0444000091553
    
      0.0173800010681
      -0.0379500007629
      0.104100006104
    
      0.0168600006104
      -0.0381299972534
      0.0976000061035
    
      0.0322399978638
      0.0218499984741
      0.107600006104
    
      -0.00686999988556
      -0.0450200004578
      0.0366000061035
    
      -0.0100300006866
      -0.0379399986267
      0.0364000091553
    
      0.0105799999237
      -0.0653600006104
      0.081
    
      0.0339700012207
      0.0155530004501
      0.0384000091553
    
      -0.0409499969482
      0.00829300022125
      0.103900009155
    
      -0.0286000003815
      0.0192399997711
      0.028
    
      -0.0237800006866
      0.0283100013733
      0.0365
    
      -0.00492000007629
      -0.0657700042725
      0.0516000061035
    
      0.00904300022125
      0.00793700027466
      0.00170000457764
    
      0.0401900024414
      0.000485000133514
      0.105900009155
    
      0.0106340007782
      -0.0640500030518
      0.0878000030518
    
      0.0105450000763
      -0.0699000015259
      0.0628000030518
    
      -0.00726999950409
      -0.059969997406
      0.0881000061035
    
      0.012388999939
      -0.0443699989319
      0.0946000061035
    
      -0.00106599998474
      -0.0243699989319
      0.00619999694824
    
      0.0108159999847
      -0.0434899978638
      0.0394000091553
    
      0.0110149993896
      -0.0522099990845
      0.092
    
      0.0393600006104
      0.0104969997406
      0.101699996948
    
      0.0355999984741
      -0.0102100000381
      0.107400009155
    
      0.0262000007629
      0.0307400016785
      0.105800003052
    
      0.0344300003052
      -0.0224399986267
      0.1015
    
      0.0170900001526
      0.0367299995422
      0.105900009155
    
      -0.00805000019073
      -0.0479599990845
      0.09
    
      -0.0106900005341
      -0.0439599990845
      0.0935
    
      -0.0316000003815
      0.0257299995422
      0.105400009155
    
      0.0131399993896
      -0.0385799980164
      0.0368000030518
    
      0.012642999649
      -0.0360399971008
      0.0354000091553
    
      -0.00780999946594
      -0.0546499977112
      0.0888000030518
    
      -0.00755000019073
      -0.0570900001526
      0.0889000091553
    
      0.0195299987793
      0.0346399993896
      0.107
    
      0.0360400009155
      0.0122550001144
      0.107600006104
    
      0.0373700027466
      0.0103489999771
      0.107400009155
    
      0.0243500003815
      -0.0282299995422
      0.106800003052
    
      0.0195699996948
      -0.0352299995422
      0.105900009155
    
      0.00209500026703
      -0.0417799987793
      0.104199996948
    
      0.00345800018311
      -0.0668800048828
      0.0871000061035
    
      0.00565829992294
      -0.0646000061035
      0.0891999969482
    
      0.00753999996185
      -0.0604299964905
      0.0913000030518
    
      0.000668000221252
      -0.0723300018311
      0.0651000061035
    
      0.00454600000381
      -0.0681100006104
      0.0491000061035
    
      -0.00527999973297
      -0.0445799980164
      0.035
    
      0.0117410001755
      -0.0340900001526
      0.0391000061035
    
      0.00511400032043
      -0.0552000007629
      0.0443000030518
    
      -0.00490999984741
      -0.0507099990845
      0.0878000030518
    
      -0.0103799991608
      -0.0247000007629
      0.0085
    
      -0.0173299999237
      0.00478369998932
      0.000800003051758
    
      -0.0101800003052
      -0.0101099996567
      0.0
    
      0.0105360002518
      0.0139739999771
      0.000800003051758
    
      0.00462300014496
      0.0197700004578
      0.00140000152588
    
      0.0271100006104
      0.0300800018311
      0.0614000091553
    
      -0.0242700004578
      -0.0185299987793
      0.0174000091553
    
      -0.0106900005341
      0.0185600013733
      0.00120000457764
    
      -0.0197999992371
      0.0362999992371
      0.101699996948
    
      -0.0218199996948
      0.0350800018311
      0.105300003052
    
      -0.00493999958038
      -0.0683600006104
      0.0701000061035
    
      -0.0023170003891
      0.0406500015259
      0.0826000061035
    
      -0.00218499946594
      0.0265600013733
      0.00780000305176
    
      -0.00340900039673
      -0.0651900024414
      0.0876000061035
    
      0.00122600030899
      -0.0444300003052
      0.095
    
      -0.000422999858856
      -0.042
      0.0951999969482
    
      -0.00881999969482
      -0.0403199996948
      0.104699996948
    
      -0.00809000015259
      -0.0398199996948
      0.105300003052
    
      -0.0359599990845
      0.0128959999084
      0.105600006104
    
      -0.0158500003815
      0.0362299995422
      0.106199996948
    
      0.00493000030518
      0.0408800010681
      0.0996000061035
    
      0.00877499961853
      0.0386399993896
      0.0661000061035
    
      0.00885900020599
      0.0315699996948
      0.0236000061035
    
      0.0178999996185
      0.00684800004959
      0.0015
    
      -0.00138700008392
      -0.0531800003052
      0.0426000061035
    
      0.00824400043488
      -0.0649300003052
      0.0781000061035
    
      -0.00573999977112
      -0.0615799980164
      0.0431000061035
    
      -0.00559000015259
      -0.065810005188
      0.0483000030518
    
      -0.00605999946594
      -0.0704100036621
      0.0751999969482
    
      -0.0218999996185
      0.00781500005722
      0.00370000457764
    
      0.0110529994965
      -0.0679200057983
      0.0555
    
      0.0238999996185
      -0.0338099975586
      0.105100006104
    
      0.0218400001526
      -0.0356399993896
      0.103
    
      0.0214599990845
      -0.0356399993896
      0.104900009155
    
      0.0131340007782
      -0.0399899978638
      0.0958000030518
    
      0.0106399993896
      -0.0457999992371
      0.0359000091553
    
      -0.00982999992371
      -0.0305999984741
      0.0263000030518
    
      -0.00877999973297
      -0.0383799972534
      0.0381000061035
    
      -0.0240599994659
      -0.0309899978638
      0.0514000091553
    
      -0.0241499996185
      -0.0235600013733
      0.0269000091553
    
      -0.00472999954224
      0.0207900009155
      0.00160000610352
    
      -0.01375
      0.0337000007629
      0.0408000030518
    
      0.0057937002182
      0.0299200019836
      0.0154000091553
    
      -0.00897000026703
      -0.0212700004578
      0.0025
    
      -0.00614000034332
      -0.0461199989319
      0.0358000030518
    
      -0.00581999969482
      -0.0702600021362
      0.0656000061035
    
      0.0346800003052
      0.0209599990845
      0.0706000061035
    
      0.0306299991608
      -0.00118199968338
      0.0148000030518
    
      0.0367399978638
      -0.0182599983215
      0.1015
    
      0.0112870006561
      -0.06725
      0.0804000091553
    
      0.0107919998169
      -0.0699500045776
      0.0664000091553
    
      0.0110370006561
      -0.0584099998474
      0.0411000061035
    
      0.00916800022125
      -0.0409399986267
      0.0956999969482
    
      0.0291399993896
      -0.0257999992371
      0.0425
    
      0.0140279998779
      -0.0423899993896
      0.0921000061035
    
      -0.0200100002289
      -0.0281899986267
      0.106
    
      -0.0405699996948
      -0.0108499994278
      0.102699996948
    
      -0.0181599998474
      0.0367799987793
      0.1055
    
      0.0104090003967
      -0.058469997406
      0.0901999969482
    
      -0.00763000011444
      -0.0422999992371
      0.0368000030518
    
      -0.00639000034332
      -0.0528899993896
      0.0384000091553
    
      -0.00618000030518
      -0.0528099975586
      0.0394000091553
    
      0.0101490001678
      -0.0668000030518
      0.0599000091553
    
      0.0340800018311
      0.0226899986267
      0.102300003052
    
      0.0383099975586
      -0.0149399995804
      0.104800003052
    
      0.0287700004578
      -0.0288099975586
      0.105400009155
    
      0.0277199993134
      -0.0307700004578
      0.104400009155
    
      -0.00801000022888
      -0.0520499992371
      0.0901999969482
    
      -0.0379499969482
      -0.0173499984741
      0.1045
    
      -0.0418700027466
      -0.00138000011444
      0.101300003052
    
      -0.0350500030518
      0.0223699989319
      0.104900009155
    
      -0.0241100006104
      0.0330699996948
      0.105800003052
    
      -0.00493000030518
      0.0410100021362
      0.104199996948
    
      -0.0130300006866
      0.0391700019836
      0.102800003052
    
      0.0180799999237
      0.0222900009155
      0.0055
    
      0.0168400001526
      -0.0190400009155
      0.00370000457764
    
      0.0133339996338
      -0.0366599998474
      0.0365
    
      -0.00714000034332
      -0.0534199981689
      0.0883000030518
    
      -0.00751000022888
      -0.0579099998474
      0.0879000091553
    
      0.0138880004883
      -0.0347299995422
      0.0373000030518
