
  
 
   
    
      498, 28, 378
    
      222, 28, 498
    
      222, 288, 28
    
      28, 583, 378
    
      498, 378, 59
    
      61, 59, 378
    
      364, 61, 378
    
      288, 222, 221
    
      78, 288, 221
    
      288, 78, 552
    
      335, 552, 78
    
      174, 28, 288
    
      378, 25, 364
    
      496, 552, 335
    
      174, 552, 496
    
      288, 552, 174
    
      378, 583, 25
    
      221, 70, 78
    
      194, 78, 70
    
      70, 264, 194
    
      222, 264, 70
    
      498, 302, 222
    
      302, 264, 222
    
      194, 264, 325
    
      264, 397, 325
    
      70, 221, 222
    
      325, 397, 302
    
      397, 264, 302
    
      113, 335, 78
    
      445, 496, 335
    
      110, 583, 28
    
      583, 110, 25
    
      324, 28, 174
    
      28, 324, 298
    
      496, 377, 174
    
      28, 298, 110
    
      174, 286, 324
    
      496, 32, 377
    
      174, 377, 286
    
      579, 496, 445
    
      110, 530, 25
    
      32, 496, 579
    
      530, 110, 298
    
      445, 31, 579
    
      480, 286, 377
    
      286, 71, 324
    
      71, 286, 480
    
      298, 337, 530
    
      32, 270, 377
    
      270, 32, 579
    
      71, 225, 324
    
      480, 377, 225
    
      225, 71, 480
    
      337, 298, 336
    
      377, 270, 421
    
      421, 225, 377
    
      223, 324, 225
    
      171, 337, 336
    
      515, 298, 324
    
      298, 515, 336
    
      324, 223, 515
    
      481, 421, 270
    
      270, 30, 481
    
      361, 225, 421
    
      30, 270, 256
    
      361, 223, 225
    
      497, 256, 270
    
      497, 270, 451
    
      328, 171, 336
    
      248, 336, 515
    
      336, 248, 328
    
      421, 226, 361
    
      226, 421, 481
    
      223, 422, 515
    
      223, 361, 422
    
      30, 198, 481
    
      198, 227, 481
    
      337, 171, 215
    
      171, 328, 215
    
      194, 325, 416
    
      462, 498, 59
    
      61, 462, 59
    
      263, 25, 530
    
      530, 337, 263
    
      113, 78, 84
    
      78, 194, 84
    
      194, 416, 82
    
      84, 114, 113
    
      113, 114, 335
    
      316, 194, 82
    
      316, 84, 194
    
      31, 445, 195
    
      451, 270, 195
    
      451, 195, 412
    
      335, 138, 445
    
      114, 138, 335
    
      195, 445, 138
    
      285, 316, 82
    
      285, 84, 316
    
      138, 114, 83
    
      83, 114, 84
    
      138, 296, 195
    
      296, 203, 195
    
      412, 195, 203
    
      83, 550, 138
    
      296, 138, 550
    
      471, 105, 103
    
      169, 103, 105
    
      105, 471, 21
    
      169, 319, 103
    
      21, 471, 165
    
      165, 548, 21
    
      319, 169, 134
    
      165, 546, 548
    
      407, 165, 471
    
      544, 407, 471
    
      261, 548, 546
    
      546, 165, 407
    
      261, 546, 407
    
      470, 261, 407
    
      544, 470, 407
    
      140, 169, 105
    
      548, 22, 21
    
      169, 140, 134
    
      140, 448, 134
    
      471, 406, 544
    
      406, 545, 544
    
      545, 406, 323
    
      545, 323, 166
    
      545, 94, 544
    
      94, 545, 166
    
      470, 94, 166
    
      94, 470, 544
    
      21, 23, 105
    
      21, 22, 23
    
      24, 448, 140
    
      140, 105, 100
    
      105, 401, 100
    
      401, 105, 402
    
      105, 23, 449
    
      352, 23, 22
    
      449, 402, 105
    
      352, 22, 164
    
      23, 352, 449
    
      100, 461, 140
    
      461, 24, 140
    
      164, 22, 587
    
      548, 88, 22
    
      162, 548, 261
    
      22, 88, 587
    
      323, 162, 166
    
      261, 470, 162
    
      470, 166, 162
    
      548, 162, 91
    
      88, 89, 587
    
      89, 86, 587
    
      88, 548, 525
    
      91, 525, 548
    
      88, 525, 381
    
      501, 88, 381
    
      89, 88, 501
    
      586, 323, 406
    
      319, 104, 103
    
      323, 90, 162
    
      318, 90, 323
    
      586, 318, 323
    
      406, 471, 139
    
      406, 139, 586
    
      139, 318, 586
    
      537, 471, 103
    
      104, 305, 103
    
      103, 305, 303
    
      103, 303, 537
    
      319, 293, 104
    
      305, 104, 293
    
      305, 293, 141
    
      141, 293, 197
    
      141, 197, 379
    
      471, 408, 139
    
      408, 471, 500
    
      500, 471, 537
    
      305, 539, 303
    
      303, 539, 500
    
      90, 318, 410
    
      318, 380, 410
    
      500, 537, 303
    
      318, 139, 380
    
      305, 141, 539
    
      380, 139, 273
    
      93, 139, 408
    
      93, 408, 273
    
      379, 539, 141
    
      273, 139, 93
    
      538, 500, 539
    
      539, 467, 538
    
      467, 539, 346
    
      539, 379, 463
    
      346, 539, 463
    
      293, 463, 379
    
      345, 500, 538
    
      345, 467, 346
    
      467, 345, 538
    
      500, 345, 320
    
      273, 408, 167
    
      380, 273, 167
    
      167, 450, 380
    
      95, 408, 500
    
      408, 95, 167
    
      410, 380, 450
    
      500, 347, 95
    
      347, 500, 320
    
      345, 102, 320
    
      102, 347, 320
    
      400, 102, 345
    
      345, 499, 400
    
      347, 344, 95
    
      469, 167, 95
    
      469, 543, 167
    
      238, 450, 167
    
      543, 238, 167
    
      584, 95, 344
    
      102, 400, 344
    
      95, 584, 469
    
      535, 400, 499
    
      535, 344, 400
    
      344, 347, 102
    
      499, 246, 535
    
      344, 535, 536
    
      535, 246, 536
    
      450, 238, 239
    
      543, 287, 238
    
      399, 584, 344
    
      399, 287, 584
    
      584, 287, 469
    
      344, 107, 399
    
      287, 543, 469
    
      107, 344, 536
    
      536, 246, 534
    
      465, 534, 246
    
      107, 244, 399
    
      244, 107, 536
    
      96, 287, 399
    
      534, 465, 342
    
      533, 342, 465
    
      97, 287, 96
    
      287, 196, 238
    
      287, 97, 196
    
      534, 342, 245
    
      534, 245, 260
    
      534, 260, 399
    
      260, 567, 399
    
      567, 260, 566
    
      405, 96, 399
    
      585, 238, 196
    
      96, 405, 97
    
      567, 405, 399
    
      405, 567, 566
    
      238, 163, 239
    
      163, 238, 585
    
      142, 499, 345
    
      346, 142, 345
    
      346, 463, 142
    
      142, 255, 499
    
      246, 499, 255
    
      255, 465, 246
    
      255, 533, 465
    
      44, 98, 570
    
      570, 492, 44
    
      492, 571, 44
    
      131, 571, 492
    
      571, 131, 208
    
      208, 206, 571
    
      383, 571, 206
    
      257, 383, 206
    
      206, 282, 257
    
      41, 282, 206
    
      206, 208, 41
    
      492, 570, 45
    
      45, 131, 492
    
      571, 383, 205
    
      131, 13, 208
    
      374, 13, 131
    
      374, 131, 42
    
      13, 207, 208
    
      257, 11, 383
    
      11, 257, 322
    
      7, 322, 257
    
      11, 322, 40
    
      205, 11, 40
    
      383, 11, 205
    
      207, 282, 41
    
      41, 208, 207
    
      6, 207, 13
    
      13, 295, 6
    
      374, 295, 13
    
      295, 374, 42
    
      42, 271, 295
    
      131, 291, 42
    
      45, 291, 131
    
      295, 271, 373
    
      291, 271, 42
    
      271, 10, 373
    
      10, 209, 373
    
      209, 10, 291
    
      10, 271, 291
    
      570, 98, 16
    
      16, 430, 570
    
      430, 45, 570
    
      430, 291, 45
    
      575, 209, 291
    
      373, 209, 575
    
      430, 12, 291
    
      507, 291, 12
    
      507, 575, 291
    
      430, 16, 15
    
      12, 430, 569
    
      430, 15, 456
    
      569, 430, 456
    
      507, 574, 575
    
      12, 569, 188
    
      12, 188, 310
    
      310, 507, 12
    
      574, 507, 310
    
      569, 491, 188
    
      456, 491, 569
    
      46, 456, 15
    
      456, 46, 491
    
      504, 46, 15
    
      46, 504, 491
    
      491, 277, 188
    
      188, 269, 310
    
      277, 269, 188
    
      433, 310, 269
    
      310, 433, 332
    
      491, 371, 277
    
      371, 491, 504
    
      506, 277, 371
    
      277, 599, 269
    
      277, 506, 599
    
      371, 504, 279
    
      568, 371, 279
    
      332, 274, 310
    
      274, 574, 310
    
      43, 575, 574
    
      43, 574, 274
    
      373, 575, 149
    
      149, 575, 434
    
      43, 384, 575
    
      434, 575, 384
    
      43, 274, 384
    
      274, 8, 384
    
      384, 8, 266
    
      178, 6, 295
    
      207, 178, 282
    
      207, 6, 178
    
      178, 119, 282
    
      282, 119, 257
    
      257, 119, 7
    
      266, 601, 384
    
      434, 603, 149
    
      384, 576, 434
    
      603, 434, 576
    
      384, 601, 186
    
      251, 178, 295
    
      373, 149, 251
    
      373, 251, 295
    
      251, 521, 178
    
      119, 178, 521
    
      603, 251, 149
    
      603, 602, 251
    
      576, 602, 603
    
      576, 384, 299
    
      186, 299, 384
    
      489, 16, 98
    
      489, 98, 18
    
      152, 16, 489
    
      15, 16, 152
    
      152, 99, 15
    
      504, 15, 349
    
      279, 504, 349
    
      349, 15, 99
    
      242, 279, 349
    
      279, 242, 350
    
      132, 279, 350
    
      99, 428, 349
    
      489, 366, 152
    
      99, 152, 366
    
      18, 454, 489
    
      366, 489, 454
    
      99, 366, 565
    
      153, 349, 428
    
      109, 134, 488
    
      109, 319, 134
    
      154, 109, 488
    
      488, 54, 154
    
      293, 319, 109
    
      53, 488, 134
    
      53, 211, 488
    
      154, 212, 109
    
      54, 212, 154
    
      109, 463, 293
    
      134, 448, 53
    
      53, 448, 50
    
      52, 53, 50
    
      448, 51, 50
    
      448, 24, 51
    
      50, 51, 27
    
      24, 112, 51
    
      365, 109, 212
    
      212, 54, 365
    
      338, 109, 365
    
      109, 338, 142
    
      463, 109, 142
    
      531, 338, 365
    
      365, 213, 531
    
      213, 365, 56
    
      503, 142, 338
    
      338, 398, 503
    
      56, 252, 213
    
      531, 398, 338
    
      398, 213, 252
    
      398, 531, 213
    
      532, 398, 252
    
      398, 532, 503
    
      532, 252, 189
    
      503, 532, 189
    
      252, 133, 189
    
      598, 503, 189
    
      285, 588, 83
    
      83, 84, 285
    
      285, 525, 588
    
      588, 525, 91
    
      588, 91, 162
    
      90, 588, 162
    
      90, 410, 588
    
      525, 285, 381
    
      285, 356, 381
    
      285, 82, 356
    
      137, 356, 82
    
      501, 381, 356
    
      137, 473, 356
    
      356, 473, 80
    
      137, 235, 473
    
      87, 356, 80
    
      87, 501, 356
    
      89, 501, 87
    
      89, 87, 86
    
      549, 86, 87
    
      87, 80, 549
    
      416, 137, 82
    
      553, 137, 416
    
      137, 553, 235
    
      553, 415, 235
    
      77, 235, 415
    
      416, 325, 553
    
      325, 111, 553
    
      111, 415, 553
    
      83, 588, 237
    
      550, 83, 237
    
      237, 588, 20
    
      588, 450, 20
    
      450, 588, 410
    
      275, 237, 20
    
      450, 239, 20
    
      237, 275, 550
    
      550, 275, 296
    
      85, 275, 20
    
      35, 296, 275
    
      275, 85, 35
    
      547, 20, 239
    
      385, 20, 547
    
      20, 385, 386
    
      20, 386, 85
    
      296, 35, 203
    
      386, 203, 85
    
      386, 355, 203
    
      355, 412, 203
    
      522, 119, 520
    
      508, 119, 522
    
      508, 313, 119
    
      7, 119, 313
    
      313, 322, 7
    
      322, 313, 435
    
      40, 322, 435
    
      40, 435, 375
    
      205, 40, 375
    
      508, 523, 313
    
      522, 523, 508
    
      523, 522, 294
    
      436, 375, 435
    
      117, 435, 313
    
      600, 375, 436
    
      117, 313, 523
    
      294, 117, 523
    
      294, 376, 117
    
      38, 436, 435
    
      436, 39, 600
    
      39, 436, 38
    
      117, 509, 435
    
      509, 276, 435
    
      435, 276, 577
    
      524, 509, 117
    
      376, 524, 117
    
      144, 524, 376
    
      577, 38, 435
    
      577, 39, 38
    
      509, 524, 185
    
      334, 524, 144
    
      128, 276, 509
    
      185, 604, 509
    
      128, 509, 604
    
      307, 61, 364
    
      321, 57, 493
    
      57, 487, 493
    
      487, 168, 493
    
      150, 493, 168
    
      431, 493, 150
    
      493, 9, 321
    
      493, 431, 9
    
      47, 487, 57
    
      168, 487, 47
    
      349, 153, 242
    
      153, 453, 242
    
      153, 513, 453
    
      242, 453, 254
    
      4, 254, 453
    
      121, 268, 443
    
      461, 100, 101
    
      401, 101, 100
    
      348, 101, 401
    
      218, 580, 562
    
      65, 218, 562
    
      561, 65, 562
    
      520, 119, 118
    
      118, 119, 521
    
      437, 412, 355
    
      437, 578, 412
    
      578, 147, 412
    
      412, 147, 451
    
      147, 578, 187
    
      256, 451, 147
    
      497, 451, 256
    
      187, 256, 147
    
      598, 17, 503
    
      503, 17, 594
    
      17, 595, 594
    
      242, 315, 350
    
      254, 341, 242
    
      341, 241, 242
    
      341, 247, 241
    
      315, 242, 241
    
      441, 442, 145
    
      145, 442, 440
    
      475, 440, 442
    
      475, 442, 358
    
      358, 357, 475
    
      442, 161, 358
    
      161, 442, 551
    
      358, 414, 357
    
      126, 216, 485
    
      201, 126, 485
    
      484, 485, 216
    
      157, 484, 216
    
      484, 157, 483
    
      483, 252, 484
    
      252, 483, 362
    
      133, 252, 362
    
      92, 547, 239
    
      92, 457, 547
    
      163, 92, 239
    
      80, 473, 474
    
      236, 474, 473
    
      81, 236, 473
    
      413, 81, 473
    
      413, 473, 235
    
      68, 176, 527
    
      156, 527, 176
    
      240, 97, 351
    
      97, 240, 196
    
      585, 196, 240
    
      74, 68, 527
    
      111, 175, 415
    
      415, 175, 199
    
      199, 77, 415
    
      228, 145, 439
    
      145, 228, 382
    
      228, 439, 360
    
      420, 228, 360
    
      255, 142, 503
    
      503, 594, 255
    
      255, 594, 595
    
      533, 255, 595
    
      595, 106, 533
    
      79, 309, 160
    
      309, 414, 160
    
      518, 79, 160
    
      388, 124, 329
    
      458, 388, 329
    
      458, 329, 215
    
      458, 328, 388
    
      328, 458, 215
    
      3, 265, 396
    
      175, 396, 265
    
      265, 554, 175
    
      449, 352, 472
    
      449, 472, 402
    
      402, 472, 243
    
      243, 401, 402
    
      243, 468, 401
    
      224, 422, 361
    
      361, 226, 224
    
      224, 226, 481
    
      227, 224, 481
    
      519, 274, 332
    
      519, 122, 274
    
      274, 122, 8
    
      122, 266, 8
    
      151, 135, 48
    
      367, 151, 48
    
      424, 263, 337
    
      215, 424, 337
    
      233, 231, 74
    
      267, 370, 279
    
      5, 128, 604
    
      132, 146, 279
    
      47, 14, 168
    
      14, 150, 168
    
      86, 403, 587
    
      403, 164, 587
    
      253, 164, 403
    
      524, 334, 129
    
      510, 524, 129
    
      524, 510, 185
    
      270, 31, 195
    
      31, 270, 579
    
      97, 405, 351
    
      371, 490, 411
    
      568, 490, 371
    
      494, 315, 204
    
      204, 315, 495
    
      326, 67, 558
    
      558, 67, 219
    
      558, 281, 326
    
      558, 258, 281
    
      272, 219, 67
    
      37, 272, 67
    
      37, 67, 34
    
      558, 19, 258
    
      19, 54, 258
    
      219, 591, 558
    
      591, 219, 272
    
      272, 37, 359
    
      591, 272, 359
    
      591, 306, 558
    
      591, 359, 306
    
      37, 34, 75
    
      258, 54, 211
    
      258, 211, 281
    
      75, 136, 37
    
      488, 211, 54
    
      67, 326, 69
    
      67, 69, 34
    
      560, 69, 326
    
      560, 326, 281
    
      359, 37, 418
    
      558, 306, 423
    
      558, 559, 19
    
      558, 423, 220
    
      306, 177, 423
    
      478, 359, 418
    
      478, 177, 359
    
      177, 306, 359
    
      262, 19, 559
    
      262, 55, 19
    
      559, 558, 220
    
      559, 220, 423
    
      418, 230, 478
    
      559, 280, 262
    
      280, 559, 423
    
      478, 62, 177
    
      229, 62, 478
    
      478, 259, 229
    
      230, 259, 478
    
      581, 262, 280
    
      592, 262, 581
    
      562, 423, 177
    
      562, 280, 423
    
      62, 526, 177
    
      581, 280, 502
    
      581, 502, 592
    
      177, 561, 562
    
      485, 55, 262
    
      561, 177, 526
    
      485, 262, 592
    
      580, 280, 562
    
      73, 229, 259
    
      592, 192, 485
    
      62, 200, 526
    
      200, 62, 229
    
      259, 420, 73
    
      192, 592, 502
    
      280, 580, 191
    
      191, 502, 280
    
      192, 201, 485
    
      418, 317, 230
    
      259, 230, 317
    
      317, 228, 259
    
      228, 420, 259
    
      56, 54, 19
    
      19, 55, 56
    
      55, 485, 56
    
      56, 485, 484
    
      419, 418, 37
    
      419, 479, 418
    
      317, 418, 479
    
      228, 317, 382
    
      136, 520, 37
    
      522, 520, 136
    
      37, 520, 308
    
      419, 37, 443
    
      479, 419, 443
    
      443, 441, 479
    
      479, 441, 317
    
      382, 317, 441
    
      441, 145, 382
    
      179, 37, 308
    
      443, 37, 179
    
      308, 520, 118
    
      179, 393, 443
    
      36, 443, 393
    
      441, 443, 268
    
      268, 442, 441
    
      54, 56, 365
    
      252, 56, 484
    
      136, 555, 522
    
      555, 136, 75
    
      417, 555, 75
    
      281, 211, 452
    
      560, 281, 452
    
      555, 294, 522
    
      231, 34, 69
    
      34, 231, 75
    
      211, 52, 452
    
      52, 211, 53
    
      417, 75, 231
    
      555, 477, 294
    
      452, 68, 560
    
      68, 69, 560
    
      69, 68, 231
    
      477, 555, 417
    
      417, 231, 76
    
      417, 76, 477
    
      76, 144, 477
    
      144, 294, 477
    
      144, 376, 294
    
      452, 176, 68
    
      444, 144, 76
    
      452, 52, 156
    
      452, 156, 176
    
      27, 156, 52
    
      231, 233, 76
    
      52, 50, 27
    
      76, 233, 444
    
      98, 48, 18
    
      593, 18, 48
    
      307, 18, 593
    
      48, 98, 49
    
      61, 307, 593
    
      98, 505, 49
    
      505, 98, 44
    
      60, 61, 593
    
      26, 61, 60
    
      61, 26, 462
    
      26, 582, 462
    
      498, 462, 582
    
      14, 49, 505
    
      573, 14, 505
    
      135, 593, 48
    
      593, 135, 60
    
      49, 429, 48
    
      26, 250, 582
    
      49, 14, 429
    
      250, 26, 60
    
      135, 58, 60
    
      58, 250, 60
    
      573, 150, 14
    
      582, 250, 172
    
      29, 582, 172
    
      48, 429, 367
    
      58, 193, 250
    
      47, 429, 14
    
      529, 172, 250
    
      354, 125, 72
    
      542, 354, 72
    
      354, 387, 125
    
      387, 354, 331
    
      314, 72, 125
    
      331, 411, 387
    
      314, 0, 72
    
      446, 72, 0
    
      542, 72, 240
    
      387, 411, 490
    
      331, 182, 411
    
      542, 369, 354
    
      125, 482, 314
    
      370, 387, 490
    
      369, 542, 541
    
      0, 314, 224
    
      314, 482, 224
    
      240, 351, 542
    
      542, 351, 405
    
      0, 590, 446
    
      227, 0, 224
    
      541, 542, 405
    
      198, 446, 590
    
      411, 182, 506
    
      411, 506, 371
    
      482, 125, 422
    
      568, 370, 490
    
      227, 590, 0
    
      224, 482, 422
    
      405, 566, 541
    
      370, 1, 387
    
      1, 370, 267
    
      354, 123, 331
    
      123, 354, 395
    
      395, 354, 116
    
      116, 354, 158
    
      123, 391, 331
    
      123, 395, 115
    
      331, 391, 181
    
      115, 395, 360
    
      116, 73, 395
    
      392, 331, 181
    
      599, 331, 392
    
      73, 360, 395
    
      181, 391, 517
    
      182, 331, 599
    
      73, 116, 200
    
      391, 519, 517
    
      63, 116, 158
    
      116, 63, 200
    
      432, 392, 181
    
      517, 432, 181
    
      269, 392, 432
    
      526, 63, 158
    
      599, 392, 269
    
      432, 517, 332
    
      517, 519, 332
    
      158, 561, 526
    
      439, 115, 360
    
      391, 122, 519
    
      354, 64, 158
    
      368, 354, 369
    
      541, 368, 369
    
      158, 64, 65
    
      65, 561, 158
    
      566, 260, 541
    
      146, 1, 267
    
      218, 64, 354
    
      368, 466, 354
    
      466, 368, 343
    
      64, 218, 65
    
      159, 218, 354
    
      466, 343, 245
    
      466, 170, 354
    
      466, 245, 170
    
      66, 218, 159
    
      218, 66, 580
    
      354, 143, 159
    
      143, 66, 159
    
      66, 143, 580
    
      354, 170, 556
    
      245, 342, 170
    
      580, 143, 191
    
      143, 354, 126
    
      354, 556, 190
    
      354, 202, 126
    
      556, 170, 284
    
      170, 342, 284
    
      126, 201, 143
    
      191, 143, 201
    
      596, 190, 556
    
      556, 284, 596
    
      106, 596, 284
    
      157, 202, 354
    
      190, 362, 354
    
      157, 354, 362
    
      216, 126, 202
    
      157, 216, 202
    
      597, 362, 190
    
      596, 17, 190
    
      17, 597, 190
    
      17, 596, 595
    
      597, 17, 598
    
      483, 157, 362
    
      217, 362, 597
    
      217, 597, 598
    
      217, 133, 362
    
      266, 122, 391
    
      518, 266, 391
    
      439, 357, 115
    
      309, 123, 115
    
      391, 123, 79
    
      123, 309, 79
    
      357, 309, 115
    
      79, 518, 391
    
      357, 439, 440
    
      145, 440, 439
    
      475, 357, 440
    
      414, 309, 357
    
      187, 446, 198
    
      240, 72, 2
    
      240, 2, 585
    
      578, 446, 187
    
      437, 72, 446
    
      578, 437, 446
    
      2, 72, 92
    
      2, 92, 585
    
      437, 148, 72
    
      92, 72, 457
    
      514, 72, 148
    
      148, 437, 355
    
      72, 514, 292
    
      72, 292, 457
    
      292, 514, 385
    
      457, 292, 385
    
      327, 514, 148
    
      514, 327, 385
    
      148, 355, 386
    
      148, 386, 327
    
      387, 311, 125
    
      438, 387, 1
    
      311, 248, 125
    
      1, 146, 438
    
      388, 311, 387
    
      204, 387, 438
    
      204, 438, 494
    
      388, 328, 311
    
      388, 387, 389
    
      387, 204, 183
    
      289, 389, 387
    
      387, 183, 289
    
      183, 204, 516
    
      183, 516, 340
    
      340, 289, 183
    
      289, 330, 389
    
      204, 283, 516
    
      124, 388, 389
    
      495, 283, 204
    
      330, 289, 390
    
      340, 516, 464
    
      330, 124, 389
    
      516, 283, 464
    
      364, 25, 363
    
      363, 307, 364
    
      307, 363, 454
    
      307, 454, 18
    
      363, 312, 454
    
      312, 366, 454
    
      363, 486, 312
    
      363, 25, 301
    
      363, 301, 486
    
      366, 312, 127
    
      565, 366, 127
    
      25, 263, 301
    
      486, 301, 511
    
      511, 312, 486
    
      312, 511, 127
    
      4, 511, 301
    
      127, 511, 513
    
      263, 425, 301
    
      511, 4, 453
    
      513, 511, 453
    
      425, 424, 301
    
      424, 254, 301
    
      108, 254, 424
    
      425, 263, 424
    
      254, 108, 341
    
      339, 108, 424
    
      108, 339, 341
    
      339, 464, 341
    
      464, 247, 341
    
      424, 390, 339
    
      330, 390, 424
    
      424, 329, 330
    
      329, 424, 215
    
      375, 372, 571
    
      44, 571, 372
    
      205, 375, 571
    
      505, 44, 372
    
      600, 372, 375
    
      505, 372, 572
    
      573, 505, 572
    
      210, 372, 600
    
      210, 572, 372
    
      573, 572, 210
    
      210, 150, 573
    
      600, 431, 210
    
      9, 431, 600
    
      9, 600, 577
    
      431, 150, 210
    
      39, 577, 600
    
      353, 557, 460
    
      557, 353, 404
    
      404, 304, 557
    
      404, 589, 304
    
      304, 589, 413
    
      460, 447, 353
    
      353, 447, 409
    
      353, 474, 404
    
      447, 472, 409
    
      353, 409, 253
    
      353, 549, 474
    
      353, 86, 549
    
      403, 86, 353
    
      404, 474, 236
    
      404, 236, 589
    
      253, 403, 353
    
      352, 409, 472
    
      352, 164, 409
    
      164, 253, 409
    
      236, 81, 589
    
      81, 413, 589
    
      472, 447, 348
    
      243, 472, 348
    
      348, 468, 243
    
      468, 348, 401
    
      528, 447, 460
    
      348, 447, 101
    
      461, 447, 528
    
      461, 101, 447
    
      528, 112, 461
    
      290, 557, 304
    
      199, 304, 413
    
      33, 290, 304
    
      199, 33, 304
    
      290, 33, 554
    
      557, 290, 265
    
      265, 290, 554
    
      265, 605, 557
    
      557, 297, 460
    
      460, 155, 528
    
      112, 528, 155
    
      265, 3, 605
    
      455, 460, 297
    
      460, 455, 155
    
      112, 155, 27
    
      564, 155, 455
    
      155, 156, 27
    
      564, 156, 155
    
      74, 455, 297
    
      74, 527, 455
    
      527, 564, 455
    
      564, 527, 156
    
      297, 214, 74
    
      74, 214, 476
    
      476, 233, 74
    
      605, 249, 557
    
      3, 249, 605
    
      3, 278, 249
    
      476, 214, 234
    
      249, 278, 529
    
      297, 232, 214
    
      234, 214, 232
    
      234, 232, 444
    
      249, 173, 557
    
      249, 529, 173
    
      529, 193, 173
    
      394, 232, 297
    
      173, 193, 58
    
      334, 444, 232
    
      232, 394, 334
    
      297, 557, 184
    
      557, 173, 540
    
      184, 426, 297
    
      135, 540, 173
    
      427, 394, 297
    
      58, 135, 173
    
      426, 563, 297
    
      563, 427, 297
    
      129, 334, 394
    
      394, 427, 129
    
      563, 426, 510
    
      510, 129, 427
    
      426, 185, 510
    
      427, 563, 510
    
      184, 557, 321
    
      557, 57, 321
    
      557, 540, 57
    
      151, 57, 540
    
      151, 540, 135
    
      5, 426, 184
    
      151, 367, 57
    
      5, 184, 128
    
      128, 184, 276
    
      426, 604, 185
    
      426, 5, 604
    
      130, 184, 321
    
      130, 276, 184
    
      251, 179, 118
    
      179, 308, 118
    
      251, 118, 521
    
      179, 251, 120
    
      120, 251, 300
    
      602, 300, 251
    
      393, 179, 120
    
      180, 393, 120
    
      121, 180, 120
    
      36, 180, 121
    
      180, 36, 393
    
      268, 120, 300
    
      120, 268, 121
    
      300, 333, 268
    
      300, 459, 333
    
      459, 300, 576
    
      602, 576, 300
    
      299, 459, 576
    
      459, 299, 268
    
      161, 268, 299
    
      551, 268, 161
    
      161, 299, 160
    
      160, 299, 186
    
      160, 358, 161
    
      518, 160, 186
    
      358, 160, 414
    
      396, 302, 498
    
      582, 396, 498
    
      111, 302, 396
    
      325, 302, 111
    
      582, 29, 396
    
      396, 175, 111
    
      127, 512, 565
    
      127, 513, 512
    
      153, 565, 512
    
      565, 153, 428
    
      289, 340, 390
    
      390, 340, 339
    
      464, 339, 340
    
      130, 321, 9
    
      333, 459, 268
    
      9, 577, 130
    
      577, 276, 130
    
      217, 598, 189
    
      189, 133, 217
    
      385, 547, 457
    
      256, 187, 198
    
      198, 30, 256
    
      74, 231, 68
    
      244, 534, 399
    
      536, 534, 244
    
      125, 248, 515
    
      125, 515, 422
    
      51, 112, 27
    
      112, 24, 461
    
      433, 269, 432
    
      433, 432, 332
    
      386, 385, 327
    
      541, 260, 368
    
      254, 4, 301
    
      197, 293, 379
    
      29, 3, 396
    
      367, 47, 57
    
      47, 367, 429
    
      175, 554, 199
    
      33, 199, 554
    
      146, 350, 438
    
      494, 438, 350
    
      146, 132, 350
    
      77, 199, 413
    
      235, 77, 413
    
      3, 29, 278
    
      29, 172, 278
    
      172, 529, 278
    
      85, 203, 35
    
      551, 442, 268
    
      163, 585, 92
    
      144, 444, 334
    
      428, 99, 565
    
      601, 518, 186
    
      266, 518, 601
    
      443, 36, 121
    
      568, 279, 370
    
      360, 73, 420
    
      106, 342, 533
    
      342, 106, 284
    
      315, 494, 350
    
      502, 191, 192
    
      192, 191, 201
    
      124, 330, 329
    
      245, 343, 260
    
      549, 80, 474
    
      200, 229, 73
    
      233, 234, 444
    
      233, 476, 234
    
      248, 311, 328
    
      227, 198, 590
    
      63, 526, 200
    
      153, 512, 513
    
      495, 315, 241
    
      464, 283, 247
    
      193, 529, 250
    
      106, 595, 596
    
      599, 506, 182
    
      283, 495, 241
    
      260, 343, 368
    
      279, 146, 267
    
      247, 283, 241
   
    
      0.0169099998474
      0.0230400009155
      0.121100006104
    
      0.02975
      -0.0253400001526
      0.119899993896
    
      -0.0281299991608
      0.0292999992371
      0.120399993896
    
      0.0164599990845
      0.00852799987793
      0.0025
    
      0.0359700012207
      -0.0105100002289
      0.119
    
      -0.00196500003338
      -0.0330600013733
      0.00180000305176
    
      0.00588199996948
      -0.0438699989319
      0.0818999938965
    
      0.00323900008202
      -0.0405400009155
      0.0545
    
      0.00518699979782
      -0.0497400016785
      0.1175
    
      0.00780200004578
      -0.0295699996948
      0.0025
    
      0.0115600004196
      -0.0430400009155
      0.0928999938965
    
      0.00851000022888
      -0.0396599998474
      0.0581000061035
    
      0.0186900005341
      -0.0419700012207
      0.114700012207
    
      0.00966800022125
      -0.0425900001526
      0.0828000183105
    
      0.0185200004578
      -0.0199699993134
      0.00510000610352
    
      0.0306900005341
      -0.0274899997711
      0.117100006104
    
      0.0296200008392
      -0.0261900005341
      0.1065
    
      -0.0511599998474
      -0.000194999992847
      0.119300018311
    
      0.028
      -0.0135799999237
      0.0586000061035
    
      -0.0468499984741
      -0.0233500003815
      0.0988999938965
    
      -0.0129600000381
      0.0350299987793
      0.116399993896
    
      -0.0246000003815
      0.0172099990845
      0.016200012207
    
      -0.0204099998474
      0.0186399993896
      0.00720001220703
    
      -0.0247399997711
      0.015
      0.00420001220703
    
      -0.0341100006104
      -0.000800599992275
      0.0035
    
      0.0331199989319
      0.00155799996853
      0.110200012207
    
      0.0212900009155
      0.00203699994087
      0.0111000061035
    
      -0.0336199989319
      -0.0104499998093
      0.00180000305176
    
      0.0283999996185
      0.0120900001526
      0.103800018311
    
      0.0175300006866
      0.00802400016785
      0.0035
    
      0.0166800003052
      0.0264599990845
      0.1205
    
      0.012220000267
      0.0300200004578
      0.118899993896
    
      0.0157299995422
      0.0278899993896
      0.118800018311
    
      0.00732600021362
      0.0166100006104
      0.0025
    
      -0.0270300006866
      -0.0361599998474
      0.0514000091553
    
      -0.00298699998856
      0.0346100006104
      0.119300018311
    
      -0.0143500003815
      -0.0517900009155
      0.115100006104
    
      -0.02375
      -0.0434399986267
      0.0826000061035
    
      0.0046890001297
      -0.0326500015259
      0.0045
    
      0.00578999996185
      -0.0321100006104
      0.00440000915527
    
      0.00766300010681
      -0.0380600013733
      0.0475
    
      0.00847299957275
      -0.0423600006104
      0.0766000061035
    
      0.0112299995422
      -0.0425900001526
      0.0896000061035
    
      0.00810299968719
      -0.0488600006104
      0.117100006104
    
      0.0204799995422
      -0.0267399997711
      0.0434000091553
    
      0.0221499996185
      -0.0350400009155
      0.093
    
      0.0283099994659
      -0.0318099994659
      0.117600006104
    
      0.0188899993896
      -0.0161900005341
      0.00260000610352
    
      0.0218999996185
      -0.0123900003433
      0.00980000305176
    
      0.0203199996948
      -0.0179899997711
      0.0118000030518
    
      -0.0349900016785
      -0.00934000015259
      0.00640000915527
    
      -0.0347900009155
      -0.00573500013351
      0.00360000610352
    
      -0.0345600013733
      -0.013779999733
      0.00820001220703
    
      -0.0376399993896
      -0.00975699996948
      0.0229000091553
    
      -0.0445200004578
      -0.0148100004196
      0.0688000183105
    
      -0.0505
      -0.0202199993134
      0.115
    
      -0.0512700004578
      -0.0153900003433
      0.113399993896
    
      0.0159899997711
      -0.0176499996185
      0.00190000915527
    
      0.0206299991608
      -0.00106099998951
      0.00320001220703
    
      0.0242600002289
      0.00264400005341
      0.0363000030518
    
      0.0217800006866
      -0.00221300005913
      0.00740000915527
    
      0.0252999992371
      -0.00148699998856
      0.0375
    
      -0.0361100006104
      -0.0424099998474
      0.117300018311
    
      -0.0367599983215
      -0.0409599990845
      0.118200012207
    
      -0.0413199996948
      -0.0340400009155
      0.118399993896
    
      -0.0417099990845
      -0.0359599990845
      0.118300018311
    
      -0.0454199981689
      -0.0303899993896
      0.1185
    
      -0.0336899986267
      -0.0359900016785
      0.0761000061035
    
      -0.0272099990845
      -0.0260499992371
      0.00630000305176
    
      -0.0280799999237
      -0.0297199993134
      0.0265
    
      0.015
      0.0195
      0.0499000091553
    
      0.0245300006866
      0.0201399993896
      0.119300018311
    
      -0.0179200000763
      0.0273400001526
      0.120600006104
    
      -0.0319599990845
      -0.0447999992371
      0.117899993896
    
      -0.0217000007629
      -0.0286100006104
      0.00140000915527
    
      -0.0211800003052
      -0.0362900009155
      0.034700012207
    
      -0.0176599998474
      -0.0325600013733
      0.00490000915527
    
      0.00488899993896
      0.0190900001526
      0.00340000915527
    
      0.0123100004196
      0.0229799995422
      0.062200012207
    
      -0.003375
      -0.0508699989319
      0.118
    
      -0.00530100011826
      0.0218500003815
      0.0035
    
      0.000330399990082
      0.0205400009155
      0.00280000305176
    
      -0.000225400000811
      0.0239599990845
      0.028200012207
    
      -0.00252300000191
      0.0308600006104
      0.0813999938965
    
      0.00290400004387
      0.0267000007629
      0.054700012207
    
      -0.00568300008774
      0.0348800010681
      0.119300018311
    
      -0.0119300003052
      0.0208099994659
      0.00280000305176
    
      -0.0084969997406
      0.0218299999237
      0.00390000915527
    
      -0.0145200004578
      0.0213299999237
      0.0101000061035
    
      -0.0120399999619
      0.0213700008392
      0.00420001220703
    
      -0.0193999996185
      0.0269699993134
      0.0634000091553
    
      -0.0170200004578
      0.0257800006866
      0.0495
    
      -0.0231700000763
      0.0317999992371
      0.120200012207
    
      -0.0277600002289
      0.0250100002289
      0.0756000061035
    
      -0.0254599990845
      0.0226599998474
      0.0504000091553
    
      -0.0397299995422
      0.0211000003815
      0.111100006104
    
      -0.0369199981689
      0.0241700000763
      0.119300018311
    
      -0.0342400016785
      0.0264400005341
      0.1195
    
      0.02525
      -0.0209599990845
      0.055
    
      0.0336500015259
      -0.0211499996185
      0.118100006104
    
      -0.0315300006866
      0.005132999897
      0.00260000610352
    
      -0.0298500003815
      0.00626200008392
      0.00160000610352
    
      -0.0442200012207
      0.0146999998093
      0.106200012207
    
      -0.0378800010681
      0.0116700000763
      0.0593000030518
    
      -0.0422299995422
      0.00496899986267
      0.0649000091553
    
      -0.0299400005341
      0.0105
      0.00990000915527
    
      -0.0498400001526
      0.00532299995422
      0.119399993896
    
      -0.0447799987793
      0.0163199996948
      0.118300018311
    
      0.0355200004578
      -0.0102700004578
      0.119800018311
    
      -0.0467599983215
      -0.00363199996948
      0.0803999938965
    
      0.0320099983215
      0.00746500015259
      0.1175
    
      0.0118100004196
      0.01575
      0.00840000915527
    
      -0.0332000007629
      -0.00447200012207
      0.00140000915527
    
      0.00709399986267
      0.02725
      0.072200012207
    
      0.00446999979019
      0.0290300006866
      0.0793999938965
    
      -0.02175
      -0.0484399986267
      0.117899993896
    
      -0.0352000007629
      -0.0405699996948
      0.118300018311
    
      -0.00502199983597
      -0.0348600006104
      0.00620001220703
    
      -0.00954699993134
      -0.0470499992371
      0.0856000061035
    
      -0.00505499982834
      -0.0436699981689
      0.0644000091553
    
      -0.0105900001526
      -0.0521399993896
      0.115399993896
    
      -0.0132600002289
      -0.0518699989319
      0.1155
    
      0.00589300012589
      -0.0492099990845
      0.117899993896
    
      -0.00861499977112
      -0.0475999984741
      0.118300018311
    
      0.0342400016785
      -0.0017009999752
      0.120700012207
    
      0.0231800003052
      0.0105900001526
      0.120899993896
    
      -0.0492200012207
      -0.0208899993896
      0.118899993896
    
      0.0353699989319
      -0.0136999998093
      0.118
    
      -0.00104499995708
      -0.03325
      0.002
    
      -0.00759899997711
      -0.0332299995422
      0.00180000305176
    
      0.0031819999218
      -0.0313799991608
      0.00220001220703
    
      0.0179500007629
      -0.0369700012207
      0.0855
    
      0.03075
      -0.0274500007629
      0.119800018311
    
      -0.0522400016785
      -0.00963700008392
      0.118899993896
    
      -0.0381800003052
      -0.00281699991226
      0.0261000061035
    
      0.0211499996185
      -0.00679699993134
      0.003
    
      -0.0178899993896
      -0.0386800003052
      0.042
    
      0.00142999994755
      0.0213700008392
      0.00910000610352
    
      0.00423699998856
      0.0326699981689
      0.109800018311
    
      -0.0265400009155
      0.0241200008392
      0.0663000030518
    
      -0.0338699989319
      0.00221799993515
      0.00680000305176
    
      -0.0446500015259
      0.00297499990463
      0.075200012207
    
      -0.0500600013733
      0.00276300001144
      0.11
    
      -0.0470099983215
      -0.0261000003815
      0.118700012207
    
      -0.0121700000763
      -0.0339900016785
      0.00420001220703
    
      -0.0222700004578
      -0.04975
      0.117200012207
    
      0.0303299999237
      -0.0278600006104
      0.119899993896
    
      0.0104200000763
      0.0299799995422
      0.120600006104
    
      -0.00663000011444
      0.0331800003052
      0.1205
    
      0.00573699998856
      -0.0482700004578
      0.110100006104
    
      0.0149499998093
      -0.0241800003052
      0.00310000610352
    
      0.0200100002289
      -0.0115500001907
      0.00230000305176
    
      0.0322200012207
      -0.0227999992371
      0.115200012207
    
      0.0353100013733
      -0.0171499996185
      0.118899993896
    
      -0.0452099990845
      -0.00910099983215
      0.069
    
      -0.0309500007629
      -0.0118400001526
      0.000700012207031
    
      -0.0320499992371
      -0.0163400001526
      0.00190000915527
    
      -0.0502999992371
      -0.0166599998474
      0.119
    
      -0.0386800003052
      -0.0379300003052
      0.118300018311
    
      -0.0445
      -0.0295200004578
      0.118600006104
    
      -0.00589099979401
      -0.0514399986267
      0.117600006104
    
      -0.010529999733
      -0.0517299995422
      0.117100006104
    
      -0.0201299991608
      0.0249799995422
      0.052200012207
    
      -0.0260100002289
      0.0309099998474
      0.12
    
      -0.0192399997711
      0.0181399993896
      0.00290000915527
    
      -0.0253799991608
      0.0208500003815
      0.0423000030518
    
      -0.0241499996185
      0.0232299995422
      0.051200012207
    
      -0.0316000003815
      0.0270900001526
      0.106
    
      0.0174200000763
      -0.0205100002289
      0.003
    
      -0.0363100013733
      0.00478800010681
      0.028
    
      -0.0460900001526
      0.00858699989319
      0.119600006104
    
      0.0332900009155
      0.004117000103
      0.120100006104
    
      0.0187800006866
      0.00534200000763
      0.00330000305176
    
      0.0182000007629
      -0.000581300020218
      0.002
    
      0.0228799991608
      0.0211200008392
      0.112200012207
    
      0.012
      0.0144600000381
      0.00320001220703
    
      -0.0301900005341
      -0.0208199996948
      0.00240000915527
    
      -0.039
      -0.0394900016785
      0.115100006104
    
      -0.00175699996948
      -0.0454599990845
      0.0815
    
      -0.0131099996567
      -0.0503699989319
      0.107
    
      -0.0129600000381
      -0.0519799995422
      0.115
    
      0.0137600002289
      -0.0440999984741
      0.118899993896
    
      0.0208600006104
      -0.0398400001526
      0.119300018311
    
      0.0341800003052
      -0.0114600000381
      0.1205
    
      -0.000879999995232
      -0.0302800006866
      0.00160000610352
    
      -0.0042389998436
      -0.0335400009155
      0.00220001220703
    
      -0.00091890001297
      -0.0509799995422
      0.117399993896
    
      0.0128599996567
      0.0285
      0.120800018311
    
      0.0199400005341
      -0.0416399993896
      0.117100006104
    
      -0.0521500015259
      -0.00708199977875
      0.118899993896
    
      -0.0495600013733
      -0.0031970000267
      0.119399993896
    
      -0.0482299995422
      -0.0262299995422
      0.118300018311
    
      -0.0496500015259
      -0.0234400005341
      0.118100006104
    
      0.0197199993134
      0.00161699998379
      0.00270001220703
    
      0.00663700008392
      0.0237900009155
      0.0446000061035
    
      0.00808699989319
      0.0317700004578
      0.118700012207
    
      -0.0314899997711
      0.0281900005341
      0.119700012207
    
      -0.0448699989319
      0.00187699997425
      0.0743000183105
    
      0.0174099998474
      0.0256000003815
      0.120899993896
    
      0.00717899990082
      0.0175799999237
      0.00310000610352
    
      -0.0351100006104
      -0.0426399993896
      0.117899993896
    
      -0.0496899986267
      -0.0225599994659
      0.118700012207
    
      -0.0490400009155
      -0.0186900005341
      0.118899993896
    
      -0.000419499993324
      0.0339300003052
      0.119600006104
    
      0.0334000015259
      -0.0191399993896
      0.120300018311
    
      0.0103900003433
      -0.0377999992371
      0.0549000091553
    
      0.00992399978638
      -0.0407000007629
      0.0718999938965
    
      0.00680100011826
      -0.0431500015259
      0.0791000061035
    
      0.011220000267
      -0.0407000007629
      0.078
    
      0.0126499996185
      -0.0431300010681
      0.0978000183105
    
      0.0138199996948
      -0.0264400005341
      0.00510000610352
    
      -0.0387999992371
      -0.0152100000381
      0.035700012207
    
      -0.0472099990845
      -0.010279999733
      0.0823999938965
    
      -0.0524000015259
      -0.010279999733
      0.117600006104
    
      -0.0179899997711
      -0.0297000007629
      0.00130000305176
    
      0.0340099983215
      0.00136600005627
      0.120200012207
    
      -0.0509199981689
      -0.0179500007629
      0.118800018311
    
      -0.0518899993896
      -0.00778299999237
      0.119100006104
    
      -0.0434300003052
      -0.0325099983215
      0.1185
    
      -0.0359599990845
      -0.0372799987793
      0.093
    
      -0.0454799995422
      -0.0305799999237
      0.111899993896
    
      0.01675
      0.0185400009155
      0.0543000030518
    
      0.0190300006866
      0.0159200000763
      0.051700012207
    
      0.0262700004578
      0.0175699996948
      0.120200012207
    
      0.0233999996185
      0.0201900005341
      0.121
    
      0.0241000003815
      0.0204699993134
      0.119899993896
    
      0.0226599998474
      0.0216599998474
      0.120700012207
    
      0.0204400005341
      0.0230799999237
      0.121100006104
    
      -0.0266900005341
      -0.0480900001526
      0.117300018311
    
      -0.0338499984741
      -0.0443100013733
      0.117100006104
    
      -0.0298700008392
      -0.0470400009155
      0.116100006104
    
      -0.0217700004578
      -0.0311599998474
      0.00910000610352
    
      -0.0154799995422
      -0.0309599990845
      0.0015
    
      -0.0189099998474
      -0.0311700000763
      0.002
    
      -0.0173099994659
      -0.0312399997711
      0.00170001220703
    
      0.00272900009155
      0.0202299995422
      0.00370001220703
    
      -0.00141400003433
      0.0204799995422
      0.00260000610352
    
      -0.00710699987411
      0.0344500007629
      0.109700012207
    
      -0.0288500003815
      0.0302000007629
      0.118100006104
    
      -0.0225400009155
      0.0326699981689
      0.119
    
      -0.0312800006866
      0.0275400009155
      0.120200012207
    
      0.0347200012207
      -0.0183500003815
      0.12
    
      0.0340800018311
      -0.0192399997711
      0.119600006104
    
      -0.02675
      0.0111599998474
      0.00190000915527
    
      -0.0448899993896
      0.0158800001144
      0.118700012207
    
      -0.0452099990845
      0.0143500003815
      0.119800018311
    
      -0.0485800018311
      0.00940299987793
      0.118
    
      0.0352400016785
      -0.0164699993134
      0.120100006104
    
      0.0316499996185
      0.00761899995804
      0.120700012207
    
      0.0167399997711
      0.00363000011444
      0.00210000610352
    
      0.0201900005341
      0.00254999995232
      0.004
    
      -0.00444199991226
      -0.0503499984741
      0.108800018311
    
      -0.0522299995422
      -0.0110100002289
      0.118399993896
    
      -0.0172299995422
      0.0180400009155
      0.00220001220703
    
      0.0355
      -0.0109399995804
      0.119399993896
    
      -0.0506199989319
      0.0036779999733
      0.118399993896
    
      0.0137399997711
      0.0283500003815
      0.1205
    
      0.00663000011444
      -0.0409099998474
      0.0633000030518
    
      -0.0419900016785
      -0.0205699996948
      0.0629000091553
    
      -0.0307700004578
      -0.0462200012207
      0.117
    
      -0.0425900001526
      0.0181100006104
      0.119700012207
    
      -0.0236800003052
      0.0227999992371
      0.0475
    
      -0.0489599990845
      -0.0250699996948
      0.115700012207
    
      0.0344700012207
      -0.000388500005007
      0.119
    
      0.0144399995804
      0.0184400005341
      0.0418000030518
    
      0.0123699998856
      0.0111899995804
      0.00230000305176
    
      0.00333999991417
      -0.0499000015259
      0.117800018311
    
      0.0293099994659
      -0.0294200000763
      0.119899993896
    
      -0.0115900001526
      -0.05175
      0.116200012207
    
      0.0169599990845
      -0.0431399993896
      0.118600006104
    
      0.015
      0.0278899993896
      0.119800018311
    
      0.0105500001907
      -0.0434599990845
      0.091200012207
    
      -0.0327000007629
      -0.0402400016785
      0.092
    
      -0.0275699996948
      0.0256399993896
      0.0788000183105
    
      0.00852400016785
      -0.0485200004578
      0.117600006104
    
      -0.00577299976349
      0.0353899993896
      0.117700012207
    
      0.00070459997654
      -0.0329799995422
      0.00270001220703
    
      0.0215100002289
      -0.0395200004578
      0.118600006104
    
      0.0179200000763
      0.00613500022888
      0.00280000305176
    
      0.0300400009155
      -0.0283799991608
      0.1195
    
      -0.0471699981689
      -0.0292999992371
      0.117100006104
    
      -0.0375200004578
      -0.0221599998474
      0.043200012207
    
      0.00494199991226
      -0.0428899993896
      0.0738999938965
    
      0.0347999992371
      -0.0177399997711
      0.120200012207
    
      -0.0490200004578
      0.00670800018311
      0.1195
    
      -0.00536299991608
      0.0257099990845
      0.036700012207
    
      0.0236599998474
      0.0210100002289
      0.118800018311
    
      -0.0349799995422
      0.0259799995422
      0.118700012207
    
      0.0197800006866
      0.0187199993134
      0.0746000061035
    
      0.0345600013733
      -0.00766200017929
      0.120600006104
    
      0.00798400020599
      0.0131599998474
      0.00230000305176
    
      0.0179799995422
      -0.0391199989319
      0.0975
    
      -0.0155900001526
      0.0332999992371
      0.120399993896
    
      -0.0444599990845
      0.00133399999142
      0.0716000061035
    
      -0.010970000267
      -0.0350800018311
      0.011200012207
    
      0.00608500003815
      -0.0448800010681
      0.0885
    
      0.000561999976635
      0.0345400009155
      0.117600006104
    
      -0.0166100006104
      -0.0252399997711
      0.000900009155273
    
      0.0308700008392
      0.00989099979401
      0.119100006104
    
      -0.00394099998474
      -0.0514700012207
      0.116899993896
    
      -0.00629699993134
      -0.0519500007629
      0.115600006104
    
      0.0352200012207
      -0.00528999996185
      0.118200012207
    
      0.0156000003815
      0.015
      0.0274000091553
    
      -0.0397999992371
      0.0119200000763
      0.0731000061035
    
      0.00472800016403
      0.0158400001526
      0.00240000915527
    
      -0.0426300010681
      0.006367000103
      0.072
    
      -0.0377000007629
      -0.0373199996948
      0.101200012207
    
      0.0286000003815
      -0.00743699979782
      0.0593000030518
    
      -0.0138900003433
      -0.0463499984741
      0.085
    
      -0.00890799999237
      -0.0509000015259
      0.118
    
      0.0139200000763
      -0.0460499992371
      0.117200012207
    
      0.0320900001526
      0.00585699987411
      0.120899993896
    
      0.0346399993896
      -0.0106700000763
      0.114600006104
    
      -0.00273300004005
      -0.0370099983215
      0.0225
    
      0.0193600006104
      0.0194599990845
      0.121100006104
    
      0.0335999984741
      -0.0214300003052
      0.12
    
      0.000497599989176
      0.0253799991608
      0.0415
    
      -0.0269799995422
      -0.0483600006104
      0.116300018311
    
      -0.0232000007629
      0.0257000007629
      0.065700012207
    
      -0.0406100006104
      0.00219000005722
      0.0475
    
      -0.0430699996948
      0.0144200000763
      0.099700012207
    
      0.00780700016022
      -0.0259699993134
      0.00170001220703
    
      0.00573699998856
      -0.0390600013733
      0.049
    
      -0.0223899993896
      0.0248799991608
      0.0574000091553
    
      0.0269899997711
      0.0166800003052
      0.119200012207
    
      0.0121199998856
      0.0177999992371
      0.025700012207
    
      -0.0353300018311
      -0.0269799995422
      0.048200012207
    
      -0.01025
      0.0343499984741
      0.120200012207
    
      0.0331100006104
      0.00428999996185
      0.1205
    
      0.0343499984741
      -0.000963999986649
      0.1205
    
      0.0346899986267
      -0.004507999897
      0.1205
    
      0.0141999998093
      -0.0385999984741
      0.119200012207
    
      0.0112899999619
      -0.0467700004578
      0.118399993896
    
      -0.00792299985886
      -0.0521800003052
      0.116
    
      -0.0112100000381
      -0.0331300010681
      0.002
    
      0.00890200042725
      0.0278500003815
      0.0858999938965
    
      0.0319899997711
      0.00754899978638
      0.120100006104
    
      0.0333699989319
      0.00337199997902
      0.119700012207
    
      -0.0517999992371
      -0.00354699993134
      0.114
    
      0.0352799987793
      -0.0109200000763
      0.120200012207
    
      0.0350600013733
      -0.0116199998856
      0.120399993896
    
      0.0352999992371
      -0.0145500001907
      0.119899993896
    
      -0.0480299987793
      0.00926200008392
      0.1195
    
      -0.0436100006104
      0.0165900001526
      0.119899993896
    
      -0.0444900016785
      0.0162999992371
      0.116600006104
    
      -0.0451300010681
      0.00886299991608
      0.094
    
      -0.0462299995422
      0.00458900022507
      0.0895
    
      -0.0428100013733
      0.0165599994659
      0.106200012207
    
      -0.0273899993896
      0.00994900035858
      0.00170001220703
    
      0.0328899993896
      -0.0231800003052
      0.118700012207
    
      0.0317700004578
      -0.0250499992371
      0.119899993896
    
      -0.0346399993896
      0.0253799991608
      0.120100006104
    
      -0.0218799991608
      0.0163299999237
      0.00270001220703
    
      -0.0109099998474
      0.0171000003815
      0.002
    
      -0.0393100013733
      -0.0230200004578
      0.118899993896
    
      0.000615499973297
      0.0335800018311
      0.120200012207
    
      -0.00554699993134
      0.0224200000763
      0.009
    
      -0.015029999733
      -0.0506100006104
      0.117800018311
    
      -0.0118299999237
      -0.0515099983215
      0.1175
    
      -0.033
      -0.0415900001526
      0.0998999938965
    
      -0.0281000003815
      -0.0470400009155
      0.117800018311
    
      0.0244099998474
      0.0198999996185
      0.1205
    
      -0.0510900001526
      -0.0111499996185
      0.119100006104
    
      0.0333699989319
      -0.00607800006866
      0.103200012207
    
      0.0293199996948
      -0.00277699995041
      0.0688999938965
    
      -0.0510800018311
      -0.00992700004578
      0.107800018311
    
      0.0339599990845
      -0.0169400005341
      0.115300018311
    
      0.0198600006104
      -0.0138800001144
      0.00270001220703
    
      -0.0421800003052
      0.0148199996948
      0.119800018311
    
      -0.0400900001526
      0.0141000003815
      0.119800018311
    
      0.0285300006866
      -0.0277900009155
      0.119899993896
    
      0.0260400009155
      -0.0342900009155
      0.119300018311
    
      0.0155799999237
      -0.0277900009155
      0.022200012207
    
      0.00792399978638
      -0.0456399993896
      0.097200012207
    
      0.0106300001144
      -0.0423400001526
      0.0863000183105
    
      0.00954300022125
      -0.0348400001526
      0.0346000061035
    
      -0.00913599967957
      -0.0345900001526
      0.00490000915527
    
      0.0204599990845
      0.0240300006866
      0.119200012207
    
      0.0270799999237
      0.00332399988174
      0.060200012207
    
      -0.0451699981689
      0.00207100009918
      0.0771000061035
    
      -0.0251299991608
      0.0268899993896
      0.0793999938965
    
      -0.0096639995575
      0.0227299995422
      0.013200012207
    
      -0.0242000007629
      -0.0492799987793
      0.117
    
      0.0103599996567
      -0.0388800010681
      0.0615
    
      0.00397099995613
      -0.0499500007629
      0.116899993896
    
      -0.0134499998093
      0.0342200012207
      0.12
    
      -0.00758799982071
      0.0345299987793
      0.12
    
      0.0292900009155
      -0.00437900018692
      0.1205
    
      0.0331899986267
      0.00233200001717
      0.120899993896
    
      0.0338300018311
      -0.00243099999428
      0.120700012207
    
      0.0350800018311
      -0.00806499958038
      0.120399993896
    
      0.00410400009155
      -0.0484799995422
      0.118399993896
    
      0.0170300006866
      -0.0423699989319
      0.119100006104
    
      -0.0135500001907
      -0.0517099990845
      0.114600006104
    
      -0.0115
      -0.0316900005341
      0.0015
    
      -0.02825
      -0.0442200012207
      0.118200012207
    
      0.0151499996185
      0.0121000003815
      0.006
    
      0.0148299999237
      0.0164699993134
      0.0311000061035
    
      -0.0523699989319
      -0.00679099988937
      0.117600006104
    
      -0.0415699996948
      0.0196499996185
      0.118800018311
    
      -0.0462200012207
      0.0125399999619
      0.112200012207
    
      -0.0283999996185
      0.0096639995575
      0.00220001220703
    
      -0.0267999992371
      0.0119499998093
      0.0025
    
      -0.0159600000381
      0.0192099990845
      0.00270001220703
    
      -0.00265400004387
      0.0175300006866
      0.00230000305176
    
      -0.0378899993896
      0.0228600006104
      0.119899993896
    
      -0.0262000007629
      0.0232000007629
      0.0581000061035
    
      -0.0261100006104
      0.0213400001526
      0.0474000091553
    
      -0.0311700000763
      0.0236399993896
      0.0811000061035
    
      -0.0198799991608
      0.0161299991608
      0.002
    
      -0.0194400005341
      0.0290699996948
      0.0798000183105
    
      0.0239099998474
      -0.0334500007629
      0.119600006104
    
      0.00616800022125
      0.0317999992371
      0.120200012207
    
      0.00227800011635
      0.0198099994659
      0.00280000305176
    
      -0.00943999958038
      -0.0515099983215
      0.117800018311
    
      0.0075560002327
      0.0180499992371
      0.00430000305176
    
      0.00543200016022
      0.0213999996185
      0.021700012207
    
      -0.0193500003815
      -0.0334900016785
      0.015200012207
    
      -0.0276800003052
      -0.0471300010681
      0.111800018311
    
      -0.0238700008392
      -0.0483199996948
      0.11
    
      -0.0295699996948
      -0.0468100013733
      0.117399993896
    
      0.0212900009155
      0.0230599994659
      0.120200012207
    
      0.0264099998474
      0.0165699996948
      0.120899993896
    
      -0.0442999992371
      -0.0330200004578
      0.113899993896
    
      0.0349099998474
      -0.0044390001297
      0.119899993896
    
      0.0350999984741
      -0.00318700003624
      0.119300018311
    
      -0.00515799999237
      -0.0320499992371
      0.00160000610352
    
      -0.00848499965668
      -0.0319099998474
      0.0015
    
      0.0345400009155
      -0.0193099994659
      0.1185
    
      0.0200200004578
      -0.0154600000381
      0.00360000610352
    
      0.0248299999237
      -0.0346599998474
      0.109399993896
    
      0.0121499996185
      -0.0270499992371
      0.00290000915527
    
      0.0134600000381
      -0.04525
      0.118700012207
    
      0.013779999733
      -0.0454799995422
      0.118399993896
    
      0.0049310002327
      -0.0496100006104
      0.1145
    
      0.0028180000782
      -0.034
      0.0105
    
      0.00569099998474
      -0.0325999984741
      0.00840000915527
    
      0.00344000005722
      0.0308299999237
      0.120700012207
    
      0.0316200008392
      -0.0226800003052
      0.120100006104
    
      -0.0233999996185
      -0.0486899986267
      0.117800018311
    
      -0.0193400001526
      -0.0500400009155
      0.117600006104
    
      -0.0209300003052
      -0.0502400016785
      0.116600006104
    
      -0.0162299995422
      -0.0510699996948
      0.117100006104
    
      -0.0177000007629
      -0.0506399993896
      0.113399993896
    
      -0.0156000003815
      -0.0323699989319
      0.00240000915527
    
      0.0106700000763
      0.0305400009155
      0.115200012207
    
      0.0127100000381
      0.0264899997711
      0.121
    
      -0.0266599998474
      0.00726499986649
      0.00130000305176
    
      -0.0357099990845
      -0.00333999991417
      0.0109000091553
    
      -0.0255699996948
      0.0133000001907
      0.003
    
      -0.0228600006104
      0.0316700000763
      0.109200012207
    
      0.0110500001907
      0.0301900005341
      0.120100006104
    
      -0.0331699981689
      -0.0192900009155
      0.0115
    
      0.0355200004578
      -0.0138900003433
      0.119300018311
    
      0.0324199981689
      -0.0124799995422
      0.0953000183105
    
      -0.0254799995422
      -0.0213099994659
      0.000800003051758
    
      0.0273999996185
      -0.0329700012207
      0.116399993896
    
      -0.0175100002289
      0.0330999984741
      0.120300018311
    
      0.0337900009155
      0.00176800000668
      0.120600006104
    
      -0.00581599998474
      -0.0518800010681
      0.116200012207
    
      -0.0220200004578
      -0.00798299980164
      0.0
    
      -0.0322000007629
      0.00136899995804
      0.00160000610352
    
      0.0217399997711
      0.00433400011063
      0.0213000030518
    
      -0.04675
      0.00116499996185
      0.0858000183105
    
      0.0352700004578
      -0.0148900003433
      0.120200012207
    
      -0.0488899993896
      0.00824199962616
      0.118899993896
    
      -0.0437700004578
      0.0114399995804
      0.119600006104
    
      -0.0450099983215
      0.00647700023651
      0.0865
    
      -0.0274699993134
      0.0105200004578
      0.00190000915527
    
      -0.0367200012207
      0.0250699996948
      0.117100006104
    
      -0.0249400005341
      0.0225699996948
      0.0495
    
      -0.0303799991608
      0.0184099998474
      0.0501000061035
    
      -0.0244200000763
      0.0130900001526
      0.00210000610352
    
      -0.000839299976826
      0.0213199996948
      0.00370001220703
    
      -0.00494099998474
      0.0209799995422
      0.0025
    
      -0.0154399995804
      -0.0510699996948
      0.1175
    
      -0.0183600006104
      -0.0306499996185
      0.0015
    
      -0.0165699996948
      -0.0339099998474
      0.0118000030518
    
      -0.0334199981689
      -0.0445699996948
      0.115
    
      -0.0245499992371
      -0.0493199996948
      0.115200012207
    
      0.0232800006866
      0.0217099990845
      0.119300018311
    
      0.0199200000763
      0.0239599990845
      0.1205
    
      0.0257399997711
      0.0167600002289
      0.121100006104
    
      -0.0517299995422
      -0.0138599996567
      0.118899993896
    
      -0.0515699996948
      -0.0159200000763
      0.1185
    
      -0.0507200012207
      -0.0200100002289
      0.118100006104
    
      0.0349000015259
      -0.00768200016022
      0.115899993896
    
      0.01725
      -0.0193899993896
      0.0025
    
      -0.0410400009155
      -0.00910299968719
      0.0428000030518
    
      0.0315499992371
      -0.0194099998474
      0.1005
    
      0.0270699996948
      -0.0292999992371
      0.119800018311
    
      0.0253899993896
      -0.0357200012207
      0.117600006104
    
      0.0219799995422
      -0.0325099983215
      0.0796000061035
    
      0.0131199998856
      -0.0243500003815
      0.00210000610352
    
      0.0326399993896
      -0.0233199996948
      0.12
    
      0.0341399993896
      -0.0198400001526
      0.120200012207
    
      0.0155100002289
      0.0273899993896
      0.113
    
      0.013220000267
      0.0292299995422
      0.12
    
      0.0208299999237
      0.00870100021362
      0.0305
    
      -0.0492099990845
      0.00733599996567
      0.114899993896
    
      -0.0398100013733
      0.0151800003052
      0.0845
    
      -0.00955200004578
      0.0220900001526
      0.006
    
      -0.0488100013733
      -0.0259699993134
      0.117700012207
    
      -0.0518199996948
      -0.00211999988556
      0.1185
    
      0.0290599994659
      -0.0304099998474
      0.118399993896
    
      0.0189799995422
      -0.0234599990845
      0.0215
    
      0.0220100002289
      -0.0390499992371
      0.119100006104
    
      0.0142399997711
      -0.0451100006104
      0.114800018311
    
      -0.00682999992371
      -0.0378400001526
      0.0249000091553
    
      -0.00198199999332
      -0.0338300018311
      0.00290000915527
    
      -0.00588899993896
      -0.0331300010681
      0.00170001220703
    
      0.0358100013733
      -0.0108699998856
      0.1185
    
      0.0357299995422
      -0.015220000267
      0.118600006104
    
      0.036
      -0.0139799995422
      0.118800018311
    
      -0.0131499996185
      0.0335400009155
      0.120399993896
    
      0.0289200000763
      0.0132299995422
      0.1205
    
      0.0348400001526
      -0.0159099998474
      0.120300018311
    
      0.0105500001907
      -0.0464799995422
      0.118600006104
    
      -0.000490900009871
      -0.0505999984741
      0.117899993896
    
      0.00849100017548
      -0.0479900016785
      0.118300018311
    
      -0.0127299995422
      -0.0442099990845
      0.0695
    
      -0.00658599996567
      -0.0468300018311
      0.084700012207
    
      -0.0105799999237
      -0.0374000015259
      0.024200012207
    
      -0.00753200006485
      -0.0359000015259
      0.0138000030518
    
      -0.00744000005722
      -0.0341599998474
      0.00270001220703
    
      -0.0124399995804
      0.0251700000763
      0.037
    
      -0.0380400009155
      -0.04025
      0.117899993896
    
      -0.02825
      -0.0218600006104
      0.00140000915527
    
      -0.0309899997711
      -0.00342499995232
      0.000800003051758
    
      0.0187700004578
      0.00357699990273
      0.0025
    
      0.0330800018311
      0.00469299983978
      0.118600006104
    
      -0.0523899993896
      -0.00789499998093
      0.116800018311
    
      -0.0522099990845
      -0.00649599981308
      0.118600006104
    
      -0.0498699989319
      0.00567100000381
      0.119100006104
    
      -0.046
      0.0136800003052
      0.118899993896
    
      -0.0472999992371
      0.0121800003052
      0.117399993896
    
      -0.0464300003052
      0.0139099998474
      0.118100006104
    
      -0.0372000007629
      0.0148999996185
      0.0678999938965
    
      -0.0436599998474
      0.00852700042725
      0.0863000183105
    
      -0.0445499992371
      0.0061939997673
      0.0831000061035
    
      0.0174300003052
      -0.00857999992371
      0.00160000610352
    
      -0.0397200012207
      0.0204699993134
      0.120100006104
    
      -0.0352799987793
      0.0212399997711
      0.120100006104
    
      -0.0336199989319
      0.0275799999237
      0.117
    
      -0.0264200000763
      0.0219500007629
      0.0508000030518
    
      -0.0250400009155
      0.0230400009155
      0.0524000091553
    
      -0.0245499992371
      0.0223600006104
      0.0465
    
      -0.0181100006104
      0.0335099983215
      0.119800018311
    
      -0.0205900001526
      0.0229799995422
      0.0393000030518
    
      -0.00828499984741
      0.0212199993134
      0.00280000305176
    
      -0.00133299994469
      0.0344500007629
      0.113800018311
    
      -0.012970000267
      -0.0518199996948
      0.116800018311
    
      0.0168600006104
      0.0227299995422
      0.0843999938965
    
      0.00628200006485
      0.0192999992371
      0.00780000305176
    
      0.00932400035858
      0.0154799995422
      0.00260000610352
    
      -0.0171800003052
      -0.0348899993896
      0.0183000030518
    
      -0.0482299995422
      0.00204099988937
      0.1195
    
      0.00436899995804
      -0.00700099992752
      0.000600006103516
    
      -0.0420900001526
      -0.0295300006866
      0.0908999938965
    
      -0.0464500007629
      -0.0296399993896
      0.113399993896
    
      -0.0333199996948
      -0.0242900009155
      0.029200012207
    
      -0.0405099983215
      -0.0376500015259
      0.118100006104
    
      -0.0430999984741
      -0.0348699989319
      0.117800018311
    
      -0.0077610001564
      -0.0315699996948
      0.00140000915527
    
      -0.0297700004578
      -0.0173899993896
      0.001
    
      0.0349399986267
      -0.0169400005341
      0.118200012207
    
      -0.0403199996948
      0.02075
      0.119800018311
    
      -0.04075
      0.0204799995422
      0.1195
    
      0.0277099990845
      -0.0316900005341
      0.119700012207
    
      0.0241100006104
      -0.0376300010681
      0.116300018311
    
      0.0259400005341
      -0.0295200004578
      0.092
    
      0.0167299995422
      -0.0337400016785
      0.0589000091553
    
      0.0157700004578
      -0.0252399997711
      0.0103000030518
    
      0.0166599998474
      -0.0235100002289
      0.00670001220703
    
      0.0111700000763
      -0.0475900001526
      0.117100006104
    
      0.0108100004196
      -0.0468199996948
      0.112800018311
    
      -0.000280299991369
      -0.0510900001526
      0.115800018311
    
      0.00474499988556
      -0.0321599998474
      0.00360000610352
    
      0.0104600000381
      0.0296900005341
      0.120800018311
    
      0.0138400001526
      0.0291700000763
      0.118899993896
    
      -0.0459799995422
      -0.0302600002289
      0.118200012207
    
      -0.0486300010681
      -0.0265300006866
      0.117200012207
    
      0.0186499996185
      0.00726499986649
      0.007
    
      0.0315
      0.00572200012207
      0.105800018311
    
      -0.0400900001526
      0.0217999992371
      0.117700012207
    
      -0.0288799991608
      0.0296100006104
      0.119899993896
    
      -0.0246499996185
      0.0242600002289
      0.0623000030518
    
      -0.0163700008392
      0.0198700008392
      0.00380000305176
    
      -0.0128100004196
      0.0303999996185
      0.076700012207
    
      0.00129400002956
      0.0193700008392
      0.0025
    
      0.0190400009155
      0.0240900001526
      0.121100006104
    
      -0.0354399986267
      -0.0386199989319
      0.0955
    
      -0.0495999984741
      -0.0244500007629
      0.117300018311
    
      0.0232299995422
      -0.00661100006104
      0.0169000091553
    
      -0.0512900009155
      0.000859099984169
      0.119100006104
    
      -0.0507799987793
      0.002757999897
      0.119100006104
    
      -0.0501800003052
      0.00310599994659
      0.1195
    
      -0.0511800003052
      -0.00392700004578
      0.119399993896
    
      -0.0516399993896
      -0.00377399992943
      0.119200012207
    
      0.0197900009155
      -0.0409099998474
      0.119100006104
    
      0.00917599964142
      -0.0302399997711
      0.00690000915527
    
      0.0015759999752
      -0.0504900016785
      0.117600006104
    
      -0.00224499988556
      -0.0515299987793
      0.115300018311
    
      0.00119500005245
      -0.0505
      0.1145
    
      -0.00253200006485
      -0.0335299987793
      0.00210000610352
    
      0.014470000267
      0.00541200017929
      0.002
