
  
 
   
    
      146, 366, 618
    
      366, 524, 618
    
      618, 524, 365
    
      450, 618, 365
    
      450, 290, 618
    
      290, 450, 549
    
      549, 450, 365
    
      524, 163, 365
    
      365, 163, 549
    
      366, 231, 524
    
      549, 164, 290
    
      231, 366, 109
    
      163, 164, 549
    
      164, 163, 328
    
      328, 33, 164
    
      473, 163, 524
    
      162, 328, 163
    
      162, 163, 473
    
      146, 618, 446
    
      618, 349, 446
    
      568, 446, 349
    
      568, 349, 403
    
      403, 1, 568
    
      382, 568, 1
    
      124, 1, 403
    
      1, 124, 382
    
      568, 382, 214
    
      124, 362, 382
    
      444, 214, 382
    
      362, 444, 382
    
      336, 568, 214
    
      336, 24, 568
    
      444, 345, 214
    
      336, 214, 313
    
      136, 214, 345
    
      381, 345, 444
    
      136, 313, 214
    
      362, 381, 444
    
      345, 355, 136
    
      136, 355, 313
    
      612, 336, 313
    
      612, 313, 355
    
      345, 470, 355
    
      470, 612, 355
    
      336, 612, 333
    
      24, 336, 137
    
      137, 336, 333
    
      24, 137, 395
    
      446, 583, 146
    
      568, 583, 446
    
      109, 366, 108
    
      108, 138, 109
    
      24, 105, 568
    
      24, 395, 105
    
      395, 106, 105
    
      366, 146, 204
    
      408, 138, 108
    
      376, 568, 105
    
      476, 146, 583
    
      146, 476, 204
    
      376, 476, 583
    
      568, 376, 583
    
      106, 57, 105
    
      576, 108, 366
    
      576, 408, 108
    
      366, 460, 576
    
      366, 204, 398
    
      204, 476, 398
    
      398, 476, 376
    
      376, 105, 255
    
      423, 460, 366
    
      161, 366, 398
    
      376, 145, 398
    
      31, 366, 161
    
      145, 376, 273
    
      366, 31, 423
    
      376, 255, 273
    
      255, 105, 57
    
      58, 255, 57
    
      58, 110, 255
    
      423, 278, 460
    
      67, 576, 460
    
      67, 460, 278
    
      31, 38, 423
    
      423, 38, 278
    
      398, 145, 218
    
      398, 218, 161
    
      273, 255, 180
    
      180, 255, 110
    
      356, 145, 273
    
      180, 356, 273
    
      157, 145, 356
    
      218, 145, 481
    
      157, 481, 145
    
      431, 157, 356
    
      161, 30, 31
    
      157, 431, 481
    
      161, 218, 597
    
      30, 161, 597
    
      481, 597, 218
    
      349, 126, 403
    
      403, 126, 124
    
      381, 362, 126
    
      124, 126, 362
    
      381, 540, 345
    
      383, 345, 540
    
      381, 126, 540
    
      349, 618, 404
    
      33, 341, 164
    
      341, 33, 425
    
      425, 604, 341
    
      223, 404, 618
    
      523, 223, 618
    
      7, 523, 618
    
      618, 522, 7
    
      349, 402, 126
    
      540, 126, 402
    
      223, 521, 404
    
      7, 522, 148
    
      402, 349, 213
    
      213, 349, 404
    
      404, 521, 213
    
      402, 607, 540
    
      607, 228, 540
    
      164, 341, 424
    
      618, 290, 63
    
      164, 63, 290
    
      618, 63, 3
    
      3, 339, 618
    
      339, 522, 618
    
      445, 607, 402
    
      433, 607, 445
    
      341, 32, 424
    
      339, 213, 521
    
      125, 433, 445
    
      424, 32, 203
    
      213, 447, 402
    
      447, 445, 402
    
      447, 3, 63
    
      445, 447, 125
    
      447, 213, 339
    
      339, 3, 447
    
      154, 433, 125
    
      154, 54, 433
    
      389, 63, 164
    
      83, 389, 164
    
      83, 164, 424
    
      62, 63, 389
    
      63, 62, 447
    
      424, 34, 83
    
      69, 125, 447
    
      203, 34, 424
    
      154, 125, 69
    
      83, 505, 389
    
      389, 384, 62
    
      69, 447, 51
    
      51, 447, 384
    
      62, 384, 447
    
      83, 34, 581
    
      505, 227, 389
    
      227, 388, 389
    
      83, 548, 505
    
      83, 581, 548
    
      227, 505, 296
    
      548, 296, 505
    
      227, 475, 388
    
      217, 227, 296
    
      227, 217, 475
    
      389, 35, 384
    
      388, 21, 389
    
      389, 21, 469
    
      175, 51, 384
    
      35, 389, 469
    
      388, 232, 21
    
      475, 232, 388
    
      232, 475, 295
    
      475, 217, 295
    
      217, 296, 23
    
      35, 526, 384
    
      384, 526, 175
    
      469, 21, 156
    
      469, 156, 35
    
      228, 471, 383
    
      228, 383, 540
    
      323, 471, 228
    
      155, 383, 471
    
      471, 270, 155
    
      228, 343, 323
    
      228, 607, 343
    
      323, 343, 252
    
      27, 323, 252
    
      323, 27, 380
    
      252, 494, 27
    
      433, 343, 607
    
      554, 494, 252
    
      54, 252, 343
    
      433, 54, 343
    
      54, 584, 252
    
      554, 252, 584
    
      584, 54, 68
    
      154, 68, 54
    
      206, 383, 155
    
      324, 383, 206
    
      602, 206, 155
    
      324, 333, 383
    
      470, 383, 333
    
      470, 345, 383
    
      612, 470, 333
    
      428, 206, 602
    
      333, 324, 137
    
      206, 428, 205
    
      205, 111, 206
    
      111, 324, 206
    
      324, 111, 137
    
      137, 111, 395
    
      111, 205, 547
    
      111, 547, 106
    
      106, 395, 111
    
      207, 547, 205
    
      207, 305, 547
    
      305, 572, 547
    
      547, 572, 282
    
      282, 419, 547
    
      547, 419, 106
    
      419, 282, 520
    
      332, 406, 363
    
      332, 256, 406
    
      363, 406, 208
    
      256, 332, 170
    
      464, 256, 170
    
      170, 374, 464
    
      593, 464, 374
    
      208, 406, 407
    
      291, 407, 406
    
      291, 600, 407
    
      406, 546, 291
    
      406, 113, 546
    
      350, 291, 546
    
      350, 546, 160
    
      113, 160, 546
    
      291, 350, 159
    
      600, 291, 159
    
      113, 112, 160
    
      112, 113, 150
    
      112, 601, 160
    
      601, 350, 160
    
      112, 150, 572
    
      428, 350, 601
    
      350, 428, 159
    
      150, 242, 572
    
      267, 242, 150
    
      601, 112, 207
    
      428, 466, 159
    
      159, 466, 600
    
      407, 116, 208
    
      407, 599, 116
    
      407, 600, 599
    
      600, 466, 599
    
      599, 466, 270
    
      599, 114, 116
    
      599, 270, 364
    
      599, 364, 114
    
      279, 116, 114
    
      114, 364, 279
    
      364, 270, 380
    
      380, 308, 364
    
      364, 308, 279
    
      116, 279, 115
    
      279, 575, 115
    
      575, 308, 380
    
      575, 279, 308
    
      574, 115, 575
    
      115, 574, 438
    
      439, 115, 438
    
      575, 380, 327
    
      575, 327, 574
    
      439, 438, 370
    
      311, 438, 574
    
      184, 311, 574
    
      327, 184, 574
    
      438, 311, 370
    
      369, 184, 327
    
      184, 369, 288
    
      311, 235, 370
    
      369, 454, 288
    
      178, 311, 184
    
      178, 235, 311
    
      480, 190, 188
    
      188, 190, 78
    
      187, 188, 78
    
      78, 190, 555
    
      78, 555, 187
    
      187, 555, 570
    
      187, 570, 497
    
      480, 88, 190
    
      535, 570, 555
    
      190, 97, 555
    
      97, 535, 555
    
      190, 88, 52
    
      25, 190, 52
    
      480, 56, 88
    
      25, 130, 190
    
      401, 25, 52
    
      53, 401, 52
    
      53, 580, 401
    
      25, 401, 130
    
      130, 409, 190
    
      190, 409, 97
    
      52, 88, 46
    
      56, 89, 88
    
      89, 56, 134
    
      46, 53, 52
    
      309, 56, 480
    
      309, 480, 485
    
      293, 309, 485
    
      499, 88, 89
    
      88, 499, 46
    
      459, 56, 309
    
      459, 134, 56
    
      486, 309, 293
    
      459, 309, 209
    
      309, 486, 315
    
      292, 486, 293
    
      280, 134, 459
    
      209, 309, 315
    
      459, 209, 70
    
      486, 292, 448
    
      292, 293, 118
    
      117, 292, 118
    
      39, 480, 188
    
      480, 39, 319
    
      480, 319, 485
    
      119, 188, 187
    
      319, 293, 485
    
      293, 319, 118
    
      119, 187, 571
    
      319, 42, 118
    
      117, 118, 42
    
      188, 594, 39
    
      594, 188, 119
    
      544, 117, 42
    
      119, 224, 594
    
      172, 42, 319
    
      39, 573, 319
    
      172, 319, 573
    
      42, 172, 421
    
      590, 42, 421
    
      42, 590, 171
    
      42, 171, 544
    
      40, 39, 594
    
      71, 172, 573
    
      421, 172, 71
    
      40, 594, 224
    
      40, 224, 73
    
      573, 39, 127
    
      39, 40, 127
    
      71, 393, 421
    
      393, 590, 421
    
      71, 573, 219
    
      219, 393, 71
    
      127, 40, 128
    
      219, 573, 457
    
      573, 127, 457
    
      321, 338, 556
    
      556, 249, 321
    
      249, 310, 321
    
      543, 249, 556
    
      211, 310, 249
    
      120, 211, 249
    
      120, 249, 543
    
      387, 338, 321
    
      387, 185, 338
    
      251, 338, 185
    
      251, 410, 338
    
      11, 321, 310
    
      386, 11, 310
    
      251, 185, 73
    
      387, 276, 185
    
      321, 276, 387
    
      11, 386, 241
    
      310, 210, 386
    
      210, 241, 386
    
      185, 72, 73
    
      276, 578, 185
    
      277, 276, 321
    
      578, 72, 185
    
      578, 276, 239
    
      277, 239, 276
    
      321, 11, 277
    
      277, 11, 241
    
      418, 277, 241
    
      410, 472, 338
    
      556, 484, 543
    
      472, 410, 250
    
      556, 338, 411
    
      411, 484, 556
    
      484, 411, 317
    
      347, 484, 317
    
      201, 472, 250
    
      200, 338, 472
    
      318, 338, 200
    
      411, 338, 318
    
      201, 200, 472
    
      347, 317, 385
    
      455, 385, 317
    
      268, 347, 385
    
      337, 268, 385
    
      268, 337, 616
    
      616, 337, 4
    
      4, 337, 147
    
      153, 147, 337
    
      334, 147, 153
    
      512, 334, 153
    
      541, 512, 153
    
      613, 541, 153
    
      613, 337, 385
    
      337, 613, 153
    
      354, 385, 455
    
      123, 512, 541
    
      541, 542, 123
    
      411, 318, 95
    
      95, 317, 411
    
      317, 615, 455
    
      200, 201, 342
    
      318, 200, 496
    
      200, 342, 496
    
      269, 354, 455
    
      455, 615, 269
    
      354, 269, 226
    
      95, 318, 396
    
      342, 96, 496
    
      330, 269, 615
    
      496, 488, 318
    
      318, 488, 396
    
      488, 496, 79
    
      79, 496, 96
    
      488, 507, 396
    
      95, 396, 260
    
      344, 226, 269
    
      260, 396, 507
    
      344, 269, 519
    
      614, 344, 519
    
      497, 96, 342
    
      488, 79, 452
    
      507, 488, 452
    
      452, 79, 104
    
      452, 244, 507
    
      79, 553, 104
    
      452, 104, 55
    
      104, 553, 55
    
      254, 452, 55
    
      254, 55, 553
    
      452, 254, 511
    
      452, 179, 244
    
      179, 452, 511
    
      253, 244, 179
    
      179, 420, 253
    
      96, 535, 79
    
      535, 553, 79
    
      541, 613, 430
    
      385, 354, 265
    
      354, 226, 265
    
      226, 344, 517
    
      614, 517, 344
    
      614, 12, 517
    
      12, 614, 13
    
      265, 226, 474
    
      518, 13, 614
    
      13, 518, 603
    
      430, 613, 620
    
      385, 620, 613
    
      606, 474, 226
    
      429, 226, 517
    
      429, 606, 226
    
      397, 13, 603
    
      13, 397, 100
    
      80, 13, 100
    
      518, 614, 569
    
      569, 603, 518
    
      569, 245, 603
    
      397, 603, 245
    
      617, 620, 385
    
      385, 265, 617
    
      429, 605, 606
    
      474, 606, 425
    
      542, 541, 534
    
      541, 430, 534
    
      534, 28, 542
    
      620, 359, 430
    
      430, 359, 534
    
      28, 77, 542
    
      77, 76, 542
    
      76, 281, 542
    
      9, 617, 265
    
      604, 429, 517
    
      265, 6, 9
    
      606, 605, 425
    
      363, 449, 545
    
      363, 352, 449
    
      545, 449, 448
    
      352, 363, 208
    
      448, 117, 545
    
      116, 352, 208
    
      545, 243, 363
    
      117, 544, 545
    
      591, 363, 243
    
      591, 332, 363
    
      545, 44, 243
    
      545, 41, 44
    
      591, 243, 44
    
      544, 41, 545
    
      44, 422, 591
    
      332, 591, 422
    
      332, 422, 592
    
      174, 422, 44
    
      592, 170, 332
    
      592, 458, 170
    
      352, 440, 449
    
      467, 449, 440
    
      351, 440, 352
    
      116, 351, 352
    
      116, 115, 351
    
      467, 440, 133
    
      133, 280, 467
    
      315, 449, 467
    
      467, 280, 70
    
      70, 315, 467
    
      351, 439, 440
    
      351, 115, 439
    
      134, 280, 133
    
      98, 133, 440
    
      439, 135, 440
    
      440, 135, 495
    
      133, 98, 99
    
      99, 134, 133
    
      202, 440, 495
    
      202, 98, 440
    
      98, 202, 99
    
      135, 439, 158
    
      370, 158, 439
    
      26, 99, 202
    
      370, 235, 158
    
      495, 378, 202
    
      135, 158, 378
    
      495, 135, 378
    
      90, 202, 378
    
      236, 378, 158
    
      202, 90, 26
    
      158, 235, 236
    
      537, 348, 86
    
      86, 348, 215
    
      86, 215, 400
    
      400, 259, 86
    
      400, 360, 259
    
      248, 86, 259
    
      216, 248, 259
    
      86, 248, 487
    
      551, 86, 487
    
      537, 86, 550
    
      132, 537, 550
    
      348, 537, 533
    
      550, 86, 340
    
      86, 551, 340
    
      340, 289, 550
    
      533, 297, 348
    
      15, 550, 289
    
      15, 132, 550
    
      394, 533, 537
    
      394, 139, 533
    
      132, 611, 537
    
      482, 394, 537
    
      132, 15, 611
    
      611, 131, 537
    
      131, 482, 537
    
      139, 394, 580
    
      482, 580, 394
    
      533, 47, 297
    
      297, 47, 501
    
      47, 533, 194
    
      533, 139, 194
    
      194, 193, 47
    
      501, 48, 297
    
      297, 48, 272
    
      272, 514, 297
    
      48, 346, 272
    
      514, 272, 346
    
      561, 47, 193
    
      353, 501, 47
    
      353, 47, 587
    
      561, 587, 47
    
      353, 48, 501
    
      176, 48, 353
    
      346, 48, 286
    
      176, 500, 48
    
      500, 286, 48
    
      286, 500, 562
    
      346, 286, 177
    
      620, 617, 524
    
      473, 524, 617
    
      10, 473, 617
    
      149, 10, 617
    
      10, 162, 473
    
      10, 149, 162
    
      231, 620, 524
    
      6, 162, 149
    
      6, 149, 9
    
      359, 620, 231
    
      231, 109, 359
    
      534, 359, 109
    
      109, 138, 534
    
      138, 408, 534
    
      408, 28, 534
    
      28, 408, 576
    
      77, 28, 576
    
      66, 77, 576
    
      297, 563, 348
    
      563, 297, 415
    
      415, 414, 563
    
      414, 415, 20
    
      20, 415, 18
    
      297, 16, 415
    
      298, 16, 297
    
      18, 415, 16
    
      298, 297, 514
    
      298, 514, 261
    
      261, 514, 346
    
      261, 346, 585
    
      177, 585, 346
    
      563, 215, 348
    
      563, 414, 275
    
      275, 360, 563
    
      360, 215, 563
    
      510, 275, 414
    
      360, 400, 215
    
      510, 238, 275
    
      275, 536, 360
    
      320, 360, 536
    
      320, 259, 360
    
      275, 238, 536
    
      513, 585, 177
    
      560, 585, 513
    
      216, 259, 320
    
      441, 536, 238
    
      441, 238, 510
    
      443, 320, 536
    
      536, 441, 443
    
      314, 216, 320
    
      248, 216, 314
    
      487, 248, 314
    
      502, 443, 441
    
      502, 442, 443
    
      314, 399, 487
    
      314, 442, 399
    
      551, 487, 399
    
      442, 502, 285
    
      367, 551, 399
    
      285, 274, 442
    
      274, 285, 564
    
      399, 503, 367
    
      367, 503, 107
    
      237, 274, 564
    
      492, 274, 237
    
      503, 451, 107
    
      503, 377, 451
    
      17, 468, 19
    
      468, 609, 19
    
      468, 17, 156
    
      609, 18, 19
    
      609, 20, 18
    
      20, 609, 414
    
      21, 468, 156
    
      18, 16, 19
    
      50, 17, 19
    
      610, 50, 19
    
      17, 50, 526
    
      16, 610, 19
    
      50, 610, 49
    
      16, 49, 610
    
      50, 49, 588
    
      49, 371, 588
    
      195, 588, 371
    
      195, 371, 498
    
      468, 21, 608
    
      375, 609, 468
    
      375, 414, 609
    
      468, 432, 375
    
      432, 468, 608
    
      375, 510, 414
    
      608, 295, 432
    
      22, 375, 432
    
      432, 23, 22
    
      22, 510, 375
    
      510, 22, 441
    
      432, 295, 23
    
      87, 22, 23
    
      22, 87, 502
    
      502, 441, 22
    
      502, 87, 564
    
      564, 285, 502
    
      87, 552, 564
    
      552, 87, 582
    
      564, 552, 237
    
      144, 306, 598
    
      230, 144, 598
    
      426, 598, 306
    
      516, 426, 306
    
      516, 306, 192
    
      191, 192, 306
    
      426, 516, 427
    
      312, 516, 192
    
      191, 84, 192
    
      504, 516, 312
    
      84, 372, 192
    
      230, 598, 166
    
      465, 230, 166
    
      598, 426, 166
    
      426, 167, 166
    
      306, 528, 191
    
      191, 528, 85
    
      167, 271, 166
    
      271, 596, 166
    
      166, 596, 229
    
      166, 229, 465
    
      230, 527, 144
    
      144, 527, 390
    
      306, 144, 390
    
      390, 221, 306
    
      221, 434, 306
    
      434, 528, 306
    
      434, 85, 528
    
      271, 183, 596
    
      229, 596, 37
    
      183, 37, 596
    
      168, 37, 183
    
      221, 390, 303
    
      527, 262, 390
    
      262, 527, 589
    
      262, 303, 390
    
      303, 262, 477
    
      589, 373, 262
    
      262, 373, 247
    
      247, 567, 262
    
      373, 589, 45
    
      45, 246, 373
    
      361, 220, 140
    
      457, 361, 140
    
      532, 140, 220
    
      219, 457, 140
    
      532, 220, 392
    
      392, 142, 532
    
      436, 392, 220
    
      142, 392, 478
    
      142, 478, 479
    
      479, 391, 142
    
      220, 538, 436
    
      538, 220, 59
    
      361, 59, 220
    
      165, 361, 457
    
      361, 14, 59
    
      165, 14, 361
    
      538, 59, 326
    
      59, 60, 326
    
      14, 60, 59
    
      326, 61, 538
    
      61, 539, 538
    
      14, 129, 60
    
      14, 165, 129
    
      579, 539, 61
    
      60, 64, 326
    
      60, 129, 64
    
      325, 579, 61
    
      64, 462, 326
    
      61, 326, 462
    
      462, 417, 61
    
      61, 417, 325
    
      299, 140, 532
    
      532, 300, 299
    
      566, 140, 299
    
      140, 566, 141
    
      142, 300, 532
    
      300, 530, 299
    
      300, 142, 391
    
      358, 530, 300
    
      391, 358, 300
    
      566, 299, 283
    
      566, 283, 565
    
      566, 565, 141
    
      299, 530, 189
    
      283, 299, 2
    
      189, 2, 299
    
      463, 189, 530
    
      292, 117, 448
    
      294, 123, 542
    
      294, 542, 405
    
      281, 405, 542
    
      284, 84, 191
    
      191, 85, 284
    
      23, 295, 217
    
      478, 437, 479
    
      70, 280, 459
    
      112, 305, 207
    
      112, 572, 305
    
      417, 418, 182
    
      527, 230, 431
    
      527, 431, 356
    
      597, 431, 230
    
      597, 481, 431
    
      465, 597, 230
    
      30, 597, 465
    
      229, 30, 465
    
      427, 515, 538
    
      427, 504, 515
    
      504, 427, 516
    
      515, 436, 538
    
      504, 312, 515
    
      427, 538, 379
    
      427, 379, 29
    
      29, 426, 427
    
      379, 538, 539
    
      167, 426, 29
    
      29, 619, 167
    
      379, 181, 29
    
      539, 181, 379
    
      619, 271, 167
    
      579, 181, 539
    
      619, 461, 271
    
      461, 183, 271
    
      325, 181, 579
    
      325, 595, 181
    
      325, 182, 595
    
      65, 183, 461
    
      515, 357, 436
    
      301, 357, 515
    
      515, 312, 301
    
      312, 372, 301
    
      372, 312, 192
    
      301, 529, 357
    
      372, 84, 301
    
      436, 357, 478
    
      392, 436, 478
    
      357, 529, 478
    
      187, 250, 571
    
      410, 571, 250
    
      187, 201, 250
    
      335, 201, 187
    
      342, 201, 335
    
      497, 335, 187
    
      335, 497, 342
    
      210, 310, 211
    
      263, 210, 211
    
      263, 508, 210
    
      257, 508, 263
    
      211, 5, 263
    
      264, 263, 5
    
      147, 264, 5
    
      334, 264, 147
    
      264, 334, 258
    
      334, 512, 258
    
      123, 258, 512
    
      258, 123, 122
    
      294, 122, 123
    
      147, 5, 4
    
      5, 211, 616
    
      211, 543, 616
    
      211, 120, 543
    
      5, 616, 4
    
      95, 260, 615
    
      260, 330, 615
    
      330, 260, 416
    
      260, 507, 416
    
      416, 198, 330
    
      198, 416, 199
    
      519, 330, 198
    
      269, 330, 519
    
      519, 198, 199
    
      416, 557, 199
    
      557, 569, 199
    
      507, 244, 416
    
      397, 416, 244
    
      244, 368, 397
    
      245, 569, 557
    
      557, 397, 245
    
      130, 401, 611
    
      131, 611, 401
    
      482, 131, 401
    
      130, 611, 409
    
      409, 611, 15
    
      409, 15, 254
    
      418, 212, 65
    
      65, 182, 418
    
      240, 65, 212
    
      212, 225, 240
    
      461, 182, 65
    
      595, 182, 461
    
      304, 531, 301
    
      304, 301, 284
    
      531, 437, 301
    
      301, 84, 284
    
      529, 301, 437
    
      437, 531, 479
    
      531, 302, 479
    
      304, 284, 435
    
      529, 437, 478
    
      284, 85, 435
    
      435, 434, 304
    
      304, 307, 531
    
      307, 302, 531
    
      304, 143, 307
    
      434, 143, 304
    
      307, 143, 221
    
      307, 221, 477
    
      302, 307, 506
    
      391, 479, 302
    
      302, 506, 358
    
      302, 358, 391
    
      119, 571, 251
    
      410, 251, 571
    
      224, 119, 251
    
      224, 251, 73
    
      46, 139, 53
    
      139, 46, 194
    
      193, 194, 46
    
      499, 193, 46
    
      139, 580, 53
    
      587, 378, 353
    
      378, 587, 90
    
      587, 561, 90
    
      90, 561, 91
    
      26, 90, 91
    
      91, 561, 499
    
      193, 499, 561
    
      378, 586, 353
    
      353, 586, 176
    
      586, 378, 92
    
      586, 562, 176
    
      378, 236, 92
    
      177, 586, 92
    
      586, 177, 286
    
      562, 500, 176
    
      286, 562, 586
    
      92, 236, 513
    
      92, 513, 177
    
      316, 513, 236
    
      581, 34, 80
    
      34, 203, 80
    
      13, 80, 203
    
      12, 13, 203
    
      32, 12, 203
    
      12, 32, 517
    
      32, 341, 517
    
      604, 517, 341
    
      578, 462, 64
    
      462, 578, 239
    
      239, 277, 462
    
      417, 462, 277
    
      277, 418, 417
    
      129, 578, 64
    
      578, 129, 72
    
      73, 72, 129
    
      471, 380, 270
    
      380, 471, 323
    
      38, 37, 278
    
      165, 457, 127
    
      128, 165, 127
    
      129, 165, 128
    
      129, 128, 40
    
      73, 129, 40
    
      21, 232, 608
    
      232, 295, 608
    
      205, 428, 601
    
      601, 207, 205
    
      418, 186, 212
    
      121, 212, 186
    
      212, 121, 405
    
      405, 281, 212
    
      225, 212, 281
    
      186, 483, 121
    
      121, 483, 294
    
      405, 121, 294
    
      483, 186, 508
    
      186, 210, 508
    
      511, 289, 340
    
      289, 511, 254
    
      289, 254, 15
    
      340, 179, 511
    
      340, 551, 179
    
      367, 179, 551
    
      179, 367, 107
    
      107, 420, 179
    
      451, 420, 107
    
      174, 329, 422
    
      174, 283, 329
    
      329, 592, 422
    
      2, 592, 329
    
      329, 283, 2
    
      283, 174, 565
    
      458, 592, 2
    
      2, 189, 458
    
      189, 463, 458
    
      174, 82, 565
    
      82, 174, 44
    
      41, 82, 44
    
      327, 380, 494
    
      27, 494, 380
    
      369, 327, 494
    
      494, 554, 369
    
      155, 270, 602
    
      270, 466, 602
    
      466, 428, 602
    
      325, 417, 182
    
      266, 520, 282
    
      266, 151, 520
    
      266, 152, 151
    
      307, 525, 234
    
      506, 307, 234
    
      525, 307, 477
    
      567, 525, 477
    
      246, 234, 525
    
      234, 246, 81
    
      234, 81, 374
    
      374, 81, 593
    
      347, 543, 484
    
      616, 543, 347
    
      347, 268, 616
    
      580, 482, 401
    
      210, 186, 241
    
      186, 418, 241
    
      491, 581, 80
    
      80, 100, 491
    
      100, 101, 491
    
      101, 489, 491
    
      489, 0, 491
    
      101, 100, 103
    
      0, 489, 490
    
      581, 491, 552
    
      552, 491, 0
    
      237, 552, 0
    
      582, 581, 552
    
      412, 68, 588
    
      588, 195, 412
    
      68, 412, 456
    
      68, 456, 94
    
      498, 412, 195
    
      412, 197, 456
    
      197, 94, 456
    
      412, 558, 197
    
      558, 94, 197
    
      393, 219, 140
    
      140, 141, 393
    
      590, 393, 141
    
      141, 82, 590
    
      565, 82, 141
    
      82, 171, 590
    
      535, 96, 570
    
      497, 570, 96
    
      315, 486, 449
    
      486, 448, 449
    
      102, 368, 377
    
      377, 222, 102
    
      368, 322, 377
    
      451, 377, 322
    
      102, 222, 103
    
      103, 222, 489
    
      490, 489, 222
    
      222, 377, 493
    
      493, 490, 222
    
      331, 43, 45
    
      45, 173, 331
    
      246, 45, 43
    
      110, 173, 45
    
      331, 233, 43
    
      169, 43, 233
    
      331, 419, 233
    
      520, 233, 419
    
      169, 233, 520
    
      151, 169, 520
    
      152, 169, 151
    
      256, 593, 150
    
      267, 150, 593
    
      256, 464, 593
    
      593, 152, 267
    
      150, 113, 256
    
      113, 406, 256
    
      328, 265, 474
    
      6, 265, 328
    
      328, 162, 6
    
      328, 474, 425
    
      425, 33, 328
    
      560, 196, 453
    
      413, 560, 453
    
      178, 453, 196
    
      513, 196, 560
    
      558, 560, 413
    
      513, 316, 196
    
      320, 443, 314
    
      442, 314, 443
    
      17, 35, 156
    
      526, 35, 17
    
      588, 69, 51
    
      69, 588, 68
    
      51, 175, 588
    
      50, 588, 175
    
      37, 577, 509
    
      37, 509, 278
    
      168, 577, 37
    
      36, 577, 168
    
      36, 240, 577
    
      66, 509, 577
    
      66, 577, 74
    
      74, 577, 240
    
      66, 67, 509
    
      225, 74, 240
    
      74, 225, 75
    
      66, 74, 76
    
      76, 77, 66
    
      75, 76, 74
    
      75, 281, 76
    
      75, 225, 281
    
      134, 26, 89
    
      134, 99, 26
    
      499, 89, 26
    
      91, 499, 26
    
      257, 483, 508
    
      257, 122, 483
    
      122, 257, 258
    
      483, 122, 294
    
      258, 257, 264
    
      263, 264, 257
    
      614, 519, 199
    
      463, 234, 458
    
      49, 16, 93
    
      412, 498, 560
    
      317, 95, 615
    
      454, 453, 288
    
      454, 287, 453
    
      413, 453, 287
    
      368, 244, 253
    
      322, 368, 253
    
      322, 253, 420
    
      420, 451, 322
    
      581, 582, 548
    
      557, 416, 397
    
      316, 235, 178
    
      236, 235, 316
    
      316, 178, 196
    
      593, 81, 43
    
      110, 58, 173
    
      209, 315, 70
    
      489, 101, 103
    
      521, 7, 148
    
      148, 522, 521
    
      234, 374, 458
    
      576, 67, 66
    
      240, 36, 65
    
      87, 23, 548
    
      296, 548, 23
    
      582, 87, 548
    
      57, 106, 419
    
      57, 419, 58
    
      331, 58, 419
    
      58, 331, 173
    
      589, 527, 180
    
      356, 180, 527
    
      110, 589, 180
    
      589, 110, 45
    
      506, 234, 530
    
      530, 234, 463
    
      506, 530, 358
    
      93, 16, 261
    
      298, 261, 16
    
      261, 585, 93
    
      559, 93, 585
    
      560, 559, 585
    
      68, 94, 584
    
      94, 287, 584
    
      584, 287, 454
    
      454, 554, 584
    
      554, 454, 369
    
      31, 229, 37
    
      37, 38, 31
    
      30, 229, 31
    
      503, 399, 442
    
      503, 442, 274
    
      377, 503, 274
    
      274, 492, 377
    
      492, 493, 377
    
      553, 97, 409
    
      535, 97, 553
    
      288, 178, 184
    
      178, 288, 453
    
      181, 619, 29
    
      619, 181, 461
    
      181, 595, 461
    
      154, 69, 68
    
      93, 371, 49
    
      371, 93, 559
    
      559, 560, 371
    
      498, 371, 560
    
      254, 553, 409
    
      41, 544, 171
    
      82, 41, 171
    
      102, 397, 368
    
      175, 526, 50
    
      458, 374, 170
    
      100, 397, 102
    
      604, 425, 429
    
      199, 569, 614
    
      183, 65, 168
    
      43, 169, 593
    
      521, 522, 339
    
      477, 221, 303
    
      434, 221, 143
    
      267, 266, 282
    
      152, 266, 267
    
      242, 267, 282
    
      242, 282, 572
    
      558, 412, 560
    
      246, 525, 373
    
      81, 246, 43
    
      65, 36, 168
    
      617, 9, 149
    
      521, 8, 7
    
      102, 103, 100
    
      0, 493, 237
    
      492, 237, 493
    
      493, 0, 490
    
      567, 477, 262
    
      85, 434, 435
    
      605, 429, 425
    
      8, 521, 223
    
      169, 152, 593
    
      94, 413, 287
    
      558, 413, 94
    
      373, 525, 247
    
      567, 247, 525
    
      8, 223, 523
    
      67, 278, 509
    
      8, 523, 7
   
    
      0.0596100006104
      0.0824700012207
      0.0488999938965
    
      -0.0584300003052
      0.00486100006104
      0.0633000030518
    
      -0.0545999984741
      -0.0846699981689
      0.0441000061035
    
      -0.0422000007629
      0.0584000015259
      0.0628999938965
    
      0.06775
      -0.0310900001526
      0.0498999938965
    
      0.0667200012207
      -0.0345499992371
      0.0491000061035
    
      0.0660400009155
      0.00859599971771
      0.0606999969482
    
      -0.0449900016785
      0.0444900016785
      0.0638999938965
    
      -0.0454000015259
      0.0450299987793
      0.0638000030518
    
      0.0661399993896
      0.00501700019836
      0.0605
    
      0.0658199996948
      0.001875
      0.061
    
      0.0582400016785
      -0.0711299972534
      0.0453000030518
    
      0.0677300033569
      0.0566899986267
      0.0586999969482
    
      0.0675899963379
      0.0658700027466
      0.0565
    
      0.0350900001526
      -0.0879899978638
      0.0125
    
      0.0459000015259
      0.0763000030518
      0.00980000305176
    
      -0.03975
      0.0923899993896
      0.0483000030518
    
      -0.0300100002289
      0.0911800003052
      0.057
    
      -0.0305900001526
      0.0928899993896
      0.0493999938965
    
      -0.03325
      0.0928099975586
      0.0516000061035
    
      -0.02075
      0.0922200012207
      0.0498999938965
    
      -0.00519000005722
      0.0877099990845
      0.0603000030518
    
      0.0348699989319
      0.0908899993896
      0.0511999969482
    
      0.0335099983215
      0.0885299987793
      0.0585
    
      -0.0656299972534
      -0.0522000007629
      0.0643999938965
    
      0.0242999992371
      0.0705400009155
      0.00139999389648
    
      -0.0535800018311
      0.0666999969482
      0.00689999389648
    
      -0.0694499969482
      0.0480900001526
      0.0541000061035
    
      0.0632700004578
      -0.0726399993896
      0.0606000061035
    
      0.0341899986267
      -0.0978600006104
      0.0511999969482
    
      0.0370299987793
      -0.0948199996948
      0.0631000061035
    
      0.0432099990845
      -0.0900800018311
      0.0633999938965
    
      0.0660400009155
      0.0498300018311
      0.0608999938965
    
      0.0651200027466
      0.0275499992371
      0.0613999938965
    
      0.0604900016785
      0.0718799972534
      0.0611999969482
    
      -0.0220200004578
      0.0875800018311
      0.0606999969482
    
      0.0512900009155
      -0.0943700027466
      0.0518000030518
    
      0.0474399986267
      -0.0940599975586
      0.0598999938965
    
      0.0478600006104
      -0.0901800003052
      0.0633999938965
    
      0.0245400009155
      -0.0641399993896
      0.00189999389648
    
      0.0405299987793
      -0.0780999984741
      0.00419999694824
    
      -0.0577799987793
      -0.0741800003052
      0.0108000030518
    
      -0.0512999992371
      -0.0663899993896
      0.00369999694824
    
      -0.0606199989319
      -0.0895400009155
      0.0533999938965
    
      -0.0597099990845
      -0.0744400024414
      0.0181999969482
    
      -0.0555499992371
      -0.0909599990845
      0.0593999938965
    
      -0.0359500007629
      0.0755899963379
      0.00319999694824
    
      -0.0414099998474
      0.0811200027466
      0.0168000030518
    
      -0.0430400009155
      0.0846100006104
      0.0423999938965
    
      -0.0466500015259
      0.0916900024414
      0.0506000061035
    
      -0.0423899993896
      0.0906200027466
      0.0568000030518
    
      -0.0476899986267
      0.082
      0.0616000061035
    
      -0.0072389998436
      0.0714499969482
      0.0015
    
      -0.0144799995422
      0.0753000030518
      0.00289999389648
    
      -0.0658000030518
      0.0663199996948
      0.0591999969482
    
      0.0565400009155
      0.0673899993896
      0.0148999938965
    
      -0.0475099983215
      0.0412000007629
      0.00119999694824
    
      -0.0640500030518
      -0.0774800033569
      0.0636999969482
    
      -0.0607400016785
      -0.0839400024414
      0.0628000030518
    
      0.0338699989319
      -0.0895100021362
      0.0238999938965
    
      0.0395699996948
      -0.0879400024414
      0.0178000030518
    
      0.0415600013733
      -0.0908399963379
      0.0456000061035
    
      -0.0312600002289
      0.0737699966431
      0.0621000061035
    
      -0.02325
      0.0605099983215
      0.0631999969482
    
      0.0443199996948
      -0.0865299987793
      0.022
    
      0.0495499992371
      -0.0939599990845
      0.0511000061035
    
      0.0585200004578
      -0.0843300018311
      0.0603999938965
    
      0.0559399986267
      -0.0855199966431
      0.063
    
      -0.0616100006104
      0.0769800033569
      0.0588000030518
    
      -0.0576300010681
      0.0751100006104
      0.0616000061035
    
      -0.0576699981689
      0.0159899997711
      0.0045
    
      -0.0274200000763
      -0.0780500030518
      0.00360000610352
    
      0.0503899993896
      -0.0785599975586
      0.0121999969482
    
      0.0496300010681
      -0.0748199996948
      0.00819999694824
    
      0.0602700004578
      -0.0857900009155
      0.0533000030518
    
      0.0622400016785
      -0.083
      0.0518000030518
    
      0.0635900001526
      -0.0795100021362
      0.0546999969482
    
      0.0628899993896
      -0.0770500030518
      0.0591999969482
    
      0.0464099998474
      0.0216599998474
      0.00110000610352
    
      0.0587599983215
      0.0570200004578
      0.0131999969482
    
      0.0639000015259
      0.0733799972534
      0.0576000061035
    
      -0.0583800010681
      -0.0894899978638
      0.0513999938965
    
      -0.0526699981689
      -0.0795899963379
      0.01
    
      0.0484000015259
      0.0741100006104
      0.0618000030518
    
      -0.0125399999619
      -0.0975599975586
      0.051
    
      -0.0257199993134
      -0.0975800018311
      0.0513000030518
    
      0.0372299995422
      0.0818099975586
      0.0361000061035
    
      0.0458199996948
      0.0884700012207
      0.0558000030518
    
      -0.0346399993896
      0.0627299995422
      0.000100006103516
    
      -0.0494199981689
      0.0613699989319
      0.00210000610352
    
      -0.0528499984741
      0.0727399978638
      0.0133000030518
    
      -0.0507099990845
      0.0730299987793
      0.00839999389648
    
      -0.0555600013733
      0.0770199966431
      0.0441000061035
    
      -0.0473499984741
      0.0901800003052
      0.048
    
      -0.0635200004578
      0.0787799987793
      0.0506000061035
    
      0.0650599975586
      0.0255100002289
      0.0458000030518
    
      0.0574799995422
      0.0436399993896
      0.00689999389648
    
      0.0497900009155
      0.0641900024414
      0.0025
    
      -0.0578600006104
      0.0546599998474
      0.0135
    
      -0.0563300018311
      0.0587799987793
      0.00819999694824
    
      0.0658600006104
      0.0743300018311
      0.0505
    
      0.0630400009155
      0.0786399993896
      0.0488999938965
    
      0.0635499992371
      0.0760999984741
      0.0483999938965
    
      0.0628600006104
      0.0782799987793
      0.0485
    
      0.058
      0.0640400009155
      0.0156000061035
    
      -0.0625400009155
      -0.0690500030518
      0.0646000061035
    
      -0.0674599990845
      -0.0688300018311
      0.0635
    
      0.0543600006104
      0.0777799987793
      0.0461000061035
    
      0.0611599998474
      -0.0677099990845
      0.0631000061035
    
      0.0618100013733
      -0.0558100013733
      0.0626000061035
    
      -0.0539500007629
      -0.0895400009155
      0.0628999938965
    
      -0.0704499969482
      -0.0496699981689
      0.0608999938965
    
      -0.0728000030518
      -0.0656999969482
      0.0518999938965
    
      -0.0711399993896
      -0.0582799987793
      0.0508999938965
    
      -0.0686999969482
      0.00428599977493
      0.0503999938965
    
      -0.0665199966431
      0.0349300003052
      0.0473000030518
    
      -0.0663799972534
      -0.00848799991608
      0.0481999969482
    
      -0.0572999992371
      -0.0478300018311
      0.00580000305176
    
      -0.0537099990845
      -0.0451399993896
      0.00339999389648
    
      0.0479799995422
      -0.0554599990845
      0.00380000305176
    
      0.0627400016785
      -0.0310900001526
      0.0463999938965
    
      0.0640299987793
      -0.0715699996948
      0.0503000030518
    
      0.0657699966431
      -0.0608100013733
      0.0498000030518
    
      0.0666999969482
      -0.0592700004578
      0.0501999969482
    
      -0.0601300010681
      0.0189300003052
      0.063
    
      -0.0604000015259
      0.0628499984741
      0.062
    
      -0.0617000007629
      0.0344199981689
      0.0626999969482
    
      0.0297299995422
      -0.0809700012207
      0.00410000610352
    
      0.0364199981689
      -0.0828300018311
      0.00560000610352
    
      0.0425
      -0.0839599990845
      0.00939999389648
    
      0.0366500015259
      0.0723399963379
      0.00260000610352
    
      0.0194699993134
      0.0769899978638
      0.00469999694824
    
      0.0395499992371
      0.0781100006104
      0.0103999938965
    
      -0.0581599998474
      0.0398199996948
      0.00919999694824
    
      -0.0545
      0.0498100013733
      0.00419999694824
    
      -0.0616699981689
      0.0577200012207
      0.0413000030518
    
      -0.0652099990845
      -0.00430100011826
      0.0633000030518
    
      -0.0691399993896
      -0.04125
      0.0626999969482
    
      0.0625099983215
      -0.0670100021362
      0.0625
    
      -0.0226299991608
      0.07975
      0.00669999694824
    
      -0.0298999996185
      -0.0858300018311
      0.0143999938965
    
      -0.0469700012207
      -0.0828899993896
      0.0101999969482
    
      -0.0270699996948
      -0.0908600006104
      0.0483000030518
    
      -0.0368699989319
      -0.0966600036621
      0.0513000030518
    
      -0.0215900001526
      -0.0969599990845
      0.0576999969482
    
      -0.0199200000763
      -0.0894800033569
      0.0643000030518
    
      -0.0204400005341
      -0.0616100006104
      0.0656999969482
    
      0.0675400009155
      -0.0375
      0.05
    
      -0.0454500007629
      0.0464799995422
      0.0638999938965
    
      0.0661500015259
      0.00364100003242
      0.0603999938965
    
      -0.0711500015259
      -0.0716100006104
      0.0513999938965
    
      -0.06925
      -0.0802099990845
      0.0523000030518
    
      -0.06875
      -0.0805899963379
      0.0518999938965
    
      0.0675500030518
      -0.0456500015259
      0.0503999938965
    
      -0.0632999992371
      0.0659199981689
      0.0613999938965
    
      -0.0700400009155
      -0.00742199993134
      0.0581000061035
    
      -0.0150600004196
      0.0897399978638
      0.0586000061035
    
      -0.0115799999237
      -0.0928199996948
      0.0633000030518
    
      -0.0619199981689
      0.0621899986267
      0.0453000030518
    
      -0.0712399978638
      -0.0335699996948
      0.0523999938965
    
      -0.0720899963379
      -0.05425
      0.0513000030518
    
      0.0315499992371
      -0.0893700027466
      0.0638999938965
    
      0.0650299987793
      0.00509100008011
      0.0616999969482
    
      0.0591899986267
      0.00733099985123
      0.0626000061035
    
      0.0511800003052
      0.0284400005341
      0.0628000030518
    
      0.0297999992371
      -0.0864100036621
      0.00819999694824
    
      0.0344000015259
      -0.0989199981689
      0.0545
    
      0.0370999984741
      -0.0991399993896
      0.0518999938965
    
      0.0486699981689
      -0.0961299972534
      0.0531000061035
    
      -0.0659199981689
      -0.0844899978638
      0.0521999969482
    
      -0.0631399993896
      -0.0756100006104
      0.0493000030518
    
      -0.0534099998474
      -0.0742799987793
      0.0065
    
      -0.0396599998474
      -0.0724800033569
      0.00289999389648
    
      -0.0579199981689
      -0.0878300018311
      0.0621000061035
    
      -0.0570400009155
      -0.07925
      0.0218000030518
    
      -0.0432799987793
      0.0875800018311
      0.0608000030518
    
      -0.0500200004578
      0.0814199981689
      0.0421000061035
    
      -0.0513499984741
      0.0813399963379
      0.0455
    
      -0.0614599990845
      0.0712399978638
      0.0481000061035
    
      0.0566100006104
      0.0747699966431
      0.0428999938965
    
      -0.0464300003052
      -0.0919000015259
      0.0631000061035
    
      0.0408199996948
      -0.0937200012207
      0.0506999969482
    
      0.0485800018311
      -0.0886299972534
      0.0506999969482
    
      0.0439799995422
      -0.0981299972534
      0.0523999938965
    
      -0.0679100036621
      0.0602999992371
      0.0483999938965
    
      0.0543400001526
      -0.0696999969482
      0.0171000061035
    
      0.0600699996948
      -0.0741399993896
      0.0506000061035
    
      0.0519700012207
      0.000113499999046
      0.00380000305176
    
      0.0374700012207
      -0.0329300003052
      0.00119999694824
    
      -0.0525299987793
      -0.0865500030518
      0.0465
    
      0.0338499984741
      0.0569900016785
      0.000100006103516
    
      -0.0180300006866
      -0.0978300018311
      0.0516000061035
    
      -0.003117000103
      -0.0980500030518
      0.0515
    
      -0.0423100013733
      0.0783099975586
      0.00730000305176
    
      -0.0357599983215
      0.0804300003052
      0.00860000610352
    
      -0.0559300003052
      0.0867200012207
      0.0508999938965
    
      -0.0577299995422
      0.0776399993896
      0.0476999969482
    
      -0.0616899986267
      0.0815899963379
      0.0498000030518
    
      0.0685100021362
      0.0515200004578
      0.0488000030518
    
      0.0695800018311
      0.0572700004578
      0.0488000030518
    
      0.0591500015259
      0.00727799987793
      0.0126000061035
    
      0.0575499992371
      0.00469899988174
      0.00780000305176
    
      -0.0574099998474
      0.0641100006104
      0.0186999969482
    
      0.065
      0.0649700012207
      0.0601999969482
    
      -0.00431500005722
      -0.0741699981689
      0.0646999969482
    
      -0.072
      -0.0480900001526
      0.056
    
      -0.0707099990845
      -0.0312800006866
      0.059
    
      -0.0729499969482
      -0.0614700012207
      0.0538000030518
    
      -0.0664599990845
      -0.0403100013733
      0.0491000061035
    
      -0.05725
      0.0116400003433
      0.00380000305176
    
      0.0609900016785
      -0.0628499984741
      0.0493999938965
    
      0.0635
      -0.0368600006104
      0.0478000030518
    
      0.0592799987793
      -0.0837300033569
      0.0506000061035
    
      -0.0486699981689
      0.0485099983215
      0.0625
    
      -0.0623100013733
      -0.0048220000267
      0.0635
    
      0.00485599994659
      0.0861600036621
      0.0436000061035
    
      0.0297299995422
      0.0855400009155
      0.046
    
      0.0272900009155
      0.0866100006104
      0.0601000061035
    
      0.00927900028229
      -0.0916999969482
      0.0645
    
      -0.0248799991608
      -0.0819100036621
      0.006
    
      0.00906499958038
      -0.0909400024414
      0.0395
    
      -0.0369000015259
      -0.0971800003052
      0.0518000030518
    
      0.0605800018311
      0.08025
      0.0483000030518
    
      -0.0443100013733
      0.0412900009155
      0.0638000030518
    
      0.0477200012207
      -0.0710699996948
      0.00560000610352
    
      0.0604300003052
      -0.0852300033569
      0.0511999969482
    
      0.0687600021362
      0.0330900001526
      0.0546000061035
    
      0.0235300006866
      0.0839000015259
      0.0611999969482
    
      -0.0676100006104
      0.0332700004578
      0.0593999938965
    
      0.0403699989319
      -0.0963000030518
      0.0603999938965
    
      0.0119200000763
      -0.0972200012207
      0.0595
    
      0.0616699981689
      -0.0346899986267
      0.0626999969482
    
      0.00949499988556
      0.0872300033569
      0.0601999969482
    
      -0.0657099990845
      -0.0838700027466
      0.0558000030518
    
      -0.0535600013733
      -0.0882799987793
      0.0508999938965
    
      -0.0608300018311
      0.0675899963379
      0.0468000030518
    
      -0.0585600013733
      0.0726999969482
      0.0455
    
      0.0558499984741
      0.0856800003052
      0.0488000030518
    
      0.0200400009155
      0.0908600006104
      0.0483000030518
    
      0.0517599983215
      -0.0813499984741
      0.0366999969482
    
      0.0560999984741
      -0.0901399993896
      0.0513000030518
    
      0.0572000007629
      -0.0757600021362
      0.0486000061035
    
      -0.0716999969482
      -0.0735699996948
      0.0518999938965
    
      -0.0621800003052
      -0.0686999969482
      0.0246999969482
    
      0.0626199989319
      0.0658700027466
      0.0473000030518
    
      0.0693099975586
      0.0662900009155
      0.0491999969482
    
      -0.0556500015259
      -0.0929800033569
      0.052
    
      -0.0498400001526
      -0.0956399993896
      0.052
    
      0.0384900016785
      0.0840299987793
      0.045
    
      0.0620499992371
      -0.0346500015259
      0.0455
    
      0.0555499992371
      -0.0106800003052
      0.00689999389648
    
      0.0531899986267
      -0.0545900001526
      0.008
    
      -0.0684000015259
      0.0587700004578
      0.0558000030518
    
      0.0602400016785
      0.0699100036621
      0.0463999938965
    
      0.0533300018311
      0.0718000030518
      0.014
    
      -0.0548100013733
      -0.08525
      0.0641000061035
    
      -0.06725
      -0.0675299987793
      0.0508999938965
    
      0.0649199981689
      -0.0525499992371
      0.0496999969482
    
      0.0665100021362
      -0.0535900001526
      0.0496000061035
    
      0.0235799999237
      0.0849800033569
      0.0438000030518
    
      0.0649599990845
      0.0450900001526
      0.047
    
      -0.0441899986267
      0.0868600006104
      0.0476999969482
    
      -0.0466599998474
      -0.0963099975586
      0.0533000030518
    
      0.0639900016785
      -0.0459000015259
      0.0491000061035
    
      0.0664199981689
      -0.0437599983215
      0.0493000030518
    
      0.0668099975586
      0.00892500019073
      0.0585
    
      -0.0703199996948
      -0.0780699996948
      0.0521000061035
    
      -0.0702200012207
      -0.0769700012207
      0.0518000030518
    
      0.0674000015259
      -0.0203899993896
      0.0495
    
      0.0690899963379
      0.0319099998474
      0.0513000030518
    
      -0.0704499969482
      -0.00225
      0.0543000030518
    
      0.0404199981689
      -0.0989400024414
      0.0518000030518
    
      -0.0401500015259
      0.08575
      0.0451000061035
    
      -0.0434099998474
      -0.0891699981689
      0.0643999938965
    
      0.0519099998474
      0.0870699996948
      0.048
    
      0.00867099952698
      0.0904700012207
      0.0476999969482
    
      0.0549700012207
      -0.0764800033569
      0.0365
    
      0.0548400001526
      -0.0804899978638
      0.0451999969482
    
      0.053
      -0.0874000015259
      0.063
    
      -0.0681200027466
      0.0257700004578
      0.0491000061035
    
      -0.0571800003052
      0.0260100002289
      0.005
    
      0.0633100013733
      -0.0801999969482
      0.0513000030518
    
      -0.07125
      -0.0750400009155
      0.0541000061035
    
      -0.05225
      -0.0841299972534
      0.0343000030518
    
      -0.0206700000763
      -0.0970699996948
      0.0508000030518
    
      0.0491100006104
      0.0894300003052
      0.0483000030518
    
      -0.0493199996948
      0.0825100021362
      0.0445
    
      -0.0654000015259
      0.0747600021362
      0.0493999938965
    
      -0.0674800033569
      0.0661800003052
      0.0486000061035
    
      0.0500800018311
      0.0756800003052
      0.0178000030518
    
      0.0260400009155
      0.0246499996185
      0.0628999938965
    
      -0.0702300033569
      -0.0364099998474
      0.0513000030518
    
      -0.05725
      -0.0225799999237
      0.0045
    
      -0.0538800010681
      -0.033
      0.00310000610352
    
      0.0658099975586
      -0.0665400009155
      0.0501999969482
    
      0.0211800003052
      0.0880800018311
      0.0593000030518
    
      0.0351399993896
      0.0858199996948
      0.0608000030518
    
      -0.0299300003052
      0.0868399963379
      0.0441000061035
    
      -0.0393199996948
      0.0879599990845
      0.0476999969482
    
      -0.0449199981689
      -0.0874300003052
      0.0388000030518
    
      -0.0391199989319
      -0.0899499969482
      0.0481999969482
    
      -0.00840699958801
      -0.0961800003052
      0.0503999938965
    
      -0.0314500007629
      -0.0925199966431
      0.0506000061035
    
      -0.0423199996948
      -0.0971100006104
      0.0521999969482
    
      -0.0315100002289
      -0.0959000015259
      0.0508999938965
    
      -0.0728499984741
      -0.0675699996948
      0.0535
    
      -0.0173500003815
      -0.0980400009155
      0.0531000061035
    
      -0.0403499984741
      -0.0946800003052
      0.051
    
      -0.0690699996948
      0.0294599990845
      0.0503999938965
    
      -0.0536699981689
      0.00446099996567
      0.00260000610352
    
      0.0604799995422
      -0.0540099983215
      0.0468000030518
    
      -0.0645500030518
      0.0606399993896
      0.0478999938965
    
      0.00425299978256
      -0.0977799987793
      0.051
    
      -0.0655
      -0.0125100002289
      0.0633000030518
    
      0.0388899993896
      0.0857799987793
      0.0471000061035
    
      -0.05775
      0.00865699958801
      0.00419999694824
    
      -0.0579900016785
      0.0749100036621
      0.0468999938965
    
      0.0666299972534
      0.00428200006485
      0.0473999938965
    
      0.0616199989319
      0.0169599990845
      0.0331000061035
    
      -0.0404599990845
      -0.0549399986267
      0.002
    
      0.0231700000763
      0.0877799987793
      0.0463999938965
    
      0.0579900016785
      -0.0628899993896
      0.0411999969482
    
      0.0592900009155
      0.0731600036621
      0.0473000030518
    
      -0.0690500030518
      0.0357000007629
      0.0563999938965
    
      -0.0696200027466
      -0.0317700004578
      0.0611999969482
    
      0.0452400016785
      -0.0899499969482
      0.0496000061035
    
      0.0395999984741
      -0.0894599990845
      0.0366000061035
    
      -0.0695
      0.0537599983215
      0.0495
    
      0.0649300003052
      0.0171700000763
      0.0611999969482
    
      -0.0561500015259
      -0.0816999969482
      0.0386999969482
    
      0.0677699966431
      0.0418899993896
      0.0488000030518
    
      -0.0616399993896
      -0.0857300033569
      0.0605
    
      -0.0655699996948
      -0.0676999969482
      0.0486999969482
    
      -0.0680800018311
      -0.0230200004578
      0.0621999969482
    
      0.0672300033569
      -0.0481300010681
      0.0498000030518
    
      0.0569399986267
      0.0201800003052
      0.00660000610352
    
      -0.0649199981689
      -0.0284899997711
      0.0636000061035
    
      0.0676500015259
      -0.0281800003052
      0.0503000030518
    
      0.0571500015259
      -0.0290599994659
      0.0171999969482
    
      -0.0447599983215
      0.0515900001526
      0.0635
    
      0.0497599983215
      0.0783700027466
      0.0341000061035
    
      0.0654499969482
      0.0389000015259
      0.0611000061035
    
      0.0582400016785
      0.0276200008392
      0.00789999389648
    
      -0.0668000030518
      0.0525699996948
      0.0598999938965
    
      0.0696800003052
      0.0451599998474
      0.0521000061035
    
      -0.0654300003052
      0.00888700008392
      0.0625
    
      -0.0467700004578
      0.0838300018311
      0.0458000030518
    
      0.0664899978638
      -0.0138999996185
      0.0481999969482
    
      -0.0076139998436
      0.0852099990845
      0.0383999938965
    
      -0.0527999992371
      0.0199400005341
      0.063
    
      -0.0715599975586
      -0.0450900001526
      0.0518000030518
    
      -0.0648000030518
      0.0205300006866
      0.0441999969482
    
      -0.0644400024414
      -0.0205799999237
      0.0425
    
      -0.0504500007629
      0.0788899993896
      0.0346000061035
    
      0.0683300018311
      0.0126599998474
      0.053
    
      -0.0663199996948
      -0.00626599979401
      0.0628999938965
    
      -0.0346100006104
      -0.0925800018311
      0.0633000030518
    
      -0.00400600004196
      -0.0938899993896
      0.0496000061035
    
      -0.0398199996948
      -0.0901800003052
      0.05
    
      0.0637799987793
      -0.0454300003052
      0.0606999969482
    
      0.0103299999237
      0.0875800018311
      0.0453000030518
    
      0.0217099990845
      -0.0883499984741
      0.0148000030518
    
      -0.0616800003052
      0.0215200004578
      0.063
    
      -0.0644599990845
      -0.0550200004578
      0.0418999938965
    
      -0.0695599975586
      0.010720000267
      0.0518999938965
    
      0.0403499984741
      0.0113699998856
      0.0631000061035
    
      0.0483699989319
      -0.0527000007629
      0.0635
    
      0.0509500007629
      0.0803199996948
      0.0461000061035
    
      0.0619000015259
      0.0712600021362
      0.0478999938965
    
      -0.0693300018311
      0.0624599990845
      0.0493999938965
    
      -0.0635600013733
      0.0577999992371
      0.047
    
      -0.0522200012207
      0.0892699966431
      0.0496999969482
    
      -0.00421500015259
      -0.0977900009155
      0.0511000061035
    
      -0.0518800010681
      -0.0944899978638
      0.0538999938965
    
      -0.0600299987793
      -0.0825500030518
      0.0508000030518
    
      0.0113699998856
      0.0911800003052
      0.0516999969482
    
      -0.0415900001526
      -0.0775500030518
      0.0648000030518
    
      0.0569099998474
      0.0789800033569
      0.0478000030518
    
      -0.0575099983215
      0.0703600006104
      0.0366000061035
    
      0.0332400016785
      -0.0950100021362
      0.05
    
      -0.0697399978638
      0.0295900001526
      0.0531000061035
    
      -0.0633899993896
      0.0256499996185
      0.0626000061035
    
      -0.0600999984741
      0.00698000001907
      0.0633000030518
    
      -0.0682699966431
      -0.00108200001717
      0.0608999938965
    
      -0.0313999996185
      0.0829100036621
      0.0613000030518
    
      0.0677200012207
      -0.0116400003433
      0.0518999938965
    
      0.0590800018311
      -0.068
      0.0478999938965
    
      0.0564799995422
      -0.0651100006104
      0.032
    
      0.00902799987793
      0.0842399978638
      0.0611999969482
    
      -0.00879899978638
      0.0757799987793
      0.0623999938965
    
      -0.0384900016785
      -0.0970699996948
      0.054
    
      -0.0328899993896
      -0.0907399978638
      0.0496000061035
    
      -0.00608199977875
      -0.0922399978638
      0.0478999938965
    
      -0.0394599990845
      -0.0806299972534
      0.006
    
      -0.00503000020981
      0.0797099990845
      0.008
    
      -0.0685
      -0.0565499992371
      0.0628000030518
    
      0.0635400009155
      0.0429599990845
      0.0438000030518
    
      0.0678000030518
      0.0691200027466
      0.0488000030518
    
      0.00459899997711
      -0.0846900024414
      0.0648000030518
    
      0.0475499992371
      0.0830800018311
      0.047
    
      0.0168799991608
      0.0848000030518
      0.0421999969482
    
      0.0159200000763
      0.0746900024414
      0.003
    
      -0.0596599998474
      0.0461199989319
      0.0623999938965
    
      -0.0578600006104
      0.0127700004578
      0.0631000061035
    
      -0.0456100006104
      0.0381199989319
      0.0633000030518
    
      0.0649899978638
      -0.0736900024414
      0.0506000061035
    
      -0.0681699981689
      -0.0493400001526
      0.0505
    
      -0.0688399963379
      -0.0240300006866
      0.0506999969482
    
      0.0620999984741
      -0.0716699981689
      0.0626000061035
    
      0.0469799995422
      0.0712900009155
      0.00430000305176
    
      0.0549000015259
      -0.0284799995422
      0.008
    
      0.0630800018311
      0.0026210000515
      0.0401999969482
    
      -0.0594599990845
      0.0838700027466
      0.0506999969482
    
      -0.0628699989319
      0.0787699966431
      0.0491000061035
    
      -0.00868000030518
      0.0916699981689
      0.0496000061035
    
      -0.0246299991608
      0.0916600036621
      0.0481999969482
    
      0.0650899963379
      0.0592200012207
      0.048
    
      0.0499599990845
      -0.0864300003052
      0.0478999938965
    
      0.0544700012207
      -0.0824300003052
      0.0503999938965
    
      -0.0673499984741
      -0.0781900024414
      0.0608999938965
    
      0.05775
      0.0738099975586
      0.0458999938965
    
      -0.0428800010681
      -0.0753300018311
      0.00380000305176
    
      -0.0610200004578
      -0.0760899963379
      0.0373999938965
    
      0.0507200012207
      -0.0843399963379
      0.0635
    
      0.0634199981689
      0.0518899993896
      0.0615
    
      0.0666399993896
      0.0312700004578
      0.0601000061035
    
      0.0248999996185
      -0.0990500030518
      0.0528000030518
    
      0.0251700000763
      -0.0977200012207
      0.0508999938965
    
      -0.0716500015259
      -0.0351199989319
      0.0541000061035
    
      0.0674800033569
      0.0363400001526
      0.0591000061035
    
      0.0652699966431
      -0.0507900009155
      0.0578000030518
    
      -0.00628200006485
      -0.0947099990845
      0.0621999969482
    
      0.0176200008392
      0.0899400024414
      0.0558999938965
    
      -0.0639300003052
      0.0600400009155
      0.0616000061035
    
      -0.0306499996185
      -0.0973099975586
      0.0516999969482
    
      -0.0287000007629
      -0.0969000015259
      0.0511000061035
    
      0.00524800014496
      -0.0942200012207
      0.0488999938965
    
      -0.0178999996185
      -0.0930400009155
      0.0501999969482
    
      -0.0655500030518
      0.0500600013733
      0.0473999938965
    
      -0.0638499984741
      0.0461399993896
      0.0446999969482
    
      -0.0615800018311
      0.0355400009155
      0.0311999969482
    
      0.0347700004578
      0.0909800033569
      0.0481999969482
    
      0.0473899993896
      0.0885199966431
      0.0478000030518
    
      0.0384500007629
      0.0895199966431
      0.0475
    
      -0.0627000007629
      0.0170599994659
      0.063
    
      -0.0610800018311
      0.0580200004578
      0.0621000061035
    
      -0.0440600013733
      -0.0400800018311
      0.0655
    
      -0.0465400009155
      0.0660299987793
      0.0618999938965
    
      -0.0583400001526
      -0.0194699993134
      0.00530000305176
    
      -0.0606800003052
      -0.00360299992561
      0.0123999938965
    
      0.0311700000763
      0.0172800006866
      0.0633000030518
    
      0.0565099983215
      0.0764899978638
      0.047
    
      0.0593300018311
      0.0658899993896
      0.0341999969482
    
      -0.0643199996948
      0.0734199981689
      0.0486000061035
    
      -0.06825
      0.0680100021362
      0.0496000061035
    
      0.0680299987793
      0.00666900014877
      0.0503000030518
    
      -0.0615200004578
      0.0813000030518
      0.0513999938965
    
      0.00957100009918
      -0.0838099975586
      0.00660000610352
    
      -0.0586300010681
      -0.0818899993896
      0.0483999938965
    
      -0.0555800018311
      0.0261200008392
      0.00389999389648
    
      0.055
      -0.0809400024414
      0.0633999938965
    
      0.0434000015259
      -0.0963099975586
      0.051
    
      0.0475200004578
      -0.0857300033569
      0.0386000061035
    
      -0.0539599990845
      -0.0857399978638
      0.0491999969482
    
      -0.0641500015259
      -0.0780699996948
      0.0511000061035
    
      0.0340999984741
      -0.0974400024414
      0.0598000030518
    
      -0.0708899993896
      -0.0204200000763
      0.0531999969482
    
      -0.0590800018311
      0.0224799995422
      0.00860000610352
    
      -0.00726800012589
      0.0911800003052
      0.0548999938965
    
      -0.0150600004196
      0.0864899978638
      0.0606000061035
    
      -0.0676500015259
      -0.00901200008392
      0.0621999969482
    
      -0.0699899978638
      0.0162399997711
      0.0561999969482
    
      0.0574799995422
      -0.00941499996185
      0.00980000305176
    
      0.0647399978638
      0.000246500000358
      0.0613999938965
    
      0.0670299987793
      0.0214899997711
      0.0586999969482
    
      0.0180599994659
      0.0859199981689
      0.0608999938965
    
      -0.0243799991608
      -0.0766600036621
      0.0655
    
      -0.0431899986267
      -0.0964599990845
      0.0516000061035
    
      -0.0138500003815
      -0.0921500015259
      0.0493999938965
    
      -0.0246200008392
      -0.0918199996948
      0.0498999938965
    
      -0.0219200000763
      0.0162299995422
      0.0
    
      0.00408599996567
      -0.0935299987793
      0.0635
    
      0.0103199996948
      0.07775
      0.00560000610352
    
      0.0643000030518
      -0.0659100036621
      0.0501000061035
    
      0.0647099990845
      -0.00717500019073
      0.0451999969482
    
      -0.0486100006104
      -0.0267099990845
      0.00180000305176
    
      -0.0577000007629
      -0.00617199993134
      0.00410000610352
    
      0.0447700004578
      0.0828499984741
      0.0451999969482
    
      0.0611100006104
      0.0530299987793
      0.0343999938965
    
      0.0616199989319
      0.0801900024414
      0.0488000030518
    
      0.0604500007629
      0.0815100021362
      0.0485
    
      0.0614500007629
      0.0802300033569
      0.051
    
      0.0564199981689
      0.0842200012207
      0.0481999969482
    
      0.0586399993896
      0.0826399993896
      0.0483000030518
    
      -0.0696600036621
      0.0551199989319
      0.0516000061035
    
      -0.0600900001526
      0.0589000015259
      0.0358999938965
    
      0.0596399993896
      0.0355999984741
      0.0141999969482
    
      0.0571100006104
      0.0304400005341
      0.00619999694824
    
      -0.0555900001526
      0.0869899978638
      0.049
    
      -0.0469199981689
      0.0722900009155
      0.00419999694824
    
      -0.0490499992371
      0.0826299972534
      0.0433999938965
    
      -0.0419199981689
      0.0832699966431
      0.0361000061035
    
      0.0459099998474
      0.0903300018311
      0.049
    
      0.0522900009155
      0.0816999969482
      0.0473999938965
    
      0.0113299999237
      -0.0979000015259
      0.0508000030518
    
      0.0363800010681
      0.0828399963379
      0.0611999969482
    
      -0.0441500015259
      -0.0910599975586
      0.0506999969482
    
      0.0632599983215
      0.0567599983215
      0.0451999969482
    
      0.0621800003052
      -0.0633499984741
      0.0501000061035
    
      0.0552299995422
      -0.0879599990845
      0.0608000030518
    
      0.0154600000381
      0.0910500030518
      0.0493000030518
    
      0.0544500007629
      0.0738099975586
      0.0325
    
      0.0670699996948
      -0.0539500007629
      0.05
    
      -0.0547200012207
      0.07925
      0.0468999938965
    
      -0.0398300018311
      0.0862699966431
      0.0463000030518
    
      0.00953400039673
      -0.0964499969482
      0.05
    
      0.0100600004196
      -0.0985299987793
      0.0518000030518
    
      0.0677699966431
      0.0443199996948
      0.0585
    
      0.0698199996948
      0.0627900009155
      0.0511000061035
    
      0.0697600021362
      0.0487700004578
      0.0498999938965
    
      -0.0690599975586
      -0.0800100021362
      0.0536999969482
    
      -0.0456800003052
      0.0463400001526
      0.0636000061035
    
      -0.0447200012207
      0.0452099990845
      0.0638999938965
    
      -0.0444300003052
      0.0421699981689
      0.0638999938965
    
      0.0570800018311
      -0.009
      0.0628000030518
    
      -0.0503600006104
      -0.0947399978638
      0.0515
    
      -0.0357900009155
      0.0892600021362
      0.0596999969482
    
      -0.0352900009155
      -0.0951100006104
      0.0606000061035
    
      -0.0245
      -0.0978499984741
      0.0518999938965
    
      -0.0131700000763
      -0.0933499984741
      0.0501000061035
    
      -0.0477900009155
      -0.0886200027466
      0.0491000061035
    
      -0.0247099990845
      -0.0930899963379
      0.0505
    
      -0.0243799991608
      -0.0898199996948
      0.0413000030518
    
      -0.0198299999237
      0.0825699996948
      0.0158000030518
    
      0.0639599990845
      -0.06475
      0.0605
    
      0.0541300010681
      0.0590099983215
      0.00439999389648
    
      0.0229799995422
      0.0897699966431
      0.0471999969482
    
      0.0177700004578
      0.0798199996948
      0.012
    
      0.0277800006866
      -0.0928499984741
      0.0463000030518
    
      0.037
      -0.0925400009155
      0.0483999938965
    
      -0.0643199996948
      0.0345
      0.062
    
      0.0669000015259
      -0.0578100013733
      0.0526000061035
    
      0.0659400024414
      -0.0708799972534
      0.053
    
      0.0639700012207
      -0.0244599990845
      0.0466000061035
    
      -0.0575099983215
      -0.0678399963379
      0.00760000610352
    
      -0.0611300010681
      -0.0596100006104
      0.0133999938965
    
      -0.0706399993896
      -0.0478300018311
      0.051
    
      -0.0709400024414
      -0.0669300003052
      0.0595
    
      0.0461100006104
      0.0855199966431
      0.0601999969482
    
      0.0503699989319
      0.0141099996567
      0.0625
    
      0.0434199981689
      0.0789000015259
      0.0193000030518
    
      0.0490400009155
      0.0812399978638
      0.0445
    
      0.0549900016785
      0.0858199996948
      0.0516999969482
    
      0.0548899993896
      0.0658000030518
      0.0075
    
      -0.0690500030518
      0.0645299987793
      0.0511999969482
    
      0.0494000015259
      0.0506300010681
      0.00160000610352
    
      0.0617099990845
      -0.0192099990845
      0.0398000030518
    
      0.0689700012207
      0.0640800018311
      0.0486999969482
    
      -0.0613699989319
      0.0814199981689
      0.0491999969482
    
      -0.0514099998474
      0.0882799987793
      0.0481000061035
    
      -0.0558600006104
      0.0849300003052
      0.0483999938965
    
      -0.0478199996948
      0.0762699966431
      0.00969999694824
    
      -0.0507700004578
      0.08175
      0.0436999969482
    
      -0.0125100002289
      0.0896100006104
      0.0468000030518
    
      0.05125
      0.0887099990845
      0.0498999938965
    
      -0.052
      -0.0826600036621
      0.0168000030518
    
      -0.0472000007629
      -0.0853300018311
      0.0198999938965
    
      -0.0479799995422
      -0.096
      0.0518000030518
    
      -0.0545699996948
      -0.04475
      0.0641999969482
    
      0.0700899963379
      0.0631300010681
      0.0493999938965
    
      0.0539500007629
      0.0429399986267
      0.00389999389648
    
      0.0520600013733
      -0.0360600013733
      0.00530000305176
    
      -0.0725
      -0.0708000030518
      0.053
    
      -0.00688000011444
      -0.0774100036621
      0.00319999694824
    
      -0.068
      0.0519700012207
      0.0483000030518
    
      -0.0692699966431
      0.0434900016785
      0.0495
    
      0.0589799995422
      -0.0786299972534
      0.0631999969482
    
      0.0542000007629
      -0.0917600021362
      0.0543999938965
    
      0.0500900001526
      -0.08125
      0.0201000061035
    
      0.0422099990845
      -0.0911200027466
      0.0488999938965
    
      -0.00379800009727
      0.0776100006104
      0.00489999389648
    
      0.0561500015259
      0.0813899993896
      0.0588000030518
    
      0.0510400009155
      0.0858899993896
      0.058
    
      -0.0427599983215
      -0.0654400024414
      0.0658999938965
    
      -0.0669400024414
      0.0711299972534
      0.0526000061035
    
      -0.0503199996948
      0.0843899993896
      0.0473999938965
    
      -0.0528899993896
      0.0793499984741
      0.0426999969482
    
      -0.05025
      0.0767099990845
      0.0178000030518
    
      -0.0522900009155
      0.0864700012207
      0.0578000030518
    
      -0.0499500007629
      -0.0933399963379
      0.0601000061035
    
      -0.0481500015259
      -0.0769700012207
      0.00539999389648
    
      -0.0630299987793
      -0.0703399963379
      0.0368000030518
    
      -0.0614700012207
      -0.0782900009155
      0.0451999969482
    
      -0.0646900024414
      -0.0835400009155
      0.0515
    
      0.0424000015259
      -0.0694899978638
      0.00280000305176
    
      0.0449599990845
      -0.0920999984741
      0.0508000030518
    
      0.0406300010681
      -0.0985400009155
      0.0546000061035
    
      0.0234599990845
      -0.0952600021362
      0.0628999938965
    
      0.00950500011444
      -0.0985
      0.0558000030518
    
      -0.0699899978638
      -0.0115699996948
      0.0518999938965
    
      -0.0704800033569
      -0.0247800006866
      0.0521000061035
    
      -0.0723300018311
      -0.0525099983215
      0.0521999969482
    
      -0.071
      -0.0206299991608
      0.0558000030518
    
      0.0691800003052
      0.0664800033569
      0.0503999938965
    
      0.0669499969482
      0.0384900016785
      0.0601999969482
    
      0.0673300018311
      0.0341399993896
      0.0596000061035
    
      0.0674700012207
      0.0322799987793
      0.0588999938965
    
      -0.0648199996948
      0.0500499992371
      0.0616999969482
    
      0.0056779999733
      0.0897600021362
      0.0576999969482
    
      -0.0143800001144
      0.0919700012207
      0.0511999969482
    
      -0.0412000007629
      0.09275
      0.0515
    
      0.0355999984741
      0.0764400024414
      0.006
    
      -0.0670500030518
      -0.0185599994659
      0.0628999938965
    
      0.0674899978638
      -0.0334300003052
      0.0528000030518
    
      0.0701100006104
      0.0565200004578
      0.0515
    
      0.0679800033569
      0.0229899997711
      0.049
    
      0.0667900009155
      -0.0270100002289
      0.0491000061035
    
      0.0660699996948
      -0.000146300002933
      0.06
    
      -0.0284599990845
      0.0228199996948
      0.0641999969482
    
      0.0394700012207
      -0.0982399978638
      0.0511999969482
    
      0.0656600036621
      -0.0218500003815
      0.0593000030518
