
  
 
   
    
      161, 250, 495
    
      495, 250, 59
    
      495, 195, 161
    
      250, 156, 59
    
      235, 156, 250
    
      156, 52, 59
    
      525, 59, 52
    
      59, 184, 495
    
      525, 56, 59
    
      59, 56, 184
    
      495, 184, 137
    
      195, 495, 321
    
      321, 495, 137
    
      331, 184, 56
    
      331, 137, 184
    
      56, 525, 240
    
      169, 195, 321
    
      161, 515, 250
    
      515, 161, 330
    
      56, 240, 69
    
      56, 69, 331
    
      321, 137, 424
    
      424, 331, 69
    
      321, 424, 288
    
      137, 331, 424
    
      288, 424, 20
    
      523, 69, 240
    
      370, 69, 523
    
      76, 424, 69
    
      424, 15, 20
    
      509, 69, 370
    
      69, 509, 76
    
      76, 75, 424
    
      75, 15, 424
    
      75, 76, 283
    
      75, 385, 15
    
      127, 76, 509
    
      76, 127, 283
    
      433, 385, 75
    
      75, 283, 433
    
      135, 127, 509
    
      283, 127, 332
    
      283, 332, 433
    
      332, 127, 511
    
      127, 135, 511
    
      459, 385, 433
    
      459, 433, 332
    
      37, 385, 459
    
      459, 284, 37
    
      459, 332, 284
    
      284, 332, 70
    
      511, 70, 332
    
      135, 70, 511
    
      296, 43, 432
    
      43, 365, 432
    
      43, 364, 365
    
      18, 365, 364
    
      365, 18, 225
    
      17, 18, 364
    
      17, 225, 18
    
      365, 473, 432
    
      364, 458, 17
    
      423, 17, 458
    
      423, 7, 17
    
      369, 473, 365
    
      225, 369, 365
    
      423, 228, 7
    
      296, 432, 320
    
      237, 296, 320
    
      432, 341, 320
    
      523, 237, 320
    
      370, 320, 341
    
      523, 320, 370
    
      423, 542, 228
    
      25, 228, 542
    
      7, 228, 377
    
      7, 377, 369
    
      25, 377, 228
    
      237, 236, 296
    
      473, 267, 432
    
      369, 267, 473
    
      267, 369, 377
    
      267, 377, 553
    
      25, 553, 377
    
      551, 432, 267
    
      267, 553, 117
    
      117, 392, 267
    
      432, 292, 341
    
      551, 292, 432
    
      442, 292, 551
    
      104, 267, 392
    
      442, 267, 104
    
      442, 551, 267
    
      308, 442, 104
    
      557, 341, 292
    
      557, 370, 341
    
      442, 337, 292
    
      417, 370, 557
    
      444, 324, 233
    
      324, 444, 494
    
      233, 163, 444
    
      494, 440, 324
    
      163, 233, 191
    
      233, 193, 191
    
      234, 193, 233
    
      193, 234, 84
    
      191, 338, 163
    
      278, 233, 324
    
      444, 163, 436
    
      163, 338, 436
    
      324, 269, 278
    
      269, 324, 440
    
      338, 500, 436
    
      343, 233, 278
    
      398, 233, 343
    
      233, 398, 234
    
      343, 346, 398
    
      403, 494, 444
    
      403, 444, 340
    
      444, 436, 340
    
      340, 436, 480
    
      269, 30, 278
    
      30, 343, 278
    
      299, 343, 30
    
      494, 403, 215
    
      269, 334, 30
    
      535, 299, 30
    
      234, 398, 12
    
      479, 398, 346
    
      12, 398, 266
    
      479, 266, 398
    
      535, 30, 31
    
      30, 334, 31
    
      535, 31, 547
    
      535, 547, 197
    
      197, 455, 535
    
      197, 24, 455
    
      197, 456, 24
    
      456, 197, 357
    
      455, 293, 535
    
      293, 132, 535
    
      455, 24, 293
    
      293, 140, 132
    
      132, 140, 27
    
      140, 548, 27
    
      197, 389, 357
    
      197, 114, 389
    
      114, 197, 395
    
      389, 114, 478
    
      395, 478, 114
    
      389, 478, 396
    
      478, 395, 169
    
      493, 468, 469
    
      51, 493, 469
    
      468, 210, 469
    
      468, 448, 210
    
      469, 210, 512
    
      468, 493, 53
    
      111, 210, 448
    
      512, 210, 6
    
      64, 51, 469
    
      469, 376, 64
    
      512, 376, 469
    
      153, 51, 64
    
      6, 210, 560
    
      560, 210, 545
    
      492, 210, 111
    
      51, 153, 35
    
      448, 112, 111
    
      493, 65, 53
    
      467, 448, 468
    
      510, 448, 467
    
      448, 510, 112
    
      213, 467, 468
    
      53, 213, 468
    
      213, 53, 65
    
      43, 296, 534
    
      534, 201, 43
    
      534, 296, 221
    
      221, 296, 236
    
      221, 236, 52
    
      364, 43, 201
    
      221, 52, 204
    
      458, 364, 201
    
      434, 458, 201
    
      270, 434, 201
    
      434, 270, 173
    
      287, 173, 270
    
      445, 173, 287
    
      201, 534, 536
    
      201, 536, 270
    
      534, 42, 536
    
      534, 530, 42
    
      530, 534, 221
    
      235, 530, 221
    
      204, 235, 221
    
      54, 530, 235
    
      406, 434, 173
    
      447, 406, 173
    
      173, 445, 447
    
      447, 445, 300
    
      445, 407, 300
    
      406, 447, 80
    
      80, 375, 406
    
      447, 352, 80
    
      375, 80, 81
    
      489, 80, 352
    
      80, 489, 100
    
      316, 352, 447
    
      316, 489, 352
    
      100, 81, 80
    
      146, 390, 389
    
      390, 146, 428
    
      146, 389, 457
    
      457, 20, 146
    
      427, 390, 428
    
      4, 390, 427
    
      357, 389, 390
    
      4, 357, 390
    
      396, 457, 389
    
      288, 457, 396
    
      20, 231, 146
    
      146, 533, 428
    
      386, 428, 533
    
      533, 429, 386
    
      386, 368, 428
    
      478, 288, 396
    
      533, 146, 88
    
      146, 46, 88
    
      46, 146, 231
    
      533, 88, 50
    
      437, 118, 505
    
      491, 118, 437
    
      311, 118, 491
    
      437, 505, 504
    
      504, 505, 254
    
      504, 254, 253
    
      254, 224, 253
    
      224, 488, 253
    
      380, 488, 224
    
      488, 380, 35
    
      35, 153, 488
    
      517, 190, 249
    
      190, 66, 249
    
      410, 249, 66
    
      190, 222, 66
    
      222, 190, 23
    
      482, 517, 249
    
      482, 249, 513
    
      513, 483, 482
    
      376, 246, 64
    
      246, 153, 64
    
      192, 10, 286
    
      12, 484, 399
    
      266, 484, 12
    
      484, 266, 359
    
      479, 359, 266
    
      147, 532, 476
    
      147, 62, 532
    
      532, 62, 528
    
      62, 520, 528
    
      527, 147, 476
    
      198, 159, 66
    
      198, 66, 222
    
      222, 289, 198
    
      337, 442, 308
    
      7, 369, 225
    
      7, 225, 17
    
      252, 501, 437
    
      501, 491, 437
    
      491, 501, 311
    
      562, 252, 437
    
      409, 252, 562
    
      501, 252, 119
    
      119, 252, 349
    
      327, 349, 252
    
      349, 327, 481
    
      216, 311, 501
    
      252, 409, 305
    
      327, 252, 519
    
      519, 252, 305
    
      305, 409, 200
    
      519, 450, 327
    
      409, 294, 200
    
      409, 562, 408
    
      313, 562, 437
    
      487, 562, 313
    
      128, 408, 562
    
      128, 562, 487
    
      487, 313, 245
    
      437, 262, 313
    
      263, 313, 262
    
      313, 263, 381
    
      381, 245, 313
    
      245, 381, 243
    
      437, 504, 262
    
      408, 128, 251
    
      540, 408, 251
    
      304, 381, 263
    
      381, 304, 151
    
      315, 304, 263
    
      381, 151, 303
    
      244, 381, 303
    
      206, 244, 303
    
      263, 262, 314
    
      314, 315, 263
    
      521, 303, 151
    
      207, 206, 303
    
      206, 207, 60
    
      207, 303, 521
    
      253, 262, 504
    
      262, 253, 314
    
      314, 253, 400
    
      400, 315, 314
    
      180, 60, 207
    
      488, 400, 253
    
      488, 486, 400
    
      486, 488, 124
    
      124, 516, 486
    
      124, 63, 516
    
      246, 124, 488
    
      246, 488, 153
    
      63, 124, 214
    
      246, 376, 124
    
      376, 214, 124
    
      179, 79, 508
    
      79, 113, 508
    
      113, 19, 508
    
      179, 471, 79
    
      471, 319, 79
    
      79, 196, 113
    
      353, 179, 508
    
      179, 430, 471
    
      319, 471, 323
    
      471, 430, 323
    
      276, 319, 323
    
      319, 276, 383
    
      19, 113, 475
    
      196, 475, 113
    
      79, 319, 145
    
      145, 319, 539
    
      353, 294, 179
    
      277, 430, 179
    
      430, 277, 8
    
      8, 133, 430
    
      383, 539, 319
    
      539, 383, 384
    
      540, 145, 539
    
      540, 539, 333
    
      277, 540, 8
    
      540, 333, 8
    
      545, 79, 145
    
      98, 545, 145
    
      79, 141, 196
    
      141, 79, 492
    
      545, 492, 79
    
      492, 112, 141
    
      309, 537, 178
    
      537, 254, 178
    
      227, 537, 309
    
      172, 537, 227
    
      224, 254, 537
    
      227, 71, 172
    
      227, 497, 71
    
      178, 254, 505
    
      178, 505, 118
    
      380, 224, 537
    
      172, 518, 537
    
      48, 380, 537
    
      48, 537, 518
    
      380, 48, 538
    
      58, 48, 518
    
      538, 35, 380
    
      419, 309, 178
    
      227, 309, 94
    
      311, 419, 178
    
      94, 497, 227
    
      178, 118, 311
    
      419, 99, 309
    
      309, 99, 94
    
      311, 216, 419
    
      19, 97, 508
    
      97, 19, 335
    
      97, 335, 256
    
      97, 256, 175
    
      257, 335, 19
    
      256, 335, 257
    
      256, 257, 438
    
      257, 19, 480
    
      436, 257, 480
    
      500, 257, 436
    
      19, 340, 480
    
      340, 19, 475
    
      339, 508, 97
    
      97, 47, 339
    
      181, 340, 475
    
      340, 181, 403
    
      181, 475, 196
    
      181, 351, 403
    
      496, 181, 196
    
      181, 443, 351
    
      141, 496, 196
    
      443, 181, 496
    
      509, 370, 417
    
      417, 135, 509
    
      135, 417, 557
    
      49, 135, 557
    
      49, 70, 135
    
      70, 49, 164
    
      356, 70, 164
    
      182, 29, 159
    
      29, 182, 476
    
      182, 159, 198
    
      29, 410, 159
    
      527, 476, 182
    
      476, 532, 29
    
      32, 527, 182
    
      182, 198, 554
    
      554, 198, 289
    
      410, 29, 513
    
      218, 29, 532
    
      29, 28, 513
    
      29, 218, 28
    
      528, 218, 532
    
      218, 367, 28
    
      218, 528, 367
    
      38, 149, 78
    
      149, 38, 451
    
      190, 451, 38
    
      451, 190, 517
    
      298, 38, 78
    
      38, 298, 366
    
      38, 366, 190
    
      454, 190, 366
    
      45, 451, 517
    
      44, 149, 451
    
      149, 44, 160
    
      451, 45, 44
    
      13, 45, 517
    
      482, 13, 517
    
      45, 14, 44
    
      14, 45, 13
    
      149, 506, 78
    
      506, 143, 78
    
      192, 143, 506
    
      506, 149, 160
    
      192, 506, 160
    
      192, 160, 10
    
      160, 144, 10
    
      147, 136, 462
    
      462, 136, 192
    
      142, 192, 136
    
      285, 136, 147
    
      285, 147, 220
    
      220, 147, 527
    
      371, 136, 285
    
      371, 142, 136
    
      130, 371, 285
    
      420, 142, 371
    
      130, 285, 220
    
      147, 462, 67
    
      147, 67, 62
    
      462, 192, 286
    
      462, 360, 67
    
      286, 360, 462
    
      67, 520, 62
    
      67, 26, 520
    
      26, 67, 360
    
      241, 282, 413
    
      282, 259, 413
    
      282, 440, 259
    
      241, 125, 282
    
      282, 446, 440
    
      282, 125, 154
    
      154, 446, 282
    
      259, 402, 413
    
      413, 402, 347
    
      259, 165, 402
    
      165, 259, 215
    
      347, 402, 213
    
      213, 402, 467
    
      175, 470, 93
    
      470, 175, 256
    
      93, 470, 268
    
      93, 268, 92
    
      256, 438, 470
    
      470, 438, 435
    
      435, 268, 470
    
      92, 268, 71
    
      71, 268, 318
    
      318, 268, 435
    
      134, 89, 49
    
      89, 164, 49
    
      49, 557, 134
    
      134, 557, 292
    
      164, 89, 170
    
      89, 90, 170
    
      183, 121, 514
    
      121, 405, 514
    
      50, 405, 121
    
      177, 121, 183
    
      176, 50, 121
    
      176, 121, 177
    
      362, 50, 176
    
      281, 50, 362
    
      362, 273, 281
    
      281, 273, 387
    
      387, 273, 465
    
      273, 358, 465
    
      358, 248, 465
    
      248, 358, 183
    
      474, 465, 248
    
      474, 248, 312
    
      474, 312, 412
    
      412, 312, 449
    
      312, 157, 449
    
      157, 429, 449
    
      131, 357, 202
    
      4, 202, 357
    
      294, 277, 179
    
      342, 139, 280
    
      342, 280, 105
    
      243, 150, 245
    
      487, 245, 150
    
      152, 529, 168
    
      529, 152, 209
    
      161, 195, 101
    
      395, 101, 195
    
      110, 161, 101
    
      110, 330, 161
    
      169, 395, 195
    
      428, 463, 427
    
      463, 202, 427
    
      548, 226, 422
    
      563, 422, 226
    
      422, 5, 548
    
      5, 422, 336
    
      188, 336, 422
    
      540, 74, 408
    
      16, 23, 404
    
      326, 109, 171
    
      391, 109, 326
    
      209, 61, 205
    
      493, 538, 48
    
      493, 51, 538
    
      538, 51, 35
    
      493, 48, 58
    
      58, 65, 493
    
      102, 99, 419
    
      102, 73, 99
    
      419, 216, 102
    
      102, 216, 106
    
      73, 94, 99
    
      94, 73, 68
    
      206, 522, 243
    
      243, 244, 206
    
      60, 522, 206
    
      522, 60, 564
    
      564, 133, 522
    
      37, 46, 231
    
      37, 231, 385
    
      36, 46, 37
    
      37, 284, 36
    
      46, 36, 498
    
      345, 498, 36
    
      407, 347, 301
    
      241, 347, 407
    
      241, 413, 347
    
      407, 125, 241
    
      125, 407, 287
    
      445, 287, 407
    
      431, 301, 347
    
      213, 431, 347
    
      89, 134, 91
    
      91, 134, 337
    
      426, 91, 337
    
      426, 183, 91
    
      426, 248, 183
    
      514, 91, 183
    
      90, 91, 514
    
      89, 91, 90
    
      248, 426, 260
    
      260, 312, 248
    
      134, 292, 337
    
      308, 426, 337
    
      308, 260, 426
    
      279, 546, 310
    
      279, 72, 546
    
      401, 310, 546
    
      401, 546, 472
    
      421, 401, 472
    
      72, 556, 546
    
      401, 421, 561
    
      561, 421, 307
    
      279, 310, 354
    
      310, 239, 354
    
      72, 279, 355
    
      346, 239, 310
    
      354, 325, 279
    
      325, 355, 279
    
      239, 346, 299
    
      354, 239, 350
    
      290, 355, 325
    
      354, 120, 325
    
      325, 120, 290
    
      101, 197, 211
    
      197, 101, 395
    
      211, 197, 547
    
      31, 211, 547
    
      110, 101, 211
    
      31, 34, 211
    
      434, 406, 307
    
      434, 307, 543
    
      543, 423, 434
    
      543, 307, 542
    
      543, 542, 423
    
      434, 423, 458
    
      375, 307, 406
    
      542, 307, 421
    
      553, 542, 421
    
      307, 375, 561
    
      553, 25, 542
    
      447, 379, 316
    
      447, 531, 379
    
      447, 300, 531
    
      300, 301, 531
    
      301, 300, 407
    
      317, 316, 379
    
      379, 531, 322
    
      322, 531, 301
    
      317, 379, 274
    
      274, 379, 322
    
      431, 322, 301
    
      275, 274, 322
    
      431, 275, 322
    
      71, 274, 172
    
      274, 71, 318
    
      274, 318, 317
    
      172, 274, 275
    
      518, 172, 275
    
      275, 431, 518
    
      65, 518, 431
    
      123, 122, 167
    
      555, 122, 123
    
      555, 57, 122
    
      123, 167, 106
    
      11, 555, 123
    
      481, 11, 123
    
      57, 555, 107
    
      83, 555, 11
    
      122, 68, 167
    
      57, 47, 122
    
      167, 68, 73
    
      102, 167, 73
    
      102, 106, 167
    
      47, 57, 107
    
      68, 122, 162
    
      122, 47, 162
    
      72, 355, 157
    
      312, 72, 157
    
      157, 355, 344
    
      429, 157, 344
    
      158, 429, 344
    
      306, 344, 355
    
      550, 306, 355
    
      355, 290, 550
    
      72, 312, 261
    
      261, 312, 260
    
      261, 556, 72
    
      260, 308, 261
    
      162, 93, 68
    
      162, 175, 93
    
      93, 94, 68
    
      97, 175, 162
    
      47, 97, 162
    
      507, 508, 82
    
      508, 507, 229
    
      508, 339, 82
    
      229, 353, 508
    
      339, 502, 82
    
      82, 83, 507
    
      83, 82, 107
    
      450, 229, 507
    
      450, 507, 83
    
      107, 82, 502
    
      440, 494, 215
    
      440, 215, 259
    
      316, 439, 255
    
      317, 439, 316
    
      435, 439, 317
    
      318, 435, 317
    
      316, 255, 489
    
      20, 15, 385
    
      385, 231, 20
    
      156, 235, 204
    
      204, 52, 156
    
      525, 52, 236
    
      237, 525, 236
    
      237, 240, 525
    
      237, 523, 240
    
      142, 143, 192
    
      242, 558, 464
    
      302, 558, 242
    
      464, 187, 242
    
      513, 249, 410
    
      516, 145, 540
    
      63, 145, 516
    
      145, 63, 98
    
      382, 452, 372
    
      382, 207, 452
    
      383, 382, 372
    
      103, 375, 81
    
      81, 399, 103
    
      394, 375, 103
    
      103, 399, 484
    
      484, 359, 103
    
      394, 103, 359
    
      212, 217, 315
    
      180, 207, 382
    
      559, 212, 129
    
      77, 270, 536
    
      202, 4, 427
    
      460, 105, 363
    
      363, 16, 460
    
      251, 128, 129
    
      457, 288, 20
    
      220, 527, 32
    
      32, 41, 220
    
      3, 425, 418
    
      93, 497, 94
    
      93, 92, 497
    
      497, 92, 71
    
      229, 450, 519
    
      305, 229, 519
    
      229, 305, 200
    
      200, 353, 229
    
      294, 353, 200
    
      298, 174, 397
    
      298, 373, 174
    
      420, 174, 373
    
      298, 397, 205
    
      205, 366, 298
    
      174, 420, 291
    
      115, 174, 291
    
      115, 87, 174
    
      348, 87, 115
    
      348, 168, 87
    
      168, 397, 87
    
      27, 115, 291
    
      115, 27, 548
    
      5, 115, 548
    
      297, 336, 202
    
      552, 336, 297
    
      336, 552, 348
    
      202, 374, 297
    
      552, 168, 348
    
      552, 297, 152
    
      168, 552, 152
    
      297, 416, 152
    
      297, 374, 416
    
      416, 209, 152
    
      158, 155, 416
    
      416, 368, 158
    
      454, 416, 155
    
      454, 61, 416
    
      209, 416, 61
    
      463, 368, 416
    
      374, 463, 416
    
      558, 208, 258
    
      558, 258, 464
    
      464, 258, 559
    
      2, 208, 558
    
      2, 230, 208
    
      295, 230, 2
    
      202, 463, 374
    
      400, 486, 315
    
      107, 555, 83
    
      295, 133, 333
    
      295, 333, 539
    
      384, 295, 539
    
      358, 176, 177
    
      176, 358, 393
    
      358, 273, 393
    
      393, 273, 362
    
      524, 530, 54
    
      524, 42, 530
    
      446, 269, 440
    
      50, 88, 405
    
      281, 533, 50
    
      98, 63, 6
    
      545, 98, 560
    
      560, 98, 6
    
      522, 302, 243
    
      242, 243, 302
    
      150, 243, 242
    
      150, 242, 187
    
      159, 410, 66
    
      452, 207, 453
    
      207, 521, 453
    
      453, 521, 151
    
      151, 217, 453
    
      388, 449, 429
    
      449, 388, 387
    
      429, 533, 388
    
      281, 388, 533
    
      281, 387, 388
    
      117, 553, 421
    
      117, 421, 472
    
      392, 117, 472
    
      289, 22, 554
    
      22, 289, 23
    
      10, 144, 441
    
      401, 359, 310
    
      359, 401, 394
    
      359, 479, 310
    
      401, 561, 394
    
      485, 438, 257
    
      3, 418, 232
    
      247, 34, 31
    
      34, 247, 526
    
      526, 247, 329
    
      247, 31, 334
    
      154, 247, 334
    
      329, 247, 154
    
      334, 446, 154
    
      446, 334, 269
    
      349, 123, 119
    
      106, 119, 123
    
      119, 106, 501
    
      106, 216, 501
    
      123, 349, 481
    
      96, 203, 526
    
      526, 203, 33
    
      34, 526, 33
    
      34, 33, 490
    
      203, 96, 42
    
      404, 120, 171
    
      404, 290, 120
    
      138, 404, 171
    
      326, 171, 120
    
      326, 120, 541
    
      541, 391, 326
    
      232, 391, 541
    
      232, 541, 3
    
      191, 272, 223
    
      255, 223, 272
    
      191, 265, 272
    
      191, 223, 338
    
      272, 489, 255
    
      255, 439, 223
    
      271, 223, 439
    
      485, 338, 223
    
      223, 271, 485
    
      438, 271, 439
    
      439, 435, 438
    
      271, 438, 485
    
      95, 203, 55
    
      203, 95, 490
    
      490, 33, 203
    
      95, 55, 466
    
      524, 55, 203
    
      466, 330, 95
    
      466, 55, 54
    
      55, 524, 54
    
      515, 466, 54
    
      203, 42, 524
    
      515, 330, 466
    
      110, 95, 330
    
      139, 549, 554
    
      544, 554, 549
    
      280, 139, 554
    
      280, 554, 194
    
      554, 22, 194
    
      21, 280, 194
    
      280, 21, 105
    
      21, 363, 105
    
      363, 21, 194
    
      22, 16, 194
    
      16, 363, 194
    
      208, 452, 258
    
      452, 453, 258
    
      217, 258, 453
    
      212, 258, 217
    
      452, 208, 372
    
      230, 372, 208
    
      540, 251, 516
    
      251, 486, 516
    
      526, 329, 96
    
      328, 96, 329
    
      96, 328, 77
    
      96, 77, 536
    
      270, 77, 328
    
      154, 328, 329
    
      467, 402, 351
    
      351, 402, 165
    
      351, 510, 467
    
      510, 351, 443
    
      510, 443, 496
    
      130, 418, 425
    
      41, 418, 130
    
      189, 130, 425
    
      220, 41, 130
    
      189, 291, 130
    
      371, 130, 291
    
      189, 9, 291
    
      425, 9, 189
    
      291, 9, 132
    
      371, 291, 420
    
      27, 291, 132
    
      441, 39, 108
    
      40, 441, 108
    
      108, 39, 264
    
      26, 441, 40
    
      367, 40, 108
    
      39, 441, 144
    
      238, 40, 367
    
      520, 26, 40
    
      238, 520, 40
    
      490, 95, 211
    
      211, 95, 110
    
      490, 211, 34
    
      78, 373, 298
    
      373, 78, 143
    
      143, 142, 373
    
      514, 405, 86
    
      86, 116, 514
    
      116, 86, 85
    
      90, 514, 116
    
      116, 477, 90
    
      46, 499, 88
    
      405, 88, 499
    
      498, 499, 46
    
      512, 214, 376
    
      214, 512, 6
    
      6, 63, 214
    
      116, 85, 126
    
      126, 477, 116
    
      477, 126, 356
    
      345, 126, 85
    
      170, 477, 356
    
      299, 346, 343
    
      112, 492, 111
    
      489, 219, 166
    
      489, 272, 219
    
      100, 489, 166
    
      219, 415, 166
    
      265, 219, 272
    
      415, 414, 166
    
      265, 84, 219
    
      84, 415, 219
    
      403, 165, 215
    
      165, 403, 351
    
      356, 186, 70
    
      284, 70, 186
    
      36, 284, 186
    
      185, 186, 356
    
      185, 36, 186
    
      310, 479, 346
    
      109, 549, 139
    
      549, 109, 199
    
      232, 549, 199
    
      115, 336, 348
    
      404, 138, 105
    
      138, 171, 342
    
      232, 199, 391
    
      2, 558, 302
    
      522, 2, 302
    
      342, 105, 138
    
      336, 115, 5
    
      168, 529, 397
    
      2, 522, 133
    
      487, 150, 187
    
      387, 465, 378
    
      171, 109, 139
    
      187, 128, 487
    
      205, 397, 529
    
      105, 460, 404
    
      133, 8, 333
    
      404, 460, 16
    
      171, 139, 342
    
      563, 357, 131
    
      362, 176, 393
    
      391, 199, 109
    
      187, 464, 559
    
      205, 529, 209
    
      559, 128, 187
    
      128, 559, 129
    
      361, 0, 1
    
      361, 411, 0
    
      361, 1, 411
    
      0, 411, 1
    
      188, 202, 336
    
      202, 188, 131
    
      422, 131, 188
    
      131, 422, 563
    
      212, 486, 251
    
      129, 212, 251
    
      23, 550, 404
    
      304, 315, 217
    
      304, 217, 151
    
      373, 142, 420
    
      486, 212, 315
    
      243, 381, 244
    
      9, 299, 132
    
      549, 232, 418
    
      61, 454, 366
    
      205, 61, 366
    
      556, 392, 546
    
      10, 441, 286
    
      286, 441, 360
    
      392, 556, 104
    
      425, 3, 148
    
      294, 540, 277
    
      472, 546, 392
    
      141, 112, 496
    
      415, 84, 234
    
      23, 16, 22
    
      528, 520, 238
    
      528, 238, 367
    
      372, 384, 383
    
      183, 358, 177
    
      428, 368, 463
    
      295, 384, 372
    
      230, 295, 372
    
      133, 564, 430
    
      360, 441, 26
    
      212, 559, 258
    
      133, 295, 2
    
      383, 180, 382
    
      541, 354, 350
    
      541, 350, 148
    
      148, 3, 541
    
      541, 120, 354
    
      431, 213, 65
    
      210, 492, 545
    
      328, 154, 125
    
      125, 287, 328
    
      42, 96, 536
    
      299, 535, 132
    
      86, 499, 85
    
      498, 85, 499
    
      85, 498, 345
    
      482, 483, 264
    
      13, 482, 264
    
      108, 264, 483
    
      264, 14, 13
    
      14, 264, 39
    
      155, 23, 454
    
      550, 23, 155
    
      306, 550, 155
    
      155, 158, 306
    
      344, 306, 158
    
      235, 250, 54
    
      54, 250, 515
    
      513, 28, 483
    
      399, 414, 12
    
      414, 399, 503
    
      399, 81, 503
    
      39, 144, 160
    
      39, 160, 44
    
      44, 14, 39
    
      182, 544, 32
    
      32, 544, 418
    
      32, 418, 41
    
      502, 47, 107
    
      339, 47, 502
    
      74, 540, 294
    
      74, 294, 409
    
      408, 74, 409
    
      185, 356, 126
    
      126, 345, 185
    
      36, 185, 345
    
      450, 83, 327
    
      327, 83, 481
    
      191, 193, 265
    
      84, 265, 193
    
      299, 9, 239
    
      9, 350, 239
    
      9, 425, 350
    
      350, 425, 148
    
      405, 499, 86
    
      87, 397, 174
    
      24, 226, 293
    
      226, 24, 456
    
      293, 226, 140
    
      548, 140, 226
    
      226, 456, 563
    
      456, 357, 563
    
      321, 288, 478
    
      321, 478, 169
    
      461, 23, 190
    
      190, 454, 461
    
      461, 454, 23
    
      12, 414, 234
    
      415, 234, 414
    
      287, 270, 328
    
      485, 257, 500
    
      549, 418, 544
    
      323, 430, 564
    
      564, 180, 323
    
      276, 323, 180
    
      564, 60, 180
    
      180, 383, 276
    
      166, 414, 503
    
      108, 483, 28
    
      367, 108, 28
    
      182, 554, 544
    
      518, 65, 58
    
      290, 404, 550
    
      261, 104, 556
    
      104, 261, 308
    
      23, 289, 222
    
      412, 449, 378
    
      412, 378, 474
    
      378, 465, 474
    
      449, 387, 378
    
      83, 11, 481
    
      561, 375, 394
    
      477, 170, 90
    
      112, 510, 496
    
      503, 81, 166
    
      81, 100, 166
    
      485, 500, 338
    
      356, 164, 170
    
      429, 158, 386
    
      368, 386, 158
   
    
      -0.00781199979782
      0.0714400024414
      0.246700012207
    
      -0.00781799983978
      0.0714300003052
      0.246700012207
    
      -0.0322700004578
      -0.0263700008392
      0.0148000030518
    
      -0.0390099983215
      0.0120399999619
      0.179600006104
    
      -0.0335800018311
      0.0247900009155
      0.211200012207
    
      -0.0400600013733
      0.0188799991608
      0.212899993896
    
      -0.0300599994659
      -0.0670500030518
      0.00840000152588
    
      0.0315
      -0.00888300037384
      0.191600006104
    
      -0.0390400009155
      -0.0193700008392
      0.0165999984741
    
      -0.0405800018311
      0.00553499984741
      0.193200012207
    
      -0.136800003052
      0.0196399993896
      0.205100006104
    
      -0.0240900001526
      0.0553300018311
      0.0149000015259
    
      -0.0109600000381
      0.0105600004196
      0.151
    
      -0.136800003052
      0.0439599990845
      0.200600006104
    
      -0.1415
      0.0408400001526
      0.203200012207
    
      -0.0169599990845
      0.0475999984741
      0.248799987793
    
      -0.04125
      0.0531800003052
      0.180700012207
    
      0.0307299995422
      -0.0202700004578
      0.191
    
      0.0299400005341
      -0.0194699993134
      0.192600006104
    
      -0.0351399993896
      -0.0106999998093
      0.0791000061035
    
      -0.0268799991608
      0.0284699993134
      0.242700012207
    
      -0.0424399986267
      0.0491500015259
      0.176200012207
    
      -0.0432099990845
      0.0491100006104
      0.182299987793
    
      -0.0426300010681
      0.0553699989319
      0.189200012207
    
      -0.0368699989319
      -0.00216899991035
      0.208100006104
    
      0.0307399997711
      0.00232100009918
      0.188799987793
    
      -0.1425
      0.0164300003052
      0.191799987793
    
      -0.0421300010681
      0.010779999733
      0.2055
    
      -0.137899993896
      0.0348199996948
      0.179299987793
    
      -0.106400001526
      0.0311399993896
      0.177799987793
    
      -0.0289599990845
      -0.0314899997711
      0.190799987793
    
      -0.0261299991608
      -0.0724400024414
      0.194
    
      -0.0465099983215
      0.0238299999237
      0.180399993896
    
      -0.0130399999619
      -0.101699996948
      0.190799987793
    
      -0.0207700004578
      -0.0955899963379
      0.190600006104
    
      0.0303600006104
      -0.0628800010681
      0.00719000244141
    
      -0.0118000001907
      0.115599998474
      0.2475
    
      -0.0163700008392
      0.0979199981689
      0.247399993896
    
      -0.0608400001526
      0.0455400009155
      0.203100006104
    
      -0.143300003052
      0.0322099990845
      0.203899993896
    
      -0.143600006104
      0.024
      0.186299987793
    
      -0.0459700012207
      0.0195900001526
      0.182200012207
    
      0.0223799991608
      -0.0978700027466
      0.193799987793
    
      0.0323199996948
      -0.0390699996948
      0.206200012207
    
      -0.136699996948
      0.0359000015259
      0.207700012207
    
      -0.133100006104
      0.0415200004578
      0.204200012207
    
      -0.0223099994659
      0.101400001526
      0.238700012207
    
      -0.0239400005341
      0.0493300018311
      0.0606999969482
    
      0.0357599983215
      -0.0621399993896
      0.0538000030518
    
      0.0161100006104
      0.0922699966431
      0.240899993896
    
      -0.0185599994659
      0.0849899978638
      0.211899993896
    
      0.0213700008392
      -0.0681399993896
      0.0115
    
      0.0245799999237
      -0.0425999984741
      0.2375
    
      0.0172099990845
      -0.0740500030518
      0.064
    
      0.0182299995422
      -0.101099998474
      0.221899993896
    
      0.011
      -0.105599998474
      0.212299987793
    
      0.0121599998474
      -0.0124300003052
      0.251
    
      -0.0235100002289
      0.0554000015259
      0.0485
    
      0.0338100013733
      -0.0642900009155
      0.0691999969482
    
      0.00953999996185
      -0.0324700012207
      0.247899993896
    
      -0.0289500007629
      -0.0285300006866
      0.0199000015259
    
      -0.0408300018311
      0.0524900016785
      0.205
    
      -0.128899993896
      0.0198099994659
      0.182200012207
    
      -0.0329500007629
      -0.0609199981689
      0.00483999633789
    
      0.010029999733
      -0.0689300003052
      0.00587000274658
    
      0.0280599994659
      -0.0663099975586
      0.0763999938965
    
      -0.0800699996948
      0.0479900016785
      0.186600006104
    
      -0.133100006104
      0.0157100000381
      0.190899993896
    
      0.0137700004578
      0.0515400009155
      0.0586000061035
    
      0.0128100004196
      0.00967399978638
      0.251200012207
    
      0.00607999992371
      0.103099998474
      0.249200012207
    
      0.0281299991608
      -0.00604899978638
      0.0798999938965
    
      -0.00085229998827
      0.0442999992371
      0.188
    
      0.0213600006104
      0.0538499984741
      0.0473000030518
    
      -0.0279699993134
      -0.0103199996948
      0.00494000244141
    
      -0.00886699962616
      0.0591699981689
      0.2515
    
      0.00174699997902
      0.0518100013733
      0.252399993896
    
      0.0164799995422
      -0.0811200027466
      0.181600006104
    
      -0.0672900009155
      0.0344000015259
      0.207899993896
    
      -0.0412799987793
      -0.0494700012207
      0.0565
    
      0.0138000001907
      -0.00729799985886
      0.148199996948
    
      0.00665899991989
      0.00959300041199
      0.148199996948
    
      -0.0363899993896
      0.0425800018311
      0.0388000030518
    
      -0.0321399993896
      0.0499099998474
      0.0161999969482
    
      -0.0118800001144
      -0.00303900003433
      0.137699996948
    
      -0.012279999733
      0.124800003052
      0.234299987793
    
      -0.0113699998856
      0.122699996948
      0.223899993896
    
      -0.0416500015259
      0.0346300010681
      0.215600006104
    
      -0.0225300006866
      0.0970500030518
      0.222399993896
    
      0.014720000267
      0.110199996948
      0.230700012207
    
      0.00673799991608
      0.122199996948
      0.225399993896
    
      0.0110100002289
      0.0982399978638
      0.2155
    
      0.0244400005341
      0.0178099994659
      0.0753999938965
    
      0.0173299999237
      0.0312199993134
      0.0736999969482
    
      0.0257399997711
      0.0411599998474
      0.0621999969482
    
      -0.0118100004196
      -0.105800003052
      0.214200012207
    
      0.00906900024414
      -0.0924199981689
      0.180899993896
    
      -0.0289599990845
      0.0297999992371
      0.0721999969482
    
      -0.0359199981689
      -0.0618899993896
      0.0103000030518
    
      0.0265
      0.0491899986267
      0.0395
    
      0.00815100002289
      0.000688199996948
      0.141899993896
    
      -0.0243199996948
      -0.0788099975586
      0.225200012207
    
      0.0219799995422
      0.0535299987793
      0.0201999969482
    
      0.00229699993134
      0.01575
      0.161800003052
    
      0.0227600002289
      0.0414799995422
      0.191200012207
    
      -0.0415999984741
      0.0470600013733
      0.172700012207
    
      0.0154200000763
      0.0547099990845
      0.0106999969482
    
      -0.0296000003815
      0.0529399986267
      0.0443000030518
    
      -0.143699996948
      0.0337999992371
      0.184799987793
    
      -0.0401899986267
      0.0282099990845
      0.168
    
      -0.0178899993896
      -0.101
      0.221200012207
    
      -0.0301499996185
      -0.0731500015259
      0.0528999938965
    
      -0.0347299995422
      -0.0673600006104
      0.0716999969482
    
      -0.0389099998474
      -0.0352200012207
      0.0763999938965
    
      -0.0327400016785
      -0.0224599990845
      0.232899993896
    
      -0.0412200012207
      0.0232000007629
      0.213100006104
    
      -0.0025039999485
      0.126199996948
      0.227899993896
    
      0.0240699996948
      0.0295900001526
      0.185100006104
    
      0.0295900001526
      0.0263799991608
      0.00759999847412
    
      0.00544799995422
      0.0501800003052
      0.00637000274658
    
      -0.0379099998474
      0.0305400009155
      0.178700012207
    
      -0.00741900014877
      0.0940400009155
      0.208799987793
    
      -0.00509499979019
      0.0579199981689
      0.047
    
      -0.00702899980545
      0.0576100006104
      0.0138000030518
    
      -0.0167700004578
      -0.0583400001526
      0.00255999755859
    
      0.00472900009155
      -0.0544700012207
      0.166700012207
    
      -0.00547200012207
      0.124400001526
      0.240799987793
    
      0.00428200006485
      0.0696600036621
      0.248299987793
    
      -0.00826500034332
      -0.01825
      0.00123999786377
    
      -0.00906200027466
      -0.0221900005341
      0.0017799987793
    
      -0.0465999984741
      0.01725
      0.189200012207
    
      -0.0371599998474
      0.0166499996185
      0.210799987793
    
      -0.0400200004578
      0.00447200012207
      0.198600006104
    
      -0.0357999992371
      -0.0243799991608
      0.017
    
      0.0220699996948
      0.0764800033569
      0.223899993896
    
      0.0140200004578
      0.0728199996948
      0.242700012207
    
      -0.0683300018311
      0.0202600002289
      0.196600006104
    
      -0.00779899978638
      -0.00827600002289
      0.253799987793
    
      -0.0405400009155
      0.0427000007629
      0.170700012207
    
      -0.0425
      0.0343300018311
      0.169100006104
    
      -0.0407700004578
      0.00626300001144
      0.205
    
      -0.0382000007629
      -0.0613400001526
      0.0738000030518
    
      -0.0586300010681
      0.0230100002289
      0.203799987793
    
      -0.0688799972534
      0.0254599990845
      0.207100006104
    
      -0.142100006104
      0.0238700008392
      0.206399993896
    
      -0.0385499992371
      -0.0511500015259
      0.0124000015259
    
      -0.0300900001526
      0.0585600013733
      0.229399993896
    
      -0.0858399963379
      0.0194400005341
      0.184
    
      -0.0366300010681
      0.0124600000381
      0.185
    
      -0.110300003052
      0.0350999984741
      0.208399993896
    
      -0.00671500015259
      -0.0192199993134
      0.00430000305176
    
      -0.00701200008392
      -0.0263799991608
      0.00890000152588
    
      -0.0384000015259
      0.0458199996948
      0.211
    
      0.0233500003815
      -0.0646399993896
      0.00426999664307
    
      -0.00722399997711
      -0.0588899993896
      0.173600006104
    
      -0.0361599998474
      0.0545699996948
      0.195100006104
    
      0.0188500003815
      -0.0617799987793
      0.235799987793
    
      -0.0124600000381
      0.0526599998474
      0.194899993896
    
      -0.0266299991608
      0.0515400009155
      0.198299987793
    
      -0.0819499969482
      0.0428499984741
      0.180899993896
    
      -0.133899993896
      0.0271599998474
      0.208899993896
    
      -0.0116700000763
      -0.0877399978638
      0.232200012207
    
      -0.00525
      0.0465
      0.0676999969482
    
      -0.0191100006104
      -0.0227199993134
      0.114899993896
    
      0.0110799999237
      0.115199996948
      0.240700012207
    
      -0.0150500001907
      -0.0595699996948
      0.0981000061035
    
      0.0034849998951
      0.00300300002098
      0.141199996948
    
      0.0129099998474
      0.0587200012207
      0.0355
    
      -0.0402400016785
      0.0412799987793
      0.214799987793
    
      -0.0319899997711
      -0.0150100002289
      0.241600006104
    
      0.009625
      0.121400001526
      0.235700012207
    
      -0.0389500007629
      0.0346300010681
      0.169600006104
    
      0.0332999992371
      -0.0279899997711
      0.0791000061035
    
      0.0196800003052
      -0.0411199989319
      0.1775
    
      -0.0425099983215
      0.0288199996948
      0.208600006104
    
      -0.00756699991226
      0.0282099990845
      0.078
    
      -0.00919699954987
      0.0792099990845
      0.206100006104
    
      -0.00304399991035
      0.08
      0.205799987793
    
      0.03175
      0.0194500007629
      0.0166999969482
    
      -0.0401100006104
      -0.0104399995804
      0.0265999984741
    
      -0.0343899993896
      -0.0315900001526
      0.0235
    
      -0.0322900009155
      -0.0521399993896
      0.084
    
      -0.0553899993896
      0.0326699981689
      0.179
    
      0.00501599979401
      0.0841900024414
      0.208
    
      0.0011970000267
      -0.014720000267
      0.254600006104
    
      -0.00529600000381
      0.120199996948
      0.246200012207
    
      -0.00357399988174
      0.114599998474
      0.249200012207
    
      -0.00856000041962
      -0.0200200004578
      0.00336000061035
    
      -0.0380900001526
      0.0204899997711
      0.2135
    
      -0.0429599990845
      0.01125
      0.191700012207
    
      -0.0555299987793
      0.0509799995422
      0.195399993896
    
      -0.0146800003052
      -0.0145900001526
      0.122899993896
    
      -0.104199996948
      0.0196700000763
      0.205399993896
    
      -0.0160400009155
      -0.00974199962616
      0.138800003052
    
      -0.0425699996948
      0.0494399986267
      0.178200012207
    
      -0.0259799995422
      -0.0334900016785
      0.239799987793
    
      -0.0388100013733
      -0.0524000015259
      0.0788000030518
    
      -0.0350099983215
      -0.0373699989319
      0.219600006104
    
      -0.0586599998474
      0.0452599983215
      0.183899993896
    
      -0.0406699981689
      0.0240300006866
      0.168899993896
    
      -0.0355
      0.00472200012207
      0.0134000015259
    
      0.0271000003815
      -0.0613600006104
      0.195200012207
    
      -0.0350900001526
      0.0259500007629
      0.210100006104
    
      0.00584899997711
      -0.103300003052
      0.193399993896
    
      0.0249599990845
      -0.0632099990845
      0.229100006104
    
      -0.0421699981689
      0.04925
      0.207899993896
    
      -0.0209099998474
      -0.0269500007629
      0.0158000030518
    
      -0.0228199996948
      -0.0297600002289
      0.0161999969482
    
      -0.0274400005341
      -0.0280799999237
      0.0128000030518
    
      -0.0396300010681
      0.0497799987793
      0.208399993896
    
      -0.0265300006866
      -0.0710400009155
      0.0326999969482
    
      -0.0246100006104
      -0.0943000030518
      0.208799987793
    
      -0.00606500005722
      -0.0251499996185
      0.0014700012207
    
      0.00791400003433
      -0.0667699966431
      0.0848000030518
    
      -0.0232600002289
      -0.0654199981689
      0.00369000244141
    
      -0.0158999996185
      -0.0561899986267
      0.109300003052
    
      0.0232800006866
      0.0484700012207
      0.0085
    
      -0.00294799995422
      -0.0260900001526
      0.00483000183105
    
      -0.134
      0.0272900009155
      0.1785
    
      -0.00391300010681
      -0.00102499997616
      0.135800003052
    
      -0.0543400001526
      0.0220300006866
      0.183600006104
    
      0.0274400005341
      -0.0714100036621
      0.220399993896
    
      -0.0533199996948
      0.0501899986267
      0.188299987793
    
      -0.00614799976349
      -0.0126899995804
      0.109899993896
    
      0.0340699996948
      -0.0425099983215
      0.0116999969482
    
      0.0302299995422
      -0.0133299999237
      0.192799987793
    
      -0.0384199981689
      0.00668200016022
      0.207399993896
    
      0.0318400001526
      0.00824899959564
      0.0686999969482
    
      0.0318799991608
      -0.0038710000515
      0.190100006104
    
      -0.0386699981689
      0.0173400001526
      0.0166999969482
    
      -0.0348300018311
      -0.0300100002289
      0.0154000015259
    
      -0.0233299999237
      0.0700899963379
      0.240600006104
    
      -0.0395
      0.0163600006104
      0.172799987793
    
      -0.0200100002289
      -0.0180699996948
      0.158399993896
    
      -0.0149799995422
      -0.0019960000515
      0.147300003052
    
      0.0223500003815
      -0.0843499984741
      0.227
    
      0.0289799995422
      -0.0277700004578
      0.235200012207
    
      0.0318600006104
      -0.00964500045776
      0.241100006104
    
      -0.142800003052
      0.0250499992371
      0.181200012207
    
      -0.0291900005341
      0.00936900043488
      0.1895
    
      0.0261900005341
      -0.00710200023651
      0.244600006104
    
      0.00447599983215
      -0.0543800010681
      0.147699996948
    
      -0.01375
      -0.0220200004578
      0.00720999908447
    
      -0.0106499996185
      -0.0219200000763
      0.0085
    
      -0.0107899999619
      -0.0243400001526
      0.0105999984741
    
      -0.00187000000477
      -0.0181599998474
      0.00404000091553
    
      0.0113699998856
      -0.0636199989319
      0.00237999725342
    
      -0.0159200000763
      -0.07275
      0.182
    
      0.00497800016403
      0.07325
      0.205399993896
    
      -0.104800003052
      0.0466399993896
      0.188
    
      0.00634899997711
      -0.0845800018311
      0.234600006104
    
      -0.013970000267
      -0.0247000007629
      0.00169999694824
    
      -0.00998200035095
      0.02275
      0.00255000305176
    
      0.0292700004578
      -0.0310699996948
      0.00406999969482
    
      0.0331699981689
      -0.0256299991608
      0.0116999969482
    
      0.00431500005722
      -0.0119099998474
      0.118100006104
    
      -0.0166000003815
      0.00161500000954
      0.0843999938965
    
      -0.0228299999237
      -0.0153800001144
      0.0876999969482
    
      -0.0121999998093
      -0.0257099990845
      0.00583000183105
    
      -0.0114200000763
      -0.0586399993896
      0.113800003052
    
      0.0141499996185
      0.0547599983215
      0.200600006104
    
      0.0148999996185
      0.0461500015259
      0.193799987793
    
      0.0179099998474
      -0.0228899993896
      0.00229000091553
    
      0.00953199958801
      -0.0227900009155
      0.00279000091553
    
      -0.143
      0.0428100013733
      0.1945
    
      -0.00979199981689
      -0.00758799982071
      0.132399993896
    
      -0.00989799976349
      0.0118299999237
      0.169700012207
    
      0.0266100006104
      0.0249899997711
      0.196899993896
    
      0.0173999996185
      -0.00399799990654
      0.0846000061035
    
      -0.0196900005341
      -0.0473400001526
      0.176299987793
    
      0.0194899997711
      -0.0593699989319
      0.182299987793
    
      -0.0042389998436
      -0.0125200004578
      0.0986999969482
    
      -0.00405499982834
      -0.00863599967957
      0.1285
    
      -0.0111300001144
      0.0765699996948
      0.207799987793
    
      0.0227000007629
      -0.0307900009155
      0.0896000061035
    
      0.0259500007629
      -0.0430999984741
      0.0876000061035
    
      -0.0382599983215
      -0.0344599990845
      0.0265
    
      -0.0393899993896
      -0.0125900001526
      0.0164000015259
    
      -0.0227299995422
      -0.0309200000763
      0.176299987793
    
      -0.0185699996948
      0.0363400001526
      0.183600006104
    
      -0.0425900001526
      0.0421599998474
      0.172100006104
    
      -0.0197399997711
      0.0759400024414
      0.212100006104
    
      -0.00679400014877
      -0.0533600006104
      0.157399993896
    
      -0.00296799993515
      0.0672399978638
      0.250600006104
    
      -0.00615299987793
      0.100900001526
      0.251600006104
    
      -0.0554799995422
      0.02075
      0.189899993896
    
      -0.1315
      0.0166100006104
      0.201899993896
    
      0.014779999733
      -0.0517799987793
      0.173399993896
    
      -0.0315
      0.00226099991798
      0.2435
    
      -0.0467799987793
      0.0487099990845
      0.185100006104
    
      -0.0360800018311
      0.0439199981689
      0.182600006104
    
      -0.0436599998474
      0.0165499992371
      0.201200012207
    
      0.0273299999237
      0.0502299995422
      0.219799987793
    
      -0.0389300003052
      0.00122800004482
      0.203899993896
    
      -0.0362700004578
      -0.0091280002594
      0.0126999969482
    
      -0.0378100013733
      -0.0297000007629
      0.0151999969482
    
      0.0323699989319
      -0.0228199996948
      0.226299987793
    
      -0.0352599983215
      0.0397799987793
      0.208399993896
    
      -0.0455499992371
      0.0399799995422
      0.205
    
      -0.0324900016785
      -0.00139400005341
      0.193600006104
    
      0.0177199993134
      -0.0445699996948
      0.142
    
      0.0168799991608
      -0.0516800003052
      0.108699996948
    
      -0.0237999992371
      -0.0242700004578
      0.012
    
      -0.0139899997711
      -0.0268500003815
      0.0125999984741
    
      0.00342000007629
      -0.0241700000763
      0.00416999816895
    
      -0.0316200008392
      0.0149600000381
      0.0109000015259
    
      -0.03075
      0.0524799995422
      0.193100006104
    
      0.0183400001526
      4.6819999814e-05
      0.1825
    
      0.0187099990845
      0.0475999984741
      0.199600006104
    
      0.0320099983215
      0.0274099998474
      0.0488000030518
    
      -0.0103400001526
      0.0203199996948
      0.181700012207
    
      0.0278799991608
      0.0402000007629
      0.00780999755859
    
      0.00381500005722
      0.0557099990845
      0.196600006104
    
      0.00581699991226
      -0.0146800003052
      0.00219000244141
    
      0.0124300003052
      -0.0275900001526
      0.00116000366211
    
      0.00535099983215
      -0.0266900005341
      0.000879997253418
    
      0.0151099996567
      -0.0194799995422
      0.116
    
      0.015220000267
      -0.0202700004578
      0.0975
    
      0.0169400005341
      -0.0156899995804
      0.089
    
      -0.0399700012207
      -0.0387900009155
      0.0288000030518
    
      0.0314799995422
      0.000709900021553
      0.235700012207
    
      -0.0269899997711
      -0.00613700008392
      0.245600006104
    
      0.0199400005341
      -0.0451699981689
      0.0975
    
      -0.0380999984741
      -0.0304699993134
      0.0265
    
      -0.0201900005341
      -0.0395600013733
      0.156399993896
    
      -0.0324300003052
      0.0378499984741
      0.182899993896
    
      -0.0384500007629
      0.0264099998474
      0.171200012207
    
      -0.0287700004578
      0.0425499992371
      0.00637999725342
    
      0.00903199958801
      -0.0647200012207
      0.1765
    
      -0.00331699991226
      -0.0735
      0.177600006104
    
      -0.00810599994659
      -0.103199996948
      0.2255
    
      0.00183899998665
      -0.00737300014496
      0.254299987793
    
      -0.00455100011826
      0.0766500015259
      0.251100006104
    
      -0.0389900016785
      -0.0229699993134
      0.0141999969482
    
      -0.0198999996185
      -0.0584900016785
      0.182399993896
    
      -0.0290499992371
      0.00594799995422
      0.0793999938965
    
      -0.0385699996948
      0.0259099998474
      0.215100006104
    
      0.0218700008392
      0.0620200004578
      0.213
    
      -0.0160799999237
      -0.0184799995422
      0.103899993896
    
      -0.0355499992371
      0.0383400001526
      0.0596000061035
    
      -0.0270599994659
      -0.0380499992371
      0.0901000061035
    
      0.0296100006104
      0.0233500003815
      0.230399993896
    
      -0.0414599990845
      0.0396199989319
      0.169
    
      -0.0234200000763
      -0.0165300006866
      0.181399993896
    
      -0.0236299991608
      0.0519399986267
      0.1955
    
      -0.0110500001907
      0.121400001526
      0.243100006104
    
      -0.0221700000763
      0.00324000000954
      0.185299987793
    
      0.00931299972534
      -0.0594599990845
      0.105699996948
    
      -0.0396300010681
      0.0318600006104
      0.217600006104
    
      -0.0123500003815
      0.0492999992371
      0.00626000213623
    
      -0.0347599983215
      0.0112399997711
      0.188100006104
    
      -0.0228500003815
      -0.0610499992371
      0.0883000030518
    
      0.0163999996185
      -0.0183899993896
      0.1375
    
      -0.0395400009155
      0.00367600011826
      0.0220999984741
    
      -0.0289799995422
      0.0256900005341
      0.183399993896
    
      -0.0270200004578
      0.0479300003052
      0.189
    
      0.00478000020981
      0.1215
      0.243
    
      -0.0357900009155
      0.0117299995422
      0.212600006104
    
      -0.00375
      0.0768499984741
      0.206600006104
    
      -0.00491499996185
      0.0151099996567
      0.174399993896
    
      -0.136699996948
      0.0150600004196
      0.197700012207
    
      -0.00777400016785
      0.0714400024414
      0.246700012207
    
      -0.0139799995422
      0.0776100006104
      0.208399993896
    
      -0.0422000007629
      0.0515299987793
      0.178100006104
    
      0.0295300006866
      -0.0307199993134
      0.194100006104
    
      0.02975
      -0.015470000267
      0.196700012207
    
      -0.0453800010681
      0.0490499992371
      0.202100006104
    
      -0.142600006104
      0.0280200004578
      0.179600006104
    
      -0.0280599994659
      0.0485099983215
      0.202700012207
    
      0.0292399997711
      -0.000417699992657
      0.193799987793
    
      0.0253199996948
      0.0207099990845
      0.241
    
      -0.0492700004578
      0.0206800003052
      0.197899993896
    
      -0.0338300018311
      -0.0325200004578
      0.0169000015259
    
      -0.0488600006104
      0.0285799999237
      0.205799987793
    
      -0.0320699996948
      0.0412700004578
      0.205399993896
    
      0.00940499973297
      0.0070110001564
      0.172799987793
    
      -0.0099420003891
      -0.0698099975586
      0.00513999938965
    
      0.0290200004578
      0.00808800029755
      0.192399993896
    
      -0.0103999996185
      0.0756500015259
      0.207600006104
    
      0.0187099990845
      -0.0348800010681
      0.106199996948
    
      0.0343400001526
      -0.0543499984741
      0.015
    
      0.00058630001545
      -0.0218099994659
      0.00579000091553
    
      -0.0316700000763
      -0.0325400009155
      0.0199000015259
    
      -0.0379099998474
      -0.0360600013733
      0.0230999984741
    
      -0.0387299995422
      -0.0360400009155
      0.0176999969482
    
      -0.0182600002289
      0.0690800018311
      0.245600006104
    
      -0.0261499996185
      0.0526800003052
      0.2055
    
      -0.0135900001526
      0.0751100006104
      0.208299987793
    
      -0.0198400001526
      0.0709700012207
      0.21
    
      -0.0339900016785
      0.00650600004196
      0.231600006104
    
      -0.0333199996948
      0.0279500007629
      0.215200012207
    
      -0.0388800010681
      0.0228899993896
      0.169899993896
    
      0.0238400001526
      0.0362000007629
      0.184600006104
    
      -0.00890699958801
      0.07725
      0.206299987793
    
      0.00295300006866
      0.0144799995422
      0.175600006104
    
      -0.0311200008392
      -0.0324900016785
      0.234100006104
    
      -0.0333800010681
      9.06999967992e-06
      0.240399993896
    
      -0.0418800010681
      0.0429399986267
      0.212200012207
    
      -0.0145699996948
      0.00241300010681
      0.170399993896
    
      -0.00200600004196
      0.0131300001144
      0.146
    
      0.0106300001144
      -0.0303700008392
      0.000550003051758
    
      0.00526900005341
      0.0193999996185
      0.181299987793
    
      -0.00806999969482
      -0.0633600006104
      0.0941000061035
    
      -0.0215799999237
      -0.0534900016785
      0.0951999969482
    
      -0.0390099983215
      0.0485299987793
      0.178
    
      -0.0148100004196
      0.109400001526
      0.217399993896
    
      0.0173199996948
      -0.0143500003815
      0.175700012207
    
      0.0140500001907
      -0.0488600006104
      0.154100006104
    
      -0.0200100002289
      -0.0119099998474
      0.00276000213623
    
      -0.0213999996185
      -0.00352200007439
      0.00581999969482
    
      -0.1035
      0.0428199996948
      0.181700012207
    
      -0.0078109998703
      0.0714400024414
      0.246700012207
    
      -0.00594299983978
      0.0709700012207
      0.202799987793
    
      -0.00193499994278
      -0.0602200012207
      0.117399993896
    
      -0.00781599998474
      0.00626700019836
      0.142300003052
    
      -0.00892899990082
      0.000180999994278
      0.140699996948
    
      -0.0340200004578
      0.0489500007629
      0.2025
    
      0.0204699993134
      0.0545400009155
      0.2415
    
      -0.0427299995422
      0.0153500003815
      0.1775
    
      0.0283299999237
      0.0430400009155
      0.0159000015259
    
      -0.0467400016785
      0.0234899997711
      0.202700012207
    
      0.0205
      0.0150399999619
      0.184
    
      -0.0387599983215
      0.01575
      0.211399993896
    
      0.0316100006104
      -0.0141400003433
      0.187200012207
    
      -0.00945100021362
      0.0162600002289
      0.253600006104
    
      -0.0407700004578
      0.0102299995422
      0.186799987793
    
      0.0138000001907
      0.0724199981689
      0.209200012207
    
      -0.0310400009155
      0.0348499984741
      0.208100006104
    
      -0.0288299999237
      0.0454599990845
      0.209
    
      -0.0209599990845
      0.0578300018311
      0.202299987793
    
      -0.0383800010681
      -0.0239400005341
      0.0226999969482
    
      0.0212199993134
      -0.0558899993896
      0.0893999938965
    
      0.0334700012207
      0.00678599977493
      0.2075
    
      -0.00858500003815
      0.0699100036621
      0.249200012207
    
      0.0248299999237
      -0.0265900001526
      0.184799987793
    
      0.00742100000381
      -0.0109300003052
      0.0908999938965
    
      -0.0224400005341
      -0.0272700004578
      0.0958999938965
    
      0.0232700004578
      0.00271900010109
      0.00373999786377
    
      -0.00733799982071
      -0.0103000001907
      0.0911000061035
    
      0.00478999996185
      -0.0131899995804
      0.100100006104
    
      -0.0150600004196
      -0.0500699996948
      0.151800003052
    
      -0.142600006104
      0.0188700008392
      0.199399993896
    
      0.0243500003815
      0.0405499992371
      0.201600006104
    
      -0.0306200008392
      -0.0617799987793
      0.0821000061035
    
      -0.02125
      -0.03575
      0.109
    
      0.0172299995422
      -0.0443899993896
      0.166200012207
    
      -0.0142600002289
      -0.0527099990845
      0.172200012207
    
      0.0187600002289
      -0.0323100013733
      0.154
    
      -0.0236399993896
      -0.0749499969482
      0.0601000061035
    
      -0.0107899999619
      0.0697699966431
      0.203100006104
    
      -0.037
      0.0352099990845
      0.00869999694824
    
      -0.105099998474
      0.0436199989319
      0.203299987793
    
      -0.0221100006104
      -0.0292600002289
      0.0129000015259
    
      -0.0132899999619
      -0.0281900005341
      0.00990000152588
    
      -0.0418400001526
      0.0559399986267
      0.198700012207
    
      -0.0367900009155
      -0.00890200042725
      0.207299987793
    
      -0.0363699989319
      0.00207999992371
      0.210200012207
    
      -0.0319300003052
      0.0154499998093
      0.2375
    
      0.0287099990845
      -0.0306200008392
      0.190600006104
    
      -0.011529999733
      0.0818499984741
      0.250700012207
    
      -0.0409199981689
      0.0514599990845
      0.176899993896
    
      -0.044
      0.0559199981689
      0.194600006104
    
      -0.110900001526
      0.0169400005341
      0.199399993896
    
      -0.0301100006104
      0.0419900016785
      0.205200012207
    
      -0.0124799995422
      -0.0233500003815
      0.00491000366211
    
      -0.00699900007248
      0.0760100021362
      0.206799987793
    
      0.00207999992371
      -0.105800003052
      0.2225
    
      -0.0173099994659
      -0.0704199981689
      0.0785
    
      -0.00478000020981
      -0.0770299987793
      0.0551000061035
    
      -0.00775400018692
      -0.0711200027466
      0.017
    
      0.00435900020599
      5.39200007915e-05
      0.0858999938965
    
      -0.0403400001526
      -0.0313899993896
      0.0323000030518
    
      0.0211800003052
      0.0307900009155
      0.1825
    
      0.0294799995422
      0.00191999995708
      0.197399993896
    
      -0.00278999996185
      0.0725100021362
      0.203600006104
    
      -0.0365200004578
      -0.0402299995422
      0.0813000030518
    
      -0.0843799972534
      0.0245799999237
      0.178200012207
    
      0.00391499996185
      0.125699996948
      0.234
    
      -0.0339300003052
      -0.0105799999237
      0.240200012207
    
      -0.0118500003815
      0.0113400001526
      0.177899993896
    
      -0.0270599994659
      -0.0251200008392
      0.088
    
      -0.0246499996185
      0.0511599998474
      0.00791999816895
    
      -0.134100006104
      0.0453800010681
      0.191899993896
    
      -0.140600006104
      0.0416800003052
      0.184700012207
    
      -0.00555900001526
      0.0155600004196
      0.160399993896
    
      -0.0119799995422
      -0.0145500001907
      0.0968999938965
    
      -0.00141900002956
      -0.0318799991608
      0.0
    
      -0.0031970000267
      -0.0158100004196
      0.00198000335693
    
      0.0269300003052
      -0.0509900016785
      0.00295999908447
    
      0.00867000007629
      -0.00922599983215
      0.131199996948
    
      -0.0159300003052
      -0.103800003052
      0.200600006104
    
      0.0270900001526
      0.0320999984741
      0.00608999633789
    
      -0.0368400001526
      -0.0671999969482
      0.0508000030518
    
      0.0247399997711
      -0.0723199996948
      0.0471000061035
    
      -0.0195300006866
      -0.0496500015259
      0.114399993896
    
      -0.0100699996948
      -0.0286100006104
      0.2495
    
      -0.0355900001526
      -0.0608199996948
      0.0803000030518
    
      0.0273899993896
      0.0245599994659
      0.0698000030518
    
      -0.0166800003052
      0.118900001526
      0.240100006104
    
      -0.0189899997711
      0.117400001526
      0.23
    
      -0.0189699993134
      -0.0200100002289
      0.0953000030518
    
      0.0180699996948
      0.0419000015259
      0.00538999938965
    
      -0.0327799987793
      0.0469300003052
      0.0535
    
      0.000780900001526
      0.0103000001907
      0.142600006104
    
      0.0305499992371
      -0.0210400009155
      0.00483999633789
    
      0.0316599998474
      0.00102900004387
      0.00765000152588
    
      -0.0924700012207
      0.0263799991608
      0.208700012207
    
      -0.0383600006104
      0.0331199989319
      0.0221999969482
    
      -0.0404399986267
      0.00220399999619
      0.0591000061035
    
      0.013029999733
      0.0539799995422
      0.247799987793
    
      -0.0287099990845
      -0.0680199966431
      0.0781999969482
    
      0.00621199989319
      0.0791999969482
      0.249100006104
    
      -0.0220300006866
      -0.0705500030518
      0.00969999694824
    
      -0.123199996948
      0.0425
      0.182799987793
    
      -0.00265599989891
      0.115900001526
      0.216299987793
    
      0.00341499996185
      -0.102199996948
      0.228200012207
    
      -0.0300400009155
      -0.0431800003052
      0.00404000091553
    
      -0.111099998474
      0.0459300003052
      0.197
    
      0.0347299995422
      -0.0553400001526
      0.0778000030518
    
      -0.0331199989319
      0.0247299995422
      0.00680999755859
    
      -0.141699996948
      0.0184899997711
      0.185100006104
    
      -0.0137399997711
      -0.0286000003815
      0.0123000030518
    
      -0.0290300006866
      -0.0254899997711
      0.016
    
      0.0308500003815
      -0.0011779999733
      0.242399993896
    
      0.0199899997711
      -0.102599998474
      0.204899993896
    
      0.0253600006104
      -0.0194300003052
      0.242600006104
    
      -0.00873799991608
      -0.0938300018311
      0.181899993896
    
      -0.0627200012207
      0.0237800006866
      0.179899993896
    
      -0.138199996948
      0.0239200000763
      0.1795
    
      -0.0410299987793
      0.0480200004578
      0.210799987793
    
      0.0248700008392
      -0.0974300003052
      0.211700012207
    
      0.0182000007629
      -0.0458199996948
      0.115300003052
    
      -0.111300003052
      0.0226499996185
      0.179600006104
    
      -0.0248099994659
      0.0696699981689
      0.215600006104
    
      0.0276100006104
      -0.0827399978638
      0.206700012207
    
      -0.0360299987793
      -0.0144799995422
      0.201600006104
    
      0.0231700000763
      -0.0876299972534
      0.188100006104
    
      0.0377400016785
      -0.0390800018311
      0.0563999938965
    
      0.0313799991608
      -0.0634799995422
      0.0195
    
      -0.0394099998474
      -0.0361800003052
      0.0150999984741
    
      -0.0365699996948
      -0.0174400005341
      0.00706999969482
    
      -0.0371800003052
      0.0192000007629
      0.179799987793
    
      0.0295499992371
      -0.00323699998856
      0.185
    
      0.0278999996185
      -0.01075
      0.183799987793
    
      -0.0432000007629
      0.0274300003052
      0.177899993896
    
      -0.0357700004578
      -0.0645400009155
      0.0325
    
      0.01325
      0.0339300003052
      0.1825
    
      -0.0328199996948
      -0.0563400001526
      0.209399993896
    
      -0.0406399993896
      0.0103800001144
      0.2085
    
      -0.0424500007629
      0.0257399997711
      0.170799987793
    
      -0.0371300010681
      0.0550400009155
      0.188
    
      0.0296900005341
      0.0291900005341
      0.203399993896
    
      -0.0381199989319
      0.0367700004578
      0.215100006104
    
      0.0271200008392
      0.0131400003433
      0.189700012207
    
      -0.0435400009155
      0.0403499984741
      0.179799987793
    
      -0.0235200004578
      0.0570400009155
      0.0330999984741
    
      0.0181399993896
      0.0402700004578
      0.185299987793
    
      0.0230900001526
      0.0620699996948
      0.234
    
      -0.0238600006104
      -0.0251100006104
      0.0110999984741
    
      -0.00914900016785
      -0.0219200000763
      0.00279000091553
    
      -0.0326399993896
      -0.0661999969482
      0.0156999969482
    
      0.0100500001907
      0.0109300003052
      0.180600006104
    
      -0.00389299988747
      -0.00547599983215
      0.000400001525879
    
      -0.0368600006104
      0.01175
      0.2095
    
      -0.0341599998474
      -0.0282000007629
      0.0219000015259
