
  
 
   
    
      81, 621, 175
    
      175, 621, 61
    
      81, 78, 621
    
      175, 61, 612
    
      612, 434, 175
    
      191, 612, 61
    
      612, 191, 338
    
      338, 434, 612
    
      338, 397, 434
    
      397, 276, 434
    
      338, 192, 397
    
      235, 397, 192
    
      235, 276, 397
    
      276, 235, 610
    
      434, 276, 468
    
      276, 189, 468
    
      61, 621, 620
    
      191, 61, 332
    
      530, 61, 620
    
      620, 619, 530
    
      231, 620, 621
    
      332, 61, 333
    
      619, 620, 231
    
      535, 332, 333
    
      189, 390, 468
    
      175, 68, 81
    
      470, 68, 175
    
      470, 175, 434
    
      434, 468, 470
    
      468, 390, 470
    
      341, 470, 390
    
      470, 275, 68
    
      68, 295, 81
    
      81, 295, 484
    
      58, 81, 484
    
      68, 67, 295
    
      408, 81, 58
    
      275, 67, 68
    
      67, 275, 469
    
      67, 469, 66
    
      295, 186, 484
    
      186, 58, 484
    
      585, 295, 67
    
      66, 546, 67
    
      408, 58, 271
    
      584, 585, 67
    
      58, 186, 272
    
      546, 584, 67
    
      58, 57, 271
    
      272, 57, 58
    
      61, 331, 333
    
      265, 333, 331
    
      61, 530, 232
    
      77, 621, 78
    
      400, 61, 232
    
      232, 530, 619
    
      619, 231, 232
    
      400, 331, 61
    
      400, 631, 331
    
      665, 631, 400
    
      621, 77, 237
    
      277, 621, 237
    
      231, 277, 232
    
      231, 621, 277
    
      232, 632, 400
    
      71, 632, 232
    
      632, 71, 477
    
      665, 400, 632
    
      665, 632, 477
    
      665, 477, 631
    
      277, 422, 232
    
      77, 466, 237
    
      422, 70, 232
    
      70, 71, 232
    
      617, 237, 466
    
      69, 422, 277
    
      618, 237, 617
    
      70, 467, 71
    
      237, 356, 277
    
      237, 419, 356
    
      206, 69, 277
    
      211, 419, 237
    
      617, 466, 307
    
      618, 211, 237
    
      307, 466, 212
    
      25, 422, 69
    
      25, 467, 70
    
      69, 206, 25
    
      111, 206, 277
    
      111, 277, 356
    
      307, 569, 617
    
      617, 569, 618
    
      568, 419, 211
    
      569, 211, 618
    
      391, 568, 211
    
      477, 71, 229
    
      467, 229, 71
    
      308, 212, 466
    
      271, 270, 408
    
      34, 78, 81
    
      8, 81, 408
    
      78, 451, 77
    
      76, 466, 77
    
      180, 76, 77
    
      451, 180, 77
    
      408, 230, 8
    
      142, 466, 76
    
      230, 408, 270
    
      185, 230, 270
    
      142, 308, 466
    
      81, 384, 34
    
      384, 81, 401
    
      78, 34, 183
    
      78, 183, 451
    
      655, 142, 76
    
      656, 142, 655
    
      252, 81, 8
    
      81, 402, 401
    
      402, 81, 322
    
      81, 252, 322
    
      180, 330, 76
    
      180, 451, 536
    
      330, 180, 536
    
      185, 56, 230
    
      76, 330, 359
    
      359, 655, 76
    
      34, 384, 264
    
      183, 34, 433
    
      34, 264, 433
    
      227, 536, 451
    
      384, 635, 264
    
      382, 330, 536
    
      382, 536, 227
    
      33, 382, 227
    
      429, 384, 401
    
      507, 227, 451
    
      183, 507, 451
    
      384, 429, 635
    
      433, 507, 183
    
      359, 330, 182
    
      402, 228, 401
    
      322, 90, 402
    
      228, 429, 401
    
      255, 8, 230
    
      56, 255, 230
    
      252, 489, 322
    
      90, 322, 489
    
      8, 460, 252
    
      255, 460, 8
    
      372, 528, 509
    
      509, 528, 388
    
      372, 509, 508
    
      528, 372, 447
    
      301, 508, 509
    
      447, 121, 528
    
      388, 418, 509
    
      297, 388, 528
    
      528, 527, 297
    
      527, 528, 339
    
      508, 299, 372
    
      243, 447, 372
    
      299, 243, 372
    
      297, 193, 388
    
      297, 527, 193
    
      609, 418, 388
    
      388, 193, 609
    
      191, 418, 609
    
      527, 339, 340
    
      192, 609, 193
    
      378, 193, 527
    
      340, 390, 527
    
      378, 190, 193
    
      193, 235, 192
    
      611, 340, 339
    
      340, 611, 341
    
      341, 390, 340
    
      190, 378, 610
    
      390, 189, 527
    
      189, 378, 527
    
      508, 301, 426
    
      447, 136, 121
    
      136, 425, 121
    
      447, 243, 377
    
      300, 299, 508
    
      426, 300, 508
    
      426, 301, 573
    
      377, 136, 447
    
      425, 136, 572
    
      377, 243, 302
    
      302, 243, 299
    
      299, 300, 302
    
      304, 573, 301
    
      509, 418, 431
    
      191, 431, 418
    
      304, 135, 573
    
      300, 380, 302
    
      121, 425, 362
    
      362, 425, 245
    
      339, 526, 611
    
      528, 234, 339
    
      31, 528, 121
    
      121, 120, 31
    
      526, 339, 234
    
      120, 121, 362
    
      469, 526, 234
    
      528, 9, 234
    
      528, 547, 9
    
      547, 528, 171
    
      31, 171, 528
    
      234, 9, 66
    
      120, 138, 31
    
      469, 234, 66
    
      362, 138, 120
    
      171, 31, 479
    
      479, 31, 138
    
      302, 436, 377
    
      380, 436, 302
    
      140, 436, 380
    
      141, 436, 140
    
      509, 431, 582
    
      431, 296, 582
    
      301, 366, 304
    
      304, 366, 575
    
      582, 296, 38
    
      509, 298, 301
    
      582, 208, 509
    
      301, 298, 448
    
      448, 366, 301
    
      357, 509, 208
    
      582, 398, 208
    
      208, 398, 358
    
      398, 265, 358
    
      298, 509, 581
    
      411, 357, 208
    
      358, 411, 208
    
      298, 581, 580
    
      509, 439, 581
    
      23, 439, 509
    
      357, 23, 509
    
      630, 23, 357
    
      357, 411, 630
    
      581, 439, 399
    
      629, 399, 439
    
      477, 630, 411
    
      477, 229, 630
    
      411, 358, 477
    
      399, 580, 581
    
      196, 439, 23
    
      23, 630, 525
    
      439, 196, 629
    
      630, 229, 525
    
      74, 629, 196
    
      467, 525, 229
    
      525, 236, 23
    
      236, 24, 23
    
      23, 344, 196
    
      344, 23, 520
    
      23, 24, 520
    
      525, 467, 236
    
      287, 427, 608
    
      608, 89, 287
    
      608, 427, 109
    
      288, 287, 89
    
      511, 608, 109
    
      608, 511, 106
    
      512, 608, 106
    
      608, 512, 352
    
      287, 288, 347
    
      200, 287, 347
    
      507, 288, 89
    
      462, 288, 507
    
      450, 507, 89
    
      347, 462, 200
    
      462, 347, 288
    
      89, 423, 450
    
      450, 423, 382
    
      382, 33, 450
    
      405, 511, 109
    
      106, 511, 591
    
      515, 511, 405
    
      515, 591, 511
    
      381, 200, 462
    
      200, 381, 461
    
      462, 429, 381
    
      429, 462, 635
    
      462, 433, 635
    
      228, 381, 429
    
      352, 512, 368
    
      368, 351, 352
    
      108, 405, 109
    
      512, 593, 368
    
      512, 106, 593
    
      106, 591, 203
    
      203, 593, 106
    
      386, 108, 109
    
      405, 108, 590
    
      368, 593, 290
    
      182, 382, 423
    
      122, 89, 608
    
      89, 122, 423
    
      122, 182, 423
    
      596, 352, 351
    
      478, 122, 608
    
      352, 513, 608
    
      596, 513, 352
    
      513, 596, 104
    
      608, 595, 478
    
      657, 122, 478
    
      657, 32, 122
    
      595, 608, 513
    
      32, 251, 122
    
      513, 514, 595
    
      513, 104, 514
    
      104, 596, 594
    
      595, 549, 478
    
      657, 478, 549
    
      170, 32, 657
    
      251, 32, 170
    
      287, 200, 395
    
      600, 395, 200
    
      200, 461, 600
    
      90, 600, 461
    
      108, 386, 406
    
      368, 290, 370
    
      370, 598, 368
    
      598, 370, 664
    
      370, 290, 349
    
      349, 290, 289
    
      354, 406, 386
    
      109, 354, 386
    
      664, 370, 323
    
      664, 323, 14
    
      289, 385, 349
    
      289, 441, 385
    
      202, 406, 354
    
      406, 202, 541
    
      64, 14, 323
    
      354, 109, 456
    
      395, 600, 489
    
      600, 90, 489
    
      396, 109, 427
    
      109, 396, 456
    
      354, 456, 485
    
      256, 485, 456
    
      287, 199, 427
    
      287, 15, 199
    
      287, 486, 15
    
      287, 395, 486
    
      427, 199, 396
    
      348, 486, 395
    
      597, 396, 199
    
      353, 597, 199
    
      91, 486, 348
    
      348, 395, 489
    
      91, 348, 548
    
      548, 348, 489
    
      15, 487, 199
    
      199, 105, 353
    
      653, 105, 199
    
      487, 653, 199
    
      15, 486, 375
    
      375, 626, 15
    
      267, 375, 486
    
      486, 91, 267
    
      487, 15, 626
    
      267, 91, 201
    
      474, 105, 653
    
      653, 487, 626
    
      268, 653, 626
    
      653, 268, 474
    
      144, 488, 587
    
      355, 587, 488
    
      488, 588, 355
    
      144, 110, 488
    
      110, 144, 145
    
      145, 144, 269
    
      294, 110, 145
    
      145, 269, 453
    
      453, 294, 145
    
      294, 584, 110
    
      588, 454, 355
    
      587, 355, 454
    
      566, 454, 588
    
      588, 488, 589
    
      488, 329, 589
    
      181, 488, 110
    
      488, 181, 329
    
      588, 589, 148
    
      566, 588, 148
    
      110, 584, 181
    
      329, 480, 589
    
      586, 587, 454
    
      473, 269, 144
    
      586, 454, 312
    
      312, 454, 220
    
      205, 220, 454
    
      587, 146, 144
    
      587, 147, 146
    
      147, 587, 586
    
      473, 144, 146
    
      147, 586, 152
    
      146, 147, 54
    
      47, 146, 54
    
      55, 146, 47
    
      147, 152, 54
    
      153, 54, 152
    
      270, 146, 55
    
      271, 146, 270
    
      47, 54, 625
    
      45, 625, 54
    
      55, 47, 56
    
      46, 47, 625
    
      54, 153, 45
    
      55, 56, 185
    
      625, 375, 46
    
      625, 45, 626
    
      56, 47, 267
    
      47, 46, 267
    
      475, 624, 221
    
      413, 624, 475
    
      624, 413, 151
    
      413, 565, 151
    
      565, 413, 313
    
      313, 154, 565
    
      565, 154, 152
    
      152, 586, 565
    
      154, 153, 152
    
      624, 151, 544
    
      586, 312, 565
    
      565, 312, 151
    
      153, 154, 45
    
      474, 45, 154
    
      544, 151, 364
    
      364, 151, 312
    
      364, 622, 544
    
      220, 364, 312
    
      273, 364, 220
    
      364, 273, 455
    
      204, 364, 455
    
      273, 220, 150
    
      273, 150, 187
    
      187, 22, 273
    
      187, 150, 410
    
      220, 205, 150
    
      22, 187, 410
    
      311, 150, 205
    
      214, 311, 205
    
      205, 149, 214
    
      566, 149, 205
    
      205, 454, 566
    
      149, 213, 214
    
      214, 213, 503
    
      149, 148, 213
    
      148, 149, 566
    
      309, 305, 113
    
      113, 305, 210
    
      309, 113, 502
    
      646, 113, 210
    
      502, 113, 306
    
      309, 502, 567
    
      567, 391, 309
    
      568, 391, 567
    
      306, 113, 25
    
      306, 25, 206
    
      206, 112, 306
    
      646, 279, 113
    
      650, 279, 646
    
      414, 113, 279
    
      414, 75, 113
    
      25, 113, 75
    
      279, 650, 520
    
      112, 356, 306
    
      210, 305, 165
    
      210, 557, 646
    
      165, 219, 210
    
      557, 210, 219
    
      557, 650, 646
    
      557, 344, 650
    
      344, 520, 650
    
      166, 557, 219
    
      557, 167, 344
    
      166, 167, 557
    
      501, 165, 305
    
      391, 310, 309
    
      164, 305, 309
    
      7, 164, 309
    
      309, 570, 7
    
      143, 570, 309
    
      305, 164, 501
    
      310, 143, 309
    
      559, 501, 164
    
      310, 391, 212
    
      482, 559, 164
    
      7, 1, 164
    
      7, 570, 4
    
      543, 164, 1
    
      143, 500, 570
    
      543, 482, 164
    
      143, 656, 500
    
      170, 4, 570
    
      500, 170, 570
    
      543, 1, 26
    
      543, 26, 292
    
      7, 549, 1
    
      553, 325, 437
    
      437, 325, 317
    
      553, 249, 325
    
      363, 553, 437
    
      280, 437, 317
    
      317, 282, 280
    
      280, 571, 437
    
      363, 437, 403
    
      380, 403, 437
    
      363, 403, 428
    
      666, 553, 363
    
      666, 483, 553
    
      666, 363, 428
    
      249, 321, 325
    
      317, 602, 282
    
      552, 317, 325
    
      552, 602, 317
    
      325, 316, 552
    
      321, 316, 325
    
      491, 602, 552
    
      491, 346, 602
    
      662, 346, 491
    
      444, 552, 316
    
      215, 444, 316
    
      552, 444, 415
    
      552, 415, 179
    
      552, 179, 491
    
      179, 662, 491
    
      662, 179, 327
    
      173, 415, 444
    
      420, 415, 173
    
      420, 179, 415
    
      179, 420, 314
    
      179, 314, 327
    
      314, 371, 327
    
      369, 371, 314
    
      458, 369, 314
    
      420, 458, 314
    
      420, 173, 458
    
      458, 173, 555
    
      223, 555, 173
    
      555, 223, 441
    
      458, 555, 490
    
      555, 441, 490
    
      369, 458, 350
    
      350, 458, 291
    
      107, 291, 458
    
      107, 458, 490
    
      441, 203, 490
    
      203, 107, 490
    
      294, 453, 295
    
      585, 294, 295
    
      186, 295, 453
    
      269, 186, 453
    
      272, 186, 269
    
      269, 473, 272
    
      57, 272, 473
    
      191, 609, 338
    
      192, 338, 609
    
      227, 507, 450
    
      33, 227, 450
    
      25, 236, 467
    
      75, 236, 25
    
      75, 414, 236
    
      414, 24, 236
    
      24, 414, 279
    
      279, 520, 24
    
      507, 433, 462
    
      353, 105, 592
    
      560, 319, 165
    
      537, 560, 165
    
      165, 417, 537
    
      165, 501, 417
    
      412, 537, 417
    
      417, 337, 412
    
      337, 416, 412
    
      559, 417, 501
    
      274, 416, 337
    
      319, 558, 165
    
      558, 219, 165
    
      558, 319, 556
    
      556, 319, 492
    
      319, 442, 492
    
      556, 492, 387
    
      516, 387, 492
    
      492, 241, 516
    
      464, 387, 516
    
      197, 464, 516
    
      377, 436, 139
    
      383, 377, 139
    
      136, 377, 383
    
      383, 572, 136
    
      572, 383, 246
    
      572, 246, 407
    
      407, 245, 572
    
      425, 572, 245
    
      407, 137, 245
    
      407, 529, 137
    
      623, 159, 216
    
      216, 160, 623
    
      160, 430, 623
    
      160, 59, 430
    
      59, 258, 430
    
      623, 551, 159
    
      335, 159, 551
    
      59, 160, 60
    
      443, 216, 159
    
      159, 30, 443
    
      30, 159, 539
    
      159, 639, 539
    
      335, 540, 159
    
      540, 639, 159
    
      540, 335, 324
    
      160, 216, 452
    
      60, 160, 452
    
      114, 452, 216
    
      216, 328, 114
    
      328, 216, 443
    
      328, 443, 30
    
      335, 551, 249
    
      249, 324, 335
    
      258, 19, 430
    
      169, 623, 430
    
      430, 173, 169
    
      623, 215, 551
    
      215, 623, 169
    
      551, 215, 321
    
      321, 249, 551
    
      324, 249, 483
    
      540, 324, 224
    
      483, 224, 324
    
      257, 59, 60
    
      60, 452, 257
    
      174, 258, 59
    
      174, 223, 258
    
      651, 174, 59
    
      257, 651, 59
    
      19, 258, 223
    
      663, 404, 315
    
      261, 404, 663
    
      404, 261, 239
    
      239, 519, 404
    
      198, 519, 239
    
      663, 247, 261
    
      261, 82, 239
    
      603, 239, 82
    
      82, 261, 247
    
      604, 198, 239
    
      239, 603, 604
    
      320, 663, 315
    
      3, 663, 320
    
      603, 463, 604
    
      463, 603, 82
    
      85, 604, 463
    
      663, 494, 247
    
      247, 494, 82
    
      82, 493, 463
    
      663, 3, 481
    
      519, 198, 83
    
      320, 2, 3
    
      3, 2, 481
    
      640, 320, 315
    
      315, 262, 640
    
      2, 320, 640
    
      640, 29, 2
    
      178, 640, 262
    
      177, 178, 262
    
      404, 519, 392
    
      392, 519, 86
    
      371, 262, 315
    
      404, 424, 315
    
      424, 371, 315
    
      404, 392, 424
    
      177, 262, 371
    
      86, 282, 392
    
      86, 519, 517
    
      518, 517, 519
    
      392, 346, 424
    
      392, 282, 346
    
      424, 346, 327
    
      156, 562, 497
    
      497, 562, 158
    
      496, 562, 156
    
      645, 497, 158
    
      158, 627, 645
    
      562, 496, 563
    
      563, 495, 562
    
      39, 627, 158
    
      39, 41, 627
    
      496, 156, 157
    
      628, 158, 562
    
      495, 628, 562
    
      157, 542, 496
    
      563, 496, 542
    
      497, 645, 499
    
      644, 645, 627
    
      645, 644, 499
    
      497, 499, 155
    
      40, 644, 627
    
      644, 498, 499
    
      155, 499, 498
    
      564, 156, 497
    
      156, 564, 579
    
      660, 564, 497
    
      155, 660, 497
    
      564, 660, 253
    
      156, 579, 79
    
      79, 157, 156
    
      80, 217, 649
    
      217, 80, 648
    
      80, 283, 648
    
      649, 217, 125
    
      80, 649, 607
    
      649, 125, 73
    
      87, 283, 80
    
      217, 209, 125
    
      209, 217, 365
    
      126, 209, 365
    
      126, 638, 209
    
      659, 638, 126
    
      644, 53, 498
    
      118, 498, 53
    
      644, 40, 53
    
      52, 53, 40
    
      40, 627, 52
    
      52, 627, 41
    
      172, 52, 41
    
      118, 176, 498
    
      176, 155, 498
    
      636, 155, 176
    
      155, 636, 660
    
      660, 636, 637
    
      207, 328, 583
    
      207, 114, 328
    
      114, 207, 452
    
      394, 452, 207
    
      394, 207, 115
    
      115, 207, 116
    
      263, 583, 328
    
      263, 328, 30
    
      263, 659, 583
    
      538, 659, 263
    
      538, 638, 659
    
      115, 51, 394
    
      257, 394, 51
    
      394, 257, 452
    
      51, 115, 50
    
      50, 49, 51
    
      51, 184, 257
    
      18, 257, 184
    
      658, 48, 250
    
      250, 6, 658
    
      48, 50, 250
    
      658, 634, 48
    
      116, 250, 50
    
      48, 49, 50
    
      116, 583, 250
    
      50, 115, 116
    
      48, 634, 599
    
      49, 48, 599
    
      116, 207, 583
    
      634, 658, 550
    
      248, 658, 6
    
      658, 248, 561
    
      561, 550, 658
    
      250, 161, 6
    
      217, 6, 161
    
      365, 217, 161
    
      659, 161, 250
    
      583, 659, 250
    
      365, 161, 659
    
      126, 365, 659
    
      648, 6, 217
    
      248, 6, 283
    
      648, 283, 6
    
      663, 481, 542
    
      542, 494, 663
    
      494, 542, 493
    
      494, 493, 82
    
      157, 493, 542
    
      542, 481, 563
    
      481, 28, 563
    
      2, 28, 481
    
      28, 495, 563
    
      495, 28, 27
    
      28, 2, 27
    
      27, 2, 29
    
      84, 493, 157
    
      79, 84, 157
    
      463, 493, 84
    
      85, 463, 84
    
      123, 579, 564
    
      123, 564, 253
    
      194, 123, 253
    
      123, 127, 579
    
      127, 578, 579
    
      12, 123, 194
    
      660, 12, 194
    
      660, 194, 253
    
      637, 12, 660
    
      12, 637, 654
    
      124, 579, 578
    
      579, 124, 79
    
      79, 124, 606
    
      438, 124, 578
    
      124, 438, 606
    
      480, 171, 589
    
      171, 480, 547
    
      589, 171, 479
    
      480, 9, 547
    
      329, 9, 480
    
      9, 329, 181
    
      9, 181, 66
    
      546, 66, 181
    
      332, 431, 191
    
      332, 296, 431
    
      535, 296, 332
    
      535, 38, 296
    
      38, 535, 582
    
      398, 582, 535
    
      535, 333, 398
    
      333, 265, 398
    
      169, 173, 444
    
      169, 444, 215
    
      252, 91, 548
    
      252, 460, 91
    
      91, 460, 201
    
      489, 252, 548
    
      470, 341, 611
    
      275, 470, 611
    
      526, 275, 611
    
      469, 275, 526
    
      201, 652, 255
    
      529, 233, 188
    
      405, 350, 291
    
      515, 405, 291
    
      590, 350, 405
    
      291, 107, 515
    
      515, 107, 591
    
      625, 626, 375
    
      546, 181, 584
    
      300, 426, 403
    
      428, 403, 426
    
      403, 380, 300
    
      573, 428, 426
    
      212, 391, 307
    
      569, 307, 391
    
      211, 569, 391
    
      334, 476, 533
    
      122, 655, 359
    
      655, 122, 251
    
      251, 656, 655
    
      182, 122, 359
    
      631, 477, 358
    
      331, 631, 358
    
      265, 331, 358
    
      346, 662, 327
    
      163, 286, 218
    
      20, 163, 218
    
      286, 163, 284
    
      88, 286, 284
    
      286, 88, 285
    
      20, 218, 374
    
      284, 601, 88
    
      616, 20, 374
    
      616, 226, 20
    
      163, 20, 21
    
      21, 20, 226
    
      21, 162, 163
    
      162, 87, 163
    
      163, 87, 284
    
      284, 87, 601
    
      616, 374, 412
    
      241, 286, 285
    
      286, 560, 218
    
      286, 442, 560
    
      560, 374, 218
    
      286, 241, 442
    
      560, 537, 374
    
      412, 374, 537
    
      241, 492, 442
    
      560, 442, 319
    
      376, 524, 72
    
      278, 524, 376
    
      72, 523, 376
    
      72, 421, 523
    
      504, 421, 72
    
      523, 421, 361
    
      195, 278, 376
    
      195, 376, 342
    
      342, 523, 361
    
      523, 342, 376
    
      238, 278, 195
    
      524, 278, 521
    
      521, 522, 524
    
      521, 278, 238
    
      522, 647, 524
    
      577, 504, 72
    
      524, 73, 72
    
      577, 72, 73
    
      649, 73, 524
    
      649, 524, 647
    
      505, 577, 73
    
      649, 647, 607
    
      73, 125, 505
    
      505, 209, 577
    
      209, 505, 125
    
      373, 577, 209
    
      133, 504, 577
    
      504, 576, 421
    
      577, 373, 133
    
      361, 421, 575
    
      576, 575, 421
    
      132, 133, 373
    
      360, 504, 133
    
      360, 576, 504
    
      373, 209, 303
    
      303, 132, 373
    
      260, 576, 360
    
      260, 575, 576
    
      133, 134, 360
    
      360, 134, 225
    
      133, 132, 134
    
      370, 99, 37
    
      99, 370, 349
    
      370, 37, 323
    
      389, 323, 37
    
      389, 614, 323
    
      36, 37, 99
    
      64, 323, 614
    
      389, 37, 94
    
      37, 36, 94
    
      36, 99, 93
    
      94, 35, 389
    
      63, 64, 614
    
      614, 389, 62
    
      389, 35, 62
    
      93, 95, 36
    
      95, 94, 36
    
      35, 94, 633
    
      99, 100, 93
    
      385, 99, 349
    
      385, 100, 99
    
      100, 17, 93
    
      93, 17, 18
    
      385, 222, 100
    
      92, 16, 158
    
      16, 39, 158
    
      92, 158, 628
    
      16, 41, 39
    
      92, 628, 242
    
      41, 16, 172
    
      16, 334, 172
    
      334, 44, 172
    
      242, 628, 615
    
      615, 628, 495
    
      642, 242, 615
    
      27, 615, 495
    
      615, 27, 642
    
      446, 65, 10
    
      65, 446, 449
    
      130, 449, 446
    
      449, 506, 65
    
      10, 246, 446
    
      613, 246, 10
    
      139, 130, 446
    
      383, 139, 446
    
      383, 446, 246
    
      130, 131, 449
    
      130, 139, 445
    
      445, 131, 130
    
      506, 449, 240
    
      240, 449, 131
    
      139, 436, 445
    
      281, 240, 131
    
      131, 445, 281
    
      244, 506, 240
    
      233, 613, 10
    
      10, 11, 233
    
      506, 127, 65
    
      506, 244, 129
    
      11, 10, 654
    
      506, 129, 127
    
      244, 128, 129
    
      10, 65, 123
    
      12, 10, 123
    
      123, 65, 127
    
      654, 10, 12
    
      127, 129, 578
    
      129, 128, 438
    
      129, 438, 578
    
      96, 354, 485
    
      96, 98, 354
    
      354, 98, 202
    
      96, 485, 476
    
      476, 485, 534
    
      440, 534, 485
    
      96, 242, 98
    
      96, 476, 92
    
      96, 92, 242
    
      476, 16, 92
    
      334, 16, 476
    
      43, 534, 440
    
      534, 43, 44
    
      534, 44, 334
    
      642, 98, 242
    
      202, 98, 641
    
      98, 97, 641
    
      97, 98, 642
    
      202, 641, 541
    
      88, 522, 285
    
      607, 522, 88
    
      647, 522, 607
    
      607, 88, 601
    
      522, 197, 285
    
      197, 522, 521
    
      516, 285, 197
    
      634, 550, 62
    
      633, 634, 62
    
      62, 550, 13
    
      633, 62, 35
    
      95, 634, 633
    
      94, 95, 633
    
      634, 95, 599
    
      599, 95, 93
    
      184, 599, 93
    
      599, 184, 49
    
      93, 18, 184
    
      184, 51, 49
    
      117, 119, 472
    
      472, 119, 510
    
      119, 622, 510
    
      455, 472, 510
    
      204, 510, 622
    
      510, 204, 455
    
      622, 364, 204
    
      345, 266, 464
    
      266, 168, 464
    
      379, 266, 345
    
      74, 168, 266
    
      266, 379, 399
    
      167, 168, 74
    
      168, 167, 166
    
      168, 166, 558
    
      168, 556, 464
    
      168, 558, 556
    
      387, 464, 556
    
      379, 345, 574
    
      379, 574, 399
    
      64, 63, 616
    
      616, 471, 64
    
      412, 471, 616
    
      64, 471, 14
    
      412, 416, 471
    
      471, 416, 14
    
      226, 616, 63
    
      13, 226, 63
    
      63, 62, 13
    
      62, 63, 614
    
      97, 640, 641
    
      641, 640, 178
    
      178, 541, 641
    
      178, 177, 541
    
      541, 177, 435
    
      406, 541, 435
    
      640, 97, 642
    
      642, 29, 640
    
      27, 29, 642
    
      643, 409, 661
    
      661, 409, 5
    
      409, 643, 336
    
      336, 643, 472
    
      117, 472, 643
    
      188, 661, 5
    
      661, 188, 11
    
      188, 233, 11
    
      393, 5, 409
    
      5, 393, 188
    
      472, 455, 336
    
      410, 393, 409
    
      410, 409, 22
    
      336, 273, 409
    
      22, 409, 273
    
      273, 336, 455
    
      393, 410, 188
    
      176, 643, 661
    
      643, 176, 117
    
      661, 11, 654
    
      176, 661, 636
    
      661, 654, 636
    
      636, 654, 637
    
      134, 639, 540
    
      134, 540, 225
    
      539, 639, 134
    
      134, 538, 539
    
      303, 538, 134
    
      538, 30, 539
    
      132, 303, 134
    
      538, 303, 638
    
      30, 538, 263
    
      638, 303, 209
    
      540, 260, 225
    
      360, 225, 260
    
      224, 260, 540
    
      221, 531, 42
    
      531, 221, 259
    
      42, 440, 221
    
      42, 43, 440
    
      531, 259, 119
    
      119, 259, 545
    
      622, 119, 545
    
      221, 624, 259
    
      545, 259, 624
    
      545, 624, 544
    
      544, 622, 545
    
      42, 44, 43
    
      53, 531, 119
    
      42, 531, 52
    
      531, 53, 52
    
      42, 52, 44
    
      52, 172, 44
    
      361, 575, 366
    
      432, 361, 366
    
      361, 432, 342
    
      367, 432, 366
    
      366, 448, 367
    
      432, 367, 343
    
      432, 343, 342
    
      248, 283, 87
    
      87, 162, 248
    
      248, 162, 21
    
      248, 21, 561
    
      21, 226, 561
    
      226, 550, 561
    
      226, 13, 550
    
      83, 518, 519
    
      83, 240, 518
    
      83, 244, 240
    
      244, 83, 604
    
      198, 604, 83
    
      128, 244, 604
    
      605, 128, 604
    
      604, 85, 605
    
      605, 438, 128
    
      606, 438, 605
    
      85, 84, 605
    
      84, 606, 605
    
      518, 240, 281
    
      517, 518, 281
    
      257, 17, 651
    
      17, 257, 18
    
      17, 100, 651
    
      100, 222, 651
    
      222, 174, 651
    
      174, 222, 441
    
      222, 385, 441
    
      223, 174, 441
    
      260, 666, 575
    
      666, 135, 575
    
      135, 666, 428
    
      135, 304, 575
    
      573, 135, 428
    
      417, 318, 337
    
      417, 559, 318
    
      559, 482, 318
    
      482, 103, 318
    
      337, 318, 102
    
      102, 274, 337
    
      103, 102, 318
    
      514, 102, 103
    
      0, 274, 102
    
      0, 254, 274
    
      416, 274, 254
    
      0, 102, 459
    
      594, 459, 102
    
      664, 0, 459
    
      0, 664, 254
    
      532, 440, 485
    
      485, 256, 532
    
      256, 597, 532
    
      396, 597, 256
    
      597, 101, 532
    
      440, 532, 475
    
      353, 101, 597
    
      371, 369, 177
    
      177, 369, 435
    
      369, 350, 435
    
      350, 590, 435
    
      4, 657, 7
    
      549, 7, 657
    
      657, 4, 170
    
      459, 598, 664
    
      598, 459, 351
    
      596, 351, 459
    
      594, 596, 459
    
      368, 598, 351
    
      119, 118, 53
    
      119, 117, 118
    
      118, 117, 176
    
      475, 465, 413
    
      457, 413, 465
    
      413, 457, 313
    
      554, 457, 465
    
      313, 457, 554
    
      154, 313, 554
    
      475, 101, 465
    
      293, 554, 465
    
      465, 101, 293
    
      592, 154, 554
    
      353, 592, 554
    
      101, 353, 293
    
      353, 554, 293
    
      326, 503, 137
    
      326, 214, 503
    
      311, 214, 326
    
      137, 503, 245
    
      381, 402, 461
    
      228, 402, 381
    
      402, 90, 461
    
      502, 356, 567
    
      567, 356, 419
    
      419, 568, 567
    
      306, 356, 502
    
      107, 203, 591
    
      282, 86, 280
    
      280, 86, 517
    
      517, 281, 280
    
      138, 362, 503
    
      503, 213, 138
    
      148, 138, 213
    
      245, 503, 362
    
      310, 142, 143
    
      310, 308, 142
    
      308, 310, 212
    
      656, 143, 142
    
      549, 595, 1
    
      1, 595, 26
    
      26, 595, 292
    
      514, 292, 595
    
      521, 345, 464
    
      238, 345, 521
    
      521, 464, 197
    
      594, 102, 104
    
      102, 514, 104
    
      585, 584, 294
    
      190, 235, 193
    
      610, 235, 190
    
      626, 45, 268
    
      45, 474, 268
    
      516, 241, 285
    
      448, 298, 574
    
      574, 298, 580
    
      574, 580, 399
    
      375, 267, 46
    
      330, 382, 182
    
      19, 173, 430
    
      173, 19, 223
    
      399, 629, 266
    
      629, 74, 266
    
      635, 433, 264
    
      474, 154, 105
    
      154, 592, 105
    
      327, 371, 424
    
      270, 55, 185
    
      271, 473, 146
    
      271, 57, 473
    
      483, 249, 553
    
      590, 406, 435
    
      406, 590, 108
    
      602, 346, 282
    
      281, 571, 280
    
      141, 571, 281
    
      14, 254, 664
    
      254, 14, 416
    
      396, 256, 456
    
      166, 219, 558
    
      195, 345, 238
    
      407, 233, 529
    
      170, 500, 251
    
      656, 251, 500
    
      203, 441, 289
    
      593, 203, 289
    
      290, 593, 289
    
      206, 111, 112
    
      111, 356, 112
    
      215, 316, 321
    
      652, 201, 460
    
      367, 574, 345
    
      367, 345, 343
    
      343, 345, 195
    
      574, 367, 448
    
      410, 326, 188
    
      188, 326, 137
    
      221, 440, 475
    
      410, 150, 326
    
      326, 150, 311
    
      87, 80, 607
    
      87, 607, 601
    
      589, 138, 148
    
      56, 267, 255
    
      267, 201, 255
    
      140, 437, 571
    
      437, 140, 380
    
      571, 141, 140
    
      79, 606, 84
    
      101, 475, 532
    
      445, 436, 281
    
      436, 141, 281
    
      188, 137, 529
    
      666, 260, 224
    
      483, 666, 224
    
      479, 138, 589
    
      407, 613, 233
    
      534, 533, 476
    
      342, 343, 195
    
      334, 533, 534
    
      25, 70, 422
    
      613, 407, 246
    
      167, 196, 344
    
      167, 74, 196
    
      378, 189, 276
    
      276, 610, 378
    
      482, 292, 103
    
      292, 514, 103
    
      543, 292, 482
    
      255, 652, 460
   
    
      -0.0180300006866
      0.0147299995422
      0.0210999908447
    
      -0.0197299995422
      0.0239099998474
      0.0175999908447
    
      -0.0106400003433
      -0.0116099996567
      0.0356999969482
    
      -0.00911800003052
      -0.0108699998856
      0.0355
    
      -0.01975
      0.0240400009155
      0.0065
    
      0.00353500008583
      -0.0343899993896
      0.0233999938965
    
      -0.000797999978065
      0.0124099998474
      0.0413000030518
    
      -0.0183600006104
      0.0239500007629
      0.0118999938965
    
      -0.0189899997711
      -0.0353699989319
      0.000300003051758
    
      0.0104300003052
      -0.0390600013733
      0.00389999389648
    
      0.00762099981308
      -0.0292199993134
      0.0321999969482
    
      0.00578999996185
      -0.0321699981689
      0.0323000030518
    
      0.0061939997673
      -0.0299300003052
      0.0366999969482
    
      -0.0135399999619
      0.0164599990845
      0.038
    
      -0.0163600006104
      0.0157399997711
      0.0218000030518
    
      -0.0216000003815
      -0.0344799995422
      0.0128000030518
    
      -0.0175499992371
      -0.0271900005341
      0.0373999938965
    
      -0.0164500007629
      -0.000825200021267
      0.0331999969482
    
      -0.0159499998093
      -0.000540000021458
      0.036
    
      -0.0111800003052
      -0.00532399988174
      0.0218999938965
    
      -0.00901299953461
      0.0208099994659
      0.0338000030518
    
      -0.00721299982071
      0.0199400005341
      0.0375999908447
    
      0.000258599996567
      -0.0365099983215
      0.0208999938965
    
      0.0109899997711
      0.0205799999237
      0.0123999938965
    
      0.0103100004196
      0.0231100006104
      0.0115
    
      0.00909700012207
      0.0236499996185
      0.00209999084473
    
      -0.0200400009155
      0.0235300006866
      0.0190999908447
    
      -0.0131999998093
      -0.0139499998093
      0.037
    
      -0.011529999733
      -0.0133000001907
      0.0375
    
      -0.0124799995422
      -0.0127399997711
      0.0358999938965
    
      4.52600009739e-05
      -0.00493800020218
      0.0358999938965
    
      0.0104799995422
      -0.0380699996948
      0.0170999908447
    
      -0.0207199993134
      0.0226499996185
      0.004
    
      -0.0208600006104
      0.00840400028229
      0.0015
    
      -0.0189599990845
      -0.00316799998283
      0.000800003051758
    
      -0.0173700008392
      0.0125500001907
      0.0365999908447
    
      -0.0186000003815
      0.00678599977493
      0.0355999908447
    
      -0.0187999992371
      0.00944999980927
      0.0325
    
      0.0111199998856
      0.00634600019455
      0.00180000305176
    
      -0.0150699996948
      -0.0274099998474
      0.0395
    
      -0.0109300003052
      -0.0327700004578
      0.039
    
      -0.0148699998856
      -0.0299099998474
      0.0388000030518
    
      -0.015
      -0.0337700004578
      0.0323999938965
    
      -0.0170699996948
      -0.0315400009155
      0.0328999938965
    
      -0.0165400009155
      -0.0318099994659
      0.0356999969482
    
      -0.0207199993134
      -0.0389799995422
      0.0185999908447
    
      -0.0207399997711
      -0.0390200004578
      0.00480000305176
    
      -0.0199200000763
      -0.0392599983215
      0.00430000305176
    
      -0.0117600002289
      0.00432499980927
      0.0410999908447
    
      -0.0135900001526
      0.00194400000572
      0.0398999938965
    
      -0.0101300001144
      0.000726899981499
      0.0406999969482
    
      -0.0132700004578
      -0.000562200009823
      0.0383999938965
    
      -0.0128599996567
      -0.0340999984741
      0.0368999938965
    
      -0.00863500022888
      -0.0361699981689
      0.0368999938965
    
      -0.0185799999237
      -0.0395999984741
      0.0160999908447
    
      -0.0181499996185
      -0.0394000015259
      0.00130000305176
    
      -0.0205
      -0.03875
      0.00119999694824
    
      -0.0109200000763
      -0.0395099983215
      0.000599990844727
    
      -0.0104899997711
      -0.0378400001526
      0.000300003051758
    
      -0.0105100002289
      -0.00482499980927
      0.0320999908447
    
      -0.00925199985504
      -0.00513000011444
      0.0353000030518
    
      0.00753499984741
      0.00168499994278
      0.000899993896484
    
      -0.0158800001144
      0.0148199996948
      0.0371999969482
    
      -0.0146700000763
      0.0175799999237
      0.0350999908447
    
      -0.01575
      0.0165799999237
      0.0265
    
      0.00842099952698
      -0.0242199993134
      0.0326999969482
    
      0.0101800003052
      -0.0385800018311
      0.00109999084473
    
      0.00893400001526
      -0.0375400009155
      0.000699996948242
    
      0.00678200006485
      -0.0302700004578
      0.0005
    
      0.00763800001144
      0.0231299991608
      0.00159999084473
    
      0.00979199981689
      0.0210599994659
      0.00139999389648
    
      0.0101899995804
      0.0196299991608
      0.0015
    
      0.00866100025177
      0.00892000007629
      0.0313999938965
    
      0.00816600036621
      0.0100699996948
      0.0358999938965
    
      0.0104399995804
      0.0211599998474
      0.0205999908447
    
      0.00986800003052
      0.02375
      0.00419999694824
    
      -0.0185300006866
      0.0201700000763
      0.00119999694824
    
      -0.0128199996948
      0.0148599996567
      0.000899993896484
    
      -0.0137600002289
      0.00261199998856
      0.0005
    
      0.00243799996376
      -0.0173600006104
      0.0393000030518
    
      0.0035720000267
      0.0158999996185
      0.0380999908447
    
      -0.0112899999619
      -0.0226700000763
      0.0
    
      -0.00189499998093
      -0.0109200000763
      0.0355999908447
    
      0.00417399978638
      -0.0139200000763
      0.0321999969482
    
      0.00226600003242
      -0.0141700000763
      0.0373999938965
    
      0.00245700001717
      -0.0131899995804
      0.036
    
      0.00287299990654
      -0.0122600002289
      0.0233999938965
    
      -4.5079998672e-05
      0.0194300003052
      0.0375
    
      0.00154499995708
      0.0197900009155
      0.0326999969482
    
      -0.0212199993134
      0.00868700027466
      0.00330000305176
    
      -0.0211599998474
      -0.0210499992371
      0.000800003051758
    
      -0.0217900009155
      -0.0347900009155
      0.00130000305176
    
      -0.0181100006104
      -0.0233199996948
      0.0373000030518
    
      -0.0176499996185
      0.0026930000782
      0.0360999908447
    
      -0.0181599998474
      0.00991800022125
      0.0365
    
      -0.0175200004578
      0.00709999990463
      0.0376999969482
    
      -0.0190699996948
      -0.0224099998474
      0.0326999969482
    
      -0.0165200004578
      -0.0153999996185
      0.0323999938965
    
      -0.0181200008392
      -0.0179200000763
      0.0315
    
      -0.0189500007629
      0.00408599996567
      0.0298999938965
    
      -0.0177299995422
      0.00050260001421
      0.0303000030518
    
      -0.0198099994659
      -0.0328499984741
      0.0200999908447
    
      -0.0191299991608
      0.0197900009155
      0.021
    
      -0.0192000007629
      0.0225100002289
      0.0208000030518
    
      -0.0204099998474
      0.0201399993896
      0.02
    
      -0.0213899993896
      -0.0368499984741
      0.0193000030518
    
      -0.0208199996948
      -7.13599994779e-05
      0.0193999938965
    
      -0.0201200008392
      -0.00596400022507
      0.0203000030518
    
      -0.0207700004578
      -0.0159799995422
      0.0205
    
      -0.0211200008392
      -0.0172000007629
      0.0190999908447
    
      0.0052389998436
      -0.0398400001526
      0.00189999389648
    
      0.00296000003815
      0.0238899993896
      0.00169999694824
    
      0.002757999897
      0.0240699996948
      0.00180000305176
    
      0.00701399993896
      0.0240599994659
      0.00609999084473
    
      -0.00527899980545
      -0.00501599979401
      0.0371999969482
    
      -0.00914900016785
      -0.00171099996567
      0.0395999908447
    
      -0.00628399991989
      -0.000893899977207
      0.0406999969482
    
      -0.00315700006485
      -0.0375800018311
      0.0333999938965
    
      -0.00427899980545
      -0.0370999984741
      0.0360999908447
    
      -0.00729600000381
      -0.0375600013733
      0.0311999969482
    
      0.0102700004578
      -0.0365699996948
      0.0186999969482
    
      0.0104799995422
      -0.0314099998474
      0.018
    
      -0.0212299995422
      0.0180900001526
      0.00359999084473
    
      0.00716099977493
      -0.0258199996948
      0.037
    
      0.00590799999237
      -0.0190300006866
      0.0375
    
      0.00774900007248
      0.00796400022507
      0.0375
    
      0.00511800003052
      0.00258100008965
      0.0393000030518
    
      0.0075110001564
      -0.0217099990845
      0.0361999969482
    
      0.00564799976349
      -0.0160900001526
      0.0353999938965
    
      0.00685200023651
      -0.0188600006104
      0.0358000030518
    
      0.00829800033569
      -0.0200100002289
      0.0230999908447
    
      0.00774100017548
      -0.0174599990845
      0.024
    
      0.00755399990082
      0.00179600000381
      0.0355999908447
    
      0.0080389995575
      0.0024960000515
      0.0338000030518
    
      0.00601399993896
      -0.00129999995232
      0.0328999938965
    
      0.0101499996185
      -0.00064770001173
      0.0203999938965
    
      0.0103199996948
      -0.0269500007629
      0.0191999969482
    
      0.00780399990082
      -0.0335200004578
      0.0203000030518
    
      0.00990999984741
      -0.0385499992371
      0.0191999969482
    
      0.00869900035858
      -0.0207800006866
      0.0213999938965
    
      0.00836600017548
      -0.0123199996948
      0.0220999908447
    
      0.00810000038147
      -0.0137700004578
      0.023
    
      -0.0175900001526
      0.0232600002289
      0.0015
    
      -0.0172800006866
      0.0240200004578
      0.00230000305176
    
      -0.00716400003433
      -0.0398800010681
      0.00280000305176
    
      -0.00383899998665
      -0.0397799987793
      0.00139999389648
    
      -0.0146099996567
      -0.0396399993896
      0.00369999694824
    
      -0.0149200000763
      -0.0398300018311
      0.0166999969482
    
      0.00855200004578
      -0.0396800003052
      0.0193000030518
    
      0.00721799993515
      -0.0392599983215
      0.0195999908447
    
      0.00143400001526
      -0.0378300018311
      0.0203999938965
    
      -0.0102700004578
      -0.0383100013733
      0.0198999938965
    
      -0.0163199996948
      -0.0394099998474
      0.019
    
      -0.0192700004578
      -0.0391300010681
      0.0193999938965
    
      -0.0197000007629
      -0.0382700004578
      0.0198000030518
    
      -0.000391099989414
      -0.0329099998474
      0.0393999938965
    
      -0.000381000012159
      -0.0194099998474
      0.0405999908447
    
      -0.00206599998474
      -0.0151000003815
      0.0398999938965
    
      -0.0141000003815
      -0.0241399993896
      0.0405
    
      -0.000845300018787
      -0.00565899991989
      0.032
    
      -0.00722900009155
      -0.00590899991989
      0.0331999969482
    
      0.00222600007057
      0.00553999996185
      0.0411999969482
    
      -0.00386299991608
      0.0202000007629
      0.0375
    
      -0.0044279999733
      0.0213899993896
      0.0343999938965
    
      -0.0161499996185
      0.0239300003052
      0.0183999938965
    
      -0.00627799987793
      0.0233999996185
      0.0195
    
      0.00777299976349
      0.0232299995422
      0.0203000030518
    
      0.00946800041199
      0.0228999996185
      0.0203000030518
    
      0.00823499965668
      0.0218700008392
      0.0208999938965
    
      -0.00688199996948
      -0.0060110001564
      0.0213000030518
    
      -0.0200100002289
      0.0238999996185
      0.00430000305176
    
      0.0103100004196
      -0.0392200012207
      0.0148000030518
    
      -0.0165200004578
      -0.0306299991608
      0.0368999938965
    
      -0.0103599996567
      -0.00617600011826
      0.0213000030518
    
      -0.0143400001526
      -0.003125
      0.0255
    
      0.00411100006104
      -0.0192900009155
      0.0005
    
      -0.00045609998703
      -0.0361300010681
      0.0363000030518
    
      -0.0147600002289
      -0.0124399995804
      0.0226999969482
    
      -0.0153000001907
      -0.0137899999619
      0.0261999969482
    
      -0.006757999897
      -0.00881799983978
      0.0201999969482
    
      -0.0188400001526
      0.0109799995422
      0.001
    
      0.0095670003891
      -0.0396599998474
      0.00180000305176
    
      -0.0209300003052
      0.0139200000763
      0.00180000305176
    
      -0.0197000007629
      0.00103100001812
      0.00130000305176
    
      -0.0154600000381
      0.000806500017643
      0.0378999938965
    
      -0.0186900005341
      -0.0388600006104
      0.000699996948242
    
      -0.00599100017548
      -0.0392700004578
      0.000599990844727
    
      0.000215499997139
      -0.0369900016785
      0.0205
    
      0.00500299978256
      -0.0331199989319
      0.022
    
      0.0107700004578
      -0.0226599998474
      0.00119999694824
    
      0.0106300001144
      -0.0197399997711
      0.0015
    
      0.0102100000381
      -0.00188300001621
      0.00159999084473
    
      0.0103299999237
      -0.0166800003052
      0.00159999084473
    
      0.0106499996185
      -0.0170100002289
      0.00209999084473
    
      0.00558599996567
      -0.0283799991608
      0.0381999969482
    
      0.00757399988174
      0.0125699996948
      0.0213999938965
    
      0.0108599996567
      0.0215200004578
      0.0193999938965
    
      0.0035720000267
      0.0185200004578
      0.022
    
      0.00230399990082
      -0.0124899997711
      0.0325999908447
    
      -0.0215100002289
      -0.0304400005341
      0.0175999908447
    
      -0.0214699993134
      -0.0123199996948
      0.002
    
      -0.0216200008392
      -0.0367999992371
      0.000899993896484
    
      -0.0185900001526
      -0.0173799991608
      0.0253999938965
    
      -0.0200799999237
      -0.00352399992943
      0.0206999969482
    
      -0.00523299980164
      -0.0379000015259
      0.0205999908447
    
      0.00339800000191
      -0.0389399986267
      0.0196999969482
    
      0.00469899988174
      0.0236499996185
      0.00169999694824
    
      -0.00664499998093
      -0.00294799995422
      0.0391999969482
    
      0.0111300001144
      0.00859500026703
      0.00280000305176
    
      0.00747599983215
      0.00421899986267
      0.0375999908447
    
      0.00244400000572
      0.0240100002289
      0.0173999938965
    
      -0.00386299991608
      0.0233899993896
      0.00159999084473
    
      -0.0123699998856
      0.0236499996185
      0.00159999084473
    
      0.00851700019836
      -0.0388400001526
      0.0198999938965
    
      0.0063140001297
      -0.0379000015259
      0.0203000030518
    
      -0.00405800008774
      -0.00610599994659
      0.0208999938965
    
      -0.00457999992371
      -0.00609800004959
      0.0348000030518
    
      0.0048060002327
      0.00865299987793
      0.0400999908447
    
      -0.00695900011063
      0.0214599990845
      0.0251999969482
    
      0.00453200006485
      0.0234899997711
      0.0196999969482
    
      -0.00226600003242
      -0.0387400016785
      0.0196999969482
    
      -0.0148599996567
      -0.0336300010681
      0.0233000030518
    
      -0.0167800006866
      -0.00122399997711
      0.0263999938965
    
      -0.0136300001144
      -0.00447499990463
      0.0223999938965
    
      0.00589300012589
      -0.0022009999752
      0.0238000030518
    
      0.00604799985886
      -0.0011970000267
      0.0276999969482
    
      -0.0108100004196
      0.0186599998474
      0.0376999969482
    
      -0.02075
      0.00736499977112
      0.0015
    
      -0.0211299991608
      -0.0127399997711
      0.000800003051758
    
      0.0111000003815
      0.0205100002289
      0.00189999389648
    
      -0.0190100002289
      -0.0381300010681
      0.000399993896484
    
      0.000923699975014
      0.00801500034332
      0.000599990844727
    
      0.007375
      0.0127899999619
      0.00109999084473
    
      0.00630999994278
      -0.0312900009155
      0.0231999969482
    
      0.0106300001144
      -0.0370699996948
      0.00219999694824
    
      0.0103800001144
      -0.0192399997711
      0.00130000305176
    
      0.010529999733
      0.0228899993896
      0.00459999084473
    
      -0.003
      0.0203199996948
      0.00130000305176
    
      0.00639599990845
      0.0147899999619
      0.0213999938965
    
      -0.000249099999666
      -0.01125
      0.033
    
      0.00644199991226
      -0.0161000003815
      0.0273000030518
    
      -0.000216000005603
      0.0208500003815
      0.0223000030518
    
      -0.0175400009155
      -0.0195300006866
      0.0368999938965
    
      0.0106499996185
      -0.0190200004578
      0.0188000030518
    
      0.00549800014496
      -0.0156899995804
      0.0338000030518
    
      0.00970300006866
      -0.0323400001526
      0.0195
    
      0.0080389995575
      -0.0279300003052
      0.0218000030518
    
      -0.00360400009155
      -0.0105
      0.0355
    
      -0.0043029999733
      0.0169599990845
      0.0403999938965
    
      0.00131400001049
      -0.00496500015259
      0.0218999938965
    
      -0.00228999996185
      0.00282699990273
      0.0413000030518
    
      -0.0204400005341
      0.0230699996948
      0.00269999694824
    
      -0.0205100002289
      -0.0294799995422
      0.0005
    
      0.0044889998436
      -0.0279099998474
      0.0391999969482
    
      -0.0169300003052
      0.0151499996185
      0.0213999938965
    
      -0.0211800003052
      -0.0372099990845
      0.0005
    
      -0.0198500003815
      -0.0271200008392
      0.0203999938965
    
      -0.0130600004196
      -0.00298900008202
      0.0358999938965
    
      -0.0114499998093
      -0.00469099998474
      0.024
    
      -0.0109899997711
      -0.0361399993896
      0.0240999908447
    
      0.00727600002289
      -0.000800199985504
      0.0240999908447
    
      -0.00336100006104
      -0.0103400001526
      0.0336999969482
    
      -0.0124499998093
      -0.0120100002289
      0.0245
    
      7.67100006342e-05
      -0.00375999999046
      0.0375
    
      -0.0206200008392
      -0.00333200001717
      0.00119999694824
    
      0.010779999733
      0.010220000267
      0.00189999389648
    
      0.00969299983978
      0.0193400001526
      0.021
    
      -0.0215699996948
      -0.0382400016785
      0.00219999694824
    
      -0.0213999996185
      -0.0384799995422
      0.0181999969482
    
      -0.00817300033569
      -0.0397000007629
      0.001
    
      -0.0151499996185
      -0.0392400016785
      0.000899993896484
    
      -0.0124899997711
      -0.0394199981689
      0.000699996948242
    
      -0.00992899990082
      -0.0394799995422
      0.000699996948242
    
      -0.00175999999046
      -0.0375999984741
      0.0205
    
      -0.0170400009155
      0.0167399997711
      0.0210999908447
    
      0.009875
      -0.0321899986267
      0.000800003051758
    
      0.0103000001907
      -0.0213799991608
      0.00119999694824
    
      0.00378500008583
      0.0203799991608
      0.00119999694824
    
      0.00663999986649
      0.014029999733
      0.023
    
      0.00954699993134
      0.0237099990845
      0.0123999938965
    
      0.0044470000267
      -0.0120799999237
      0.0228999938965
    
      0.00704400014877
      -0.0148999996185
      0.0235
    
      0.000661000013351
      -0.010529999733
      0.0215
    
      0.000214800000191
      0.0158599996567
      0.0401999969482
    
      -0.000988200008869
      0.0208999996185
      0.0346999969482
    
      0.00158000004292
      0.0199500007629
      0.0238000030518
    
      -0.00235400009155
      0.0213999996185
      0.0256999969482
    
      -0.0213299999237
      -0.00717299985886
      0.00630000305176
    
      -0.0213700008392
      -0.00179999995232
      0.00269999694824
    
      -0.01925
      0.000824999988079
      0.0218000030518
    
      -0.0197199993134
      0.00410900020599
      0.0213000030518
    
      -0.0197000007629
      -0.00885900020599
      0.0203999938965
    
      -0.0197700004578
      0.0233099994659
      0.0198000030518
    
      -0.0199899997711
      -0.0342999992371
      0.0200999908447
    
      0.00271700000763
      -0.0395999984741
      0.001
    
      0.00182799994946
      -0.0378400001526
      0.000399993896484
    
      0.011
      0.00569099998474
      0.00180000305176
    
      0.0107299995422
      -0.0207600002289
      0.00369999694824
    
      0.0109300003052
      0.0119399995804
      0.0188000030518
    
      0.0104399995804
      -0.0140699996948
      0.0186999969482
    
      0.00983500003815
      -0.0107700004578
      0.0198999938965
    
      0.0108000001907
      0.00078719997406
      0.0183000030518
    
      0.0101300001144
      -0.0153299999237
      0.02
    
      0.00674900007248
      0.000927100002766
      0.0363000030518
    
      0.0104200000763
      0.00117900002003
      0.0200999908447
    
      -0.0075640001297
      0.0239699993134
      0.0160999908447
    
      0.00382299995422
      0.0240599994659
      0.00219999694824
    
      -0.00865699958801
      0.0236299991608
      0.00159999084473
    
      -0.015
      0.0235799999237
      0.00169999694824
    
      -0.00530999994278
      0.0240499992371
      0.0045
    
      -0.0128699998856
      0.0239200000763
      0.002
    
      0.00448699998856
      -0.0377000007629
      0.0203000030518
    
      -0.00853400039673
      -0.0391300010681
      0.0193999938965
    
      -0.0166399993896
      -0.0375499992371
      0.02
    
      -0.0125799999237
      -0.00942399978638
      0.0208999938965
    
      -0.00803800010681
      -0.0103699998856
      0.0253000030518
    
      -0.00241300010681
      -0.00661600017548
      0.0205999908447
    
      0.00188600003719
      -0.00931900024414
      0.021
    
      -0.01725
      0.0225200004578
      0.0208999938965
    
      -0.00154400002956
      0.0224899997711
      0.0205999908447
    
      -0.00900199985504
      -0.0106899995804
      0.0336999969482
    
      -0.00121099996567
      -0.00594799995422
      0.0210999908447
    
      -0.0198099994659
      -0.0249500007629
      0.0005
    
      -0.0173600006104
      0.0138199996948
      0.0246999969482
    
      0.00373399996758
      -0.00348699998856
      0.0235
    
      0.00116199994087
      -0.00685300016403
      0.0208999938965
    
      0.00560099983215
      -0.0353100013733
      0.0205
    
      -0.00759399986267
      -0.00972999954224
      0.0205999908447
    
      -0.00225200009346
      -0.00477699995041
      0.0373000030518
    
      0.00980099964142
      -0.0396599998474
      0.00489999389648
    
      -0.0205200004578
      0.0133699998856
      0.0015
    
      0.0103400001526
      0.0105
      0.00169999694824
    
      0.0106599998474
      0.00466499996185
      0.00169999694824
    
      0.0105699996948
      0.00796999979019
      0.00169999694824
    
      -0.0179799995422
      -0.0295799999237
      0.0358999938965
    
      0.000907100021839
      -0.00479300022125
      0.0241999969482
    
      -0.00176499998569
      -0.0372099990845
      0.0226999969482
    
      -0.0149899997711
      0.0192800006866
      0.021
    
      0.00978600025177
      -0.0141199998856
      0.00130000305176
    
      0.0106099996567
      -0.0308600006104
      0.0025
    
      0.0104600000381
      -0.0272399997711
      0.00159999084473
    
      0.0102899999619
      -0.0276700000763
      0.00130000305176
    
      0.00864900016785
      0.0101499996185
      0.0213999938965
    
      0.00858800029755
      0.0116099996567
      0.021
    
      0.0100100002289
      0.0232600002289
      0.0185999908447
    
      0.0069359998703
      0.0158199996948
      0.021
    
      -0.00328600001335
      -0.00983399963379
      0.0206999969482
    
      -0.0213999996185
      -0.00648000001907
      0.00280000305176
    
      -0.0216700000763
      -0.0282199993134
      0.002
    
      -0.0190900001526
      0.00364299988747
      0.0236999969482
    
      -0.0190100002289
      -0.0118299999237
      0.0208999938965
    
      -0.0201800003052
      0.0106700000763
      0.0200999908447
    
      -0.0207299995422
      0.0111899995804
      0.0190999908447
    
      -0.0207800006866
      -0.0336699981689
      0.0198999938965
    
      -0.0194599990845
      -0.0201499996185
      0.0238999938965
    
      -0.00171399998665
      -0.0399399986267
      0.0155
    
      0.00142999994755
      0.0237999992371
      0.00169999694824
    
      0.0111199998856
      0.0125500001907
      0.00430000305176
    
      0.0108299999237
      0.0116999998093
      0.00209999084473
    
      -0.0206000003815
      0.0175
      0.0015
    
      0.00736800003052
      0.00064880001545
      0.0278000030518
    
      0.00932100009918
      0.00742199993134
      0.0215
    
      0.0100699996948
      -0.0343699989319
      0.0190999908447
    
      0.00771899986267
      -0.0055110001564
      0.0210999908447
    
      -0.00535300016403
      -0.0382999992371
      0.0201999969482
    
      0.00443400001526
      0.00429699993134
      0.0403000030518
    
      0.0105100002289
      0.00663000011444
      0.0201999969482
    
      0.00976299953461
      0.0121099996567
      0.0206999969482
    
      -0.0201599998474
      0.00717899990082
      0.0203999938965
    
      -0.0156800003052
      -0.0108800001144
      0.0213999938965
    
      -0.0188999996185
      0.00902999973297
      0.023
    
      -0.0105699996948
      -0.0106300001144
      0.0213999938965
    
      0.0106300001144
      -0.0158199996948
      0.0160999908447
    
      0.00794999980927
      0.00315899991989
      0.036
    
      -0.0101599998474
      0.0205900001526
      0.0238000030518
    
      -0.0214099998474
      -0.0385299987793
      0.007
    
      0.0079439997673
      0.0113000001907
      0.0236999969482
    
      0.00993999958038
      -0.0224500007629
      0.0198000030518
    
      0.0107299995422
      -0.0209799995422
      0.00139999389648
    
      0.00968999958038
      0.0165
      0.0208999938965
    
      0.00915100002289
      -0.012220000267
      0.0208999938965
    
      -0.0212800006866
      -0.0130500001907
      0.00119999694824
    
      -0.0208500003815
      0.00977299976349
      0.00159999084473
    
      0.00911200046539
      -0.0251700000763
      0.0203999938965
    
      -0.0195699996948
      -0.007367000103
      0.000800003051758
    
      -0.0180499992371
      0.000326000005007
      0.0253000030518
    
      -0.0205400009155
      -0.0180599994659
      0.0208000030518
    
      0.00185300004482
      0.0206299991608
      0.0211999969482
    
      0.01075
      -0.0137899999619
      0.00359999084473
    
      -0.0176599998474
      0.0131199998856
      0.0345999908447
    
      0.0104899997711
      -0.0247999992371
      0.00139999389648
    
      -0.00583199977875
      0.0239200000763
      0.00189999389648
    
      -0.00113100004196
      -0.0103900003433
      0.0216999969482
    
      0.00336899995804
      -0.0345099983215
      0.0213000030518
    
      -0.010720000267
      -0.00309500002861
      0.0376999969482
    
      -0.0215599994659
      -0.0203500003815
      0.00239999389648
    
      -0.0210400009155
      -0.0256100006104
      0.0191999969482
    
      0.00992099952698
      -0.0183600006104
      0.00130000305176
    
      0.0109499998093
      0.00858300018311
      0.002
    
      0.0108900003433
      0.0165699996948
      0.0203000030518
    
      0.00963099956512
      0.01275
      0.00139999389648
    
      -0.0196200008392
      -0.0129899997711
      0.000599990844727
    
      -0.0203199996948
      -0.0172299995422
      0.000599990844727
    
      0.00897900009155
      -0.00836800003052
      0.0205
    
      -0.00291700005531
      -0.0102600002289
      0.0248999938965
    
      -0.0207700004578
      -0.0127399997711
      0.0198000030518
    
      -0.0195400009155
      -0.0161800003052
      0.0220999908447
    
      0.00787300014496
      -0.0298099994659
      0.0205999908447
    
      -0.0138800001144
      -0.0371100006104
      0.000199996948242
    
      0.000862500011921
      -0.0360800018311
      0.0228000030518
    
      0.00246399998665
      -0.0353899993896
      0.0206999969482
    
      0.0111400003433
      0.0141199998856
      0.0025
    
      -0.0132399997711
      0.0190100002289
      0.022
    
      -0.0136700000763
      -0.0364199981689
      0.0203000030518
    
      0.00995300006866
      0.0235499992371
      0.00859999084473
    
      -0.00658300018311
      -0.00774100017548
      0.0203000030518
    
      -0.0154899997711
      0.0171100006104
      0.0215
    
      -0.01175
      0.0222700004578
      0.0203999938965
    
      0.0106700000763
      -0.00369899988174
      0.00269999694824
    
      -0.00191400003433
      0.0234699993134
      0.00169999694824
    
      -0.0108999996185
      -0.00770599985123
      0.0208000030518
    
      0.00872900009155
      0.00652500009537
      0.0243000030518
    
      0.00884899997711
      0.0215599994659
      0.00139999389648
    
      -0.0210300006866
      0.0110399999619
      0.00189999389648
    
      -0.00623199987411
      -0.0100100002289
      0.0211999969482
    
      0.0102399997711
      -0.0304699993134
      0.019
    
      0.0101800003052
      -0.00584700012207
      0.0193000030518
    
      -0.0214599990845
      -0.0178099994659
      0.0161999969482
    
      0.00941699981689
      -0.00408699989319
      0.0203000030518
    
      -0.0209500007629
      -0.00997099971771
      0.00109999084473
    
      -0.00886999988556
      -0.00546199989319
      0.0238000030518
    
      0.0108800001144
      0.00253900003433
      0.00230000305176
    
      0.0095609998703
      0.00937699985504
      0.0208000030518
    
      -0.0206700000763
      -0.00156700003147
      0.00130000305176
    
      0.00849600028992
      -0.0192000007629
      0.000800003051758
    
      -0.0177999992371
      -0.0134399995804
      0.022
    
      0.00886299991608
      -0.0156300001144
      0.0218999938965
    
      0.00642700004578
      -0.00922799968719
      0.0215
    
      0.00625099992752
      -0.0178199996948
      0.0363000030518
    
      0.0110100002289
      0.0174599990845
      0.0183000030518
    
      -0.0176499996185
      -0.0306100006104
      0.0238000030518
    
      -0.0172299995422
      -0.00238000011444
      0.0226999969482
    
      -0.00230900001526
      0.0217299995422
      0.0215999908447
    
      -0.00209400010109
      -0.00561100006104
      0.0358999938965
    
      -0.00521999979019
      -0.00665199995041
      0.0205999908447
    
      0.00836999988556
      -0.0176800003052
      0.0223999938965
    
      0.00832199954987
      -0.0250200004578
      0.0236999969482
    
      0.010529999733
      -0.0252999992371
      0.0180999908447
    
      0.0108400001526
      0.0111300001144
      0.0200999908447
    
      0.00801099967957
      -0.0199300003052
      0.0268000030518
    
      -0.0211000003815
      0.00802099990845
      0.00189999389648
    
      -0.0191900005341
      0.00542100000381
      0.00119999694824
    
      -0.00851799964905
      -0.00477199983597
      0.0365999908447
    
      -0.00210800004005
      -0.0395499992371
      0.000899993896484
    
      -0.00255599999428
      -0.0395299987793
      0.0185999908447
    
      -0.00360500001907
      -0.0376899986267
      0.021
    
      -0.0201299991608
      -0.0237999992371
      0.0206999969482
    
      -0.0178500003815
      -0.0361699981689
      0.02
    
      -0.0168700008392
      -0.00773199987411
      0.0210999908447
    
      -0.0195100002289
      0.0129099998474
      0.0206999969482
    
      -0.0214699993134
      -0.0358499984741
      0.000599990844727
    
      -0.0212700004578
      -0.0173299999237
      0.00109999084473
    
      -0.0212000007629
      -0.00719000005722
      0.00180000305176
    
      0.000671800017357
      -0.0120699996948
      0.0358999938965
    
      0.00433699989319
      0.0192099990845
      0.0210999908447
    
      -0.0182199993134
      -0.0347599983215
      0.02
    
      -0.0137600002289
      0.0227700004578
      0.00139999389648
    
      0.0106099996567
      0.0220799999237
      0.00189999389648
    
      0.00998700046539
      -0.0234300003052
      0.00109999084473
    
      0.0102899999619
      -0.0366300010681
      0.00109999084473
    
      0.00935200023651
      -0.0264400005341
      0.000800003051758
    
      -0.0148800001144
      0.0177000007629
      0.024
    
      -0.00309500002861
      -0.0375
      0.0251999969482
    
      -0.0109099998474
      -0.0397299995422
      0.000899993896484
    
      -0.0213400001526
      -0.0382700004578
      0.0190999908447
    
      -0.0163700008392
      -0.0330900001526
      0.0203999938965
    
      -0.0188299999237
      -0.0275599994659
      0.0346999969482
    
      0.0108800001144
      0.0171100006104
      0.00189999389648
    
      -0.0210599994659
      0.0215499992371
      0.0128999938965
    
      0.00996199989319
      -0.0395900001526
      0.0178000030518
    
      0.0100200004578
      -0.0395099983215
      0.0103000030518
    
      -0.00959200000763
      -0.0120399999619
      0.037
    
      -0.0184799995422
      0.0232000007629
      0.0205
    
      0.00516300010681
      -0.00321700000763
      0.0225999908447
    
      -0.00398200011253
      -0.0367099990845
      0.000300003051758
    
      -0.0191100006104
      -0.0267600002289
      0.0236999969482
    
      -0.0215699996948
      -0.0334300003052
      0.00459999084473
    
      -0.0216399993896
      -0.0369199981689
      0.0163999938965
    
      0.00610300016403
      -0.0398699989319
      0.006
    
      -0.0212600002289
      -0.0243199996948
      0.001
    
      -0.0183799991608
      -0.00487900018692
      0.0211999969482
    
      -0.00317499995232
      -0.00921000003815
      0.0203000030518
    
      0.00018410000205
      0.0214400005341
      0.0210999908447
    
      -0.00181500005722
      -0.0123000001907
      0.0375
    
      -0.00392499995232
      -0.0111000003815
      0.0365999908447
    
      -0.0131400003433
      -0.0171499996185
      0.0396999969482
    
      -0.00554199981689
      -0.0161900005341
      0.0405999908447
    
      -0.00218400001526
      -0.0285499992371
      0.0406999969482
    
      -0.00384599995613
      -0.0345299987793
      0.0388999938965
    
      -0.00350500011444
      -0.0321399993896
      0.0403999938965
    
      -0.0197000007629
      0.0239599990845
      0.00280000305176
    
      -0.0122299995422
      0.0236800003052
      0.0193999938965
    
      0.00125699996948
      0.0241599998474
      0.00230000305176
    
      0.00878100013733
      -0.0364199981689
      0.0200999908447
    
      0.00853299999237
      0.00447399997711
      0.0298999938965
    
      0.00828199958801
      0.00789499998093
      0.0365
    
      0.00742899990082
      -0.0185
      0.0325999908447
    
      -0.0209599990845
      0.00322000002861
      0.00169999694824
    
      0.0106800003052
      -0.00693800020218
      0.0171999969482
    
      0.0108400001526
      0.000368499994278
      0.007
    
      -0.00521099996567
      -0.0376500015259
      0.0225999908447
    
      -0.0209400005341
      -0.00607499980927
      0.0188999938965
    
      -0.0207900009155
      0.00514400005341
      0.019
    
      -0.0208199996948
      0.0203899993896
      0.0186999969482
    
      -0.0201900005341
      0.0223400001526
      0.0200999908447
    
      -0.0205699996948
      -0.00771700000763
      0.0198999938965
    
      0.00210800004005
      0.0198799991608
      0.0218000030518
    
      0.00470900011063
      -0.013529999733
      0.0240999908447
    
      0.0048189997673
      -0.01425
      0.0260999908447
    
      0.00213899993896
      -0.0123900003433
      0.0258999938965
    
      0.0100399999619
      0.0233899993896
      0.0146999969482
    
      0.00527600002289
      0.0165499992371
      0.0225
    
      0.00444600009918
      0.0174799995422
      0.0266999969482
    
      0.00854699993134
      0.00946700000763
      0.0230999908447
    
      0.007125
      0.0129899997711
      0.0323000030518
    
      0.011
      0.0218199996948
      0.0035
    
      0.0103599996567
      -0.0344599990845
      0.00119999694824
    
      0.0107299995422
      -0.0232000007629
      0.00230000305176
    
      0.0104899997711
      -0.0335299987793
      0.00969999694824
    
      0.00641300010681
      -0.0317000007629
      0.0206999969482
    
      0.00448600006104
      0.00633500003815
      0.000800003051758
    
      -0.0112600002289
      -0.0361500015259
      0.0325999908447
    
      -0.0187000007629
      -0.0299500007629
      0.0205
    
      -0.0182999992371
      -0.0293400001526
      0.0358000030518
    
      -0.0182199993134
      -0.0296499996185
      0.0335
    
      0.0110100002289
      0.00674599981308
      0.00180000305176
    
      -0.0205200004578
      0.00856299972534
      0.00139999389648
    
      -0.00988300037384
      0.0212600002289
      0.0208999938965
    
      0.00321799993515
      -0.00250699996948
      0.0365999908447
    
      0.00232500004768
      -0.00395199990273
      0.0348999938965
    
      0.00396399998665
      -0.00315700006485
      0.0268999938965
    
      -0.0175400009155
      -0.0148199996948
      0.0238999938965
    
      -0.00671099996567
      -0.0138699998856
      0.0393999938965
    
      -0.0193899993896
      0.0237000007629
      0.0195
    
      -0.00878600025177
      -0.0375099983215
      0.0206999969482
    
      -0.00947399997711
      -0.0368600006104
      0.0225
    
      0.00958399963379
      -0.0389900016785
      0.000899993896484
    
      0.0104099998474
      -0.0390299987793
      0.01
    
      -0.0214899997711
      -0.0284799995422
      0.000899993896484
    
      -0.0203400001526
      0.0235599994659
      0.0136999969482
    
      -0.0118000001907
      0.0145600004196
      0.0403999938965
    
      -0.00185699999332
      -0.00566599988937
      0.0225999908447
    
      -0.00211999988556
      -0.00819299983978
      0.0201999969482
    
      0.00529500007629
      -0.00497700023651
      0.0213999938965
    
      -0.0197800006866
      -0.0358899993896
      0.0200999908447
    
      -0.0154799995422
      -0.00504600000381
      0.0218000030518
    
      0.00240599989891
      0.0218999996185
      0.0208000030518
    
      0.00803299999237
      0.0238600006104
      0.0191999969482
    
      0.00444199991226
      0.0230400009155
      0.0201999969482
    
      -0.0163600006104
      0.0234200000763
      0.0203999938965
    
      -0.00658099985123
      0.0217199993134
      0.0215
    
      -0.00839200019836
      0.0163799991608
      0.0405
    
      -0.0107100000381
      -0.0195499992371
      0.0406999969482
    
      -0.0098109998703
      -0.0156000003815
      0.04
    
      0.00338000011444
      -0.0262000007629
      0.0401999969482
    
      -0.0137100000381
      -0.0386899986267
      0.0198000030518
    
      0.00609999990463
      -0.0395600013733
      0.0191999969482
    
      -0.00189100003242
      0.0240400009155
      0.00189999389648
    
      -0.00330900001526
      0.0238799991608
      0.00169999694824
    
      -0.00582899999619
      0.0237399997711
      0.00159999084473
    
      -0.0182099990845
      0.0240900001526
      0.0045
    
      0.00699800014496
      -0.0122899999619
      0.0230999908447
    
      0.00963599967957
      -0.0282700004578
      0.0198999938965
    
      0.0104099998474
      -0.00145399999619
      0.0198000030518
    
      0.0103599996567
      0.0143100004196
      0.0206999969482
    
      0.00957100009918
      0.00146500003338
      0.0213000030518
    
      0.00827099990845
      0.00193400001526
      0.0245
    
      0.00865299987793
      0.00684600019455
      0.0350999908447
    
      0.0069359998703
      -0.0203999996185
      0.0368000030518
    
      0.00526300001144
      -0.0223199996948
      0.0386999969482
    
      0.0110100002289
      0.0151899995804
      0.0200999908447
    
      0.0109399995804
      0.0143500003815
      0.0185
    
      0.0111099996567
      0.00605499982834
      0.00209999084473
    
      -0.00212199997902
      -0.00154799997807
      0.0401999969482
    
      0.00783699989319
      -0.0394099998474
      0.000800003051758
    
      0.00473999977112
      -0.03925
      0.000599990844727
    
      -0.0113400001526
      -0.0397299995422
      0.0186999969482
    
      -0.0086829996109
      -0.0399399986267
      0.0145
    
      0.006125
      -0.0399300003052
      0.0171999969482
    
      0.00948700046539
      -0.0398600006104
      0.0160999908447
    
      -0.0200300006866
      -0.0144799995422
      0.0210999908447
    
      -0.0207700004578
      -0.0055609998703
      0.0198000030518
    
      -0.0207399997711
      -0.0365999984741
      0.0198999938965
    
      -0.0203700008392
      0.000701699972153
      0.0205999908447
    
      -0.0202399997711
      0.0162099990845
      0.0203000030518
    
      -0.0206499996185
      0.0229099998474
      0.018
    
      -0.0204400005341
      0.0144499998093
      0.02
    
      -0.0207999992371
      -0.0296599998474
      0.02
    
      -0.0193400001526
      0.0101199998856
      0.0211999969482
    
      -0.0152100000381
      0.00422900009155
      0.0396999969482
    
      -0.0214500007629
      -0.0197099990845
      0.00130000305176
    
      0.00135800004005
      0.0198199996948
      0.0358999938965
    
      -0.00139900004864
      -0.00939200019836
      0.0205
    
      0.000326799988747
      -0.0117399997711
      0.0353999938965
    
      0.00277500009537
      -0.0133400001526
      0.0350999908447
    
      0.00446400022507
      -0.0153000001907
      0.0363000030518
    
      0.00512099981308
      -0.0166900005341
      0.037
    
      0.00377200007439
      0.0179799995422
      0.0355
    
      -0.02125
      0.0130600004196
      0.0150999908447
    
      0.0103100004196
      -0.0119099998474
      0.00189999389648
    
      0.0106400003433
      -0.0207800006866
      0.00119999694824
    
      0.0102399997711
      -0.0311100006104
      0.00130000305176
    
      0.00881200027466
      -0.011720000267
      0.000899993896484
    
      0.00725400018692
      -0.02975
      0.0228999938965
    
      -0.0166100006104
      0.0152100000381
      0.0328999938965
    
      -0.0155
      -0.0175699996948
      0.0383999938965
    
      -0.0128000001907
      0.0190599994659
      0.0321999969482
    
      -0.00708900022507
      0.0231800003052
      0.0015
    
      -0.00496299982071
      0.0231700000763
      0.0015
    
      0.00273399996758
      0.00722300004959
      0.000699996948242
    
      0.00165999996662
      0.00497499990463
      0.000800003051758
    
      -0.004875
      0.00158399999142
      0.0005
    
      -0.0073029999733
      -0.0374700012207
      0.022
    
      -0.00560500001907
      -0.00592600011826
      0.0241999969482
    
      -0.0117399997711
      -0.036
      0.0208000030518
    
      -0.0206299991608
      -0.0391199989319
      0.0126999969482
    
      -0.0215200004578
      -0.0383600006104
      0.016
    
      -0.0125200004578
      -0.0299799995422
      0.0400999908447
    
      -0.016
      -0.0203799991608
      0.0395999908447
    
      0.0108599996567
      0.0196000003815
      0.0203999938965
    
      0.0113400001526
      0.0192099990845
      0.00330000305176
    
      0.0104799995422
      0.0136099996567
      0.00169999694824
    
      0.00971599960327
      0.0162999992371
      0.00139999389648
    
      -0.0171200008392
      0.0110500001907
      0.0376999969482
    
      -0.0141099996567
      0.00960099983215
      0.0405
    
      -0.0208099994659
      -0.0056360001564
      0.00130000305176
    
      0.00326799988747
      -0.0335400009155
      0.0366999969482
    
      0.00461299991608
      -0.0321599998474
      0.0368000030518
    
      0.00503399991989
      0.000480300009251
      0.038
    
      0.00278699994087
      -0.00402899980545
      0.0328000030518
    
      -0.0126700000763
      -0.0123199996948
      0.0326999969482
    
      -0.0169099998474
      -0.0153599996567
      0.028
    
      -0.0155399999619
      -0.0156300001144
      0.0360999908447
    
      -0.00014280000329
      -0.0367299995422
      0.0315
    
      -0.00792299985886
      -0.0327599983215
      0.04
    
      -0.00777699995041
      -0.0302600002289
      0.0406999969482
    
      0.00799499988556
      0.0239400005341
      0.0158000030518
    
      0.00558199977875
      0.0159600000381
      0.034
    
      0.00212599992752
      0.013529999733
      0.0403999938965
    
      0.00647900009155
      0.0131000003815
      0.0368000030518
    
      0.00911100006104
      0.0238500003815
      0.0168999938965
    
      -0.0151199998856
      -0.0021740000248
      0.0303999938965
    
      -0.0216200008392
      -0.0367000007629
      0.000699996948242
    
      -0.0216599998474
      -0.0374599990845
      0.0176999969482
    
      0.00541900014877
      -0.0321899986267
      0.0356999969482
    
      -0.0197800006866
      0.0219400005341
      0.00159999084473
    
      -0.0194500007629
      0.0236399993896
      0.00189999389648
    
      -0.0205699996948
      0.0232800006866
      0.00930000305176
    
      -0.00834000015259
      0.0123699998856
      0.0413000030518
    
      0.00229699993134
      0.000478899985552
      0.04
    
      0.00250500011444
      -0.0305300006866
      0.0395
    
      0.00378399991989
      -0.0342799987793
      0.033
    
      -0.00447800016403
      -0.00945300006866
      0.0203000030518
    
      -0.00641099977493
      -0.0103500003815
      0.0348000030518
    
      -0.0178299999237
      0.0132100000381
      0.0215
    
      0.0101999998093
      0.0150699996948
      0.0015
    
      0.00800399971008
      -0.00227399992943
      0.0218000030518
