
  
 
   
    
      430, 599, 418
    
      420, 599, 430
    
      626, 430, 418
    
      601, 418, 599
    
      430, 239, 420
    
      239, 430, 378
    
      568, 378, 430
    
      418, 601, 419
    
      626, 418, 429
    
      418, 603, 429
    
      601, 599, 545
    
      378, 568, 179
    
      545, 0, 601
    
      601, 0, 419
    
      603, 472, 429
    
      0, 500, 419
    
      719, 179, 568
    
      429, 472, 702
    
      0, 545, 237
    
      603, 483, 472
    
      132, 500, 0
    
      237, 132, 0
    
      500, 133, 419
    
      719, 16, 179
    
      16, 17, 179
    
      500, 668, 133
    
      544, 418, 419
    
      409, 483, 603
    
      622, 544, 419
    
      622, 419, 133
    
      668, 622, 133
    
      179, 722, 378
    
      179, 17, 722
    
      545, 599, 667
    
      667, 621, 545
    
      545, 621, 199
    
      545, 199, 559
    
      621, 402, 199
    
      402, 695, 199
    
      239, 378, 265
    
      722, 265, 378
    
      11, 265, 722
    
      666, 420, 239
    
      265, 666, 239
    
      667, 599, 600
    
      568, 430, 456
    
      56, 456, 430
    
      191, 430, 626
    
      177, 599, 420
    
      299, 430, 191
    
      128, 603, 418
    
      56, 718, 456
    
      128, 418, 544
    
      568, 456, 178
    
      299, 191, 190
    
      429, 561, 626
    
      456, 718, 441
    
      177, 362, 599
    
      362, 600, 599
    
      177, 420, 629
    
      190, 191, 550
    
      191, 626, 561
    
      420, 666, 629
    
      191, 46, 550
    
      456, 270, 178
    
      270, 456, 441
    
      561, 429, 702
    
      603, 128, 409
    
      561, 46, 191
    
      178, 719, 568
    
      128, 219, 409
    
      622, 131, 544
    
      265, 18, 666
    
      550, 45, 190
    
      441, 17, 270
    
      17, 16, 270
    
      177, 629, 54
    
      128, 544, 131
    
      666, 18, 629
    
      45, 459, 190
    
      219, 128, 245
    
      694, 131, 622
    
      629, 18, 54
    
      270, 16, 178
    
      131, 694, 128
    
      177, 54, 569
    
      245, 128, 692
    
      16, 719, 178
    
      265, 390, 18
    
      299, 129, 430
    
      190, 129, 299
    
      56, 430, 464
    
      718, 56, 312
    
      464, 312, 56
    
      100, 430, 129
    
      430, 116, 464
    
      312, 464, 116
    
      717, 312, 116
    
      430, 669, 116
    
      40, 669, 430
    
      100, 40, 430
    
      190, 101, 129
    
      367, 101, 190
    
      101, 100, 129
    
      101, 40, 100
    
      367, 99, 101
    
      669, 602, 116
    
      551, 101, 99
    
      123, 717, 116
    
      602, 123, 116
    
      392, 717, 123
    
      669, 40, 417
    
      417, 130, 669
    
      602, 669, 546
    
      417, 40, 376
    
      669, 130, 546
    
      377, 602, 546
    
      377, 123, 602
    
      672, 40, 101
    
      672, 376, 40
    
      417, 376, 439
    
      376, 672, 440
    
      672, 101, 107
    
      101, 551, 107
    
      439, 376, 124
    
      130, 417, 125
    
      452, 489, 161
    
      161, 489, 581
    
      161, 581, 728
    
      428, 161, 728
    
      489, 160, 581
    
      728, 581, 723
    
      160, 489, 454
    
      728, 339, 428
    
      723, 180, 728
    
      428, 339, 573
    
      160, 454, 502
    
      728, 264, 339
    
      503, 502, 454
    
      728, 180, 571
    
      264, 728, 571
    
      339, 170, 573
    
      573, 170, 1
    
      264, 1, 170
    
      264, 170, 339
    
      2, 264, 571
    
      1, 264, 2
    
      1, 2, 17
    
      180, 17, 2
    
      180, 2, 571
    
      428, 573, 266
    
      428, 721, 161
    
      266, 721, 428
    
      266, 441, 721
    
      161, 721, 311
    
      721, 630, 311
    
      721, 718, 630
    
      311, 7, 161
    
      633, 161, 7
    
      311, 630, 7
    
      460, 7, 630
    
      452, 434, 489
    
      688, 434, 452
    
      688, 452, 453
    
      489, 336, 454
    
      489, 434, 72
    
      204, 72, 434
    
      204, 434, 688
    
      454, 336, 503
    
      688, 453, 204
    
      279, 204, 453
    
      336, 227, 503
    
      258, 489, 72
    
      258, 257, 489
    
      489, 257, 336
    
      517, 204, 279
    
      257, 490, 336
    
      554, 258, 72
    
      687, 257, 258
    
      687, 258, 554
    
      257, 644, 490
    
      72, 204, 205
    
      517, 205, 204
    
      71, 257, 687
    
      71, 687, 554
    
      71, 554, 205
    
      517, 518, 205
    
      205, 554, 72
    
      644, 645, 490
    
      71, 183, 257
    
      644, 257, 183
    
      645, 644, 183
    
      183, 711, 645
    
      732, 452, 161
    
      732, 161, 488
    
      488, 161, 321
    
      70, 321, 161
    
      70, 161, 580
    
      581, 631, 723
    
      321, 403, 488
    
      453, 452, 732
    
      403, 482, 488
    
      732, 488, 482
    
      581, 160, 374
    
      724, 631, 581
    
      70, 403, 321
    
      70, 347, 403
    
      580, 161, 337
    
      161, 633, 337
    
      534, 633, 7
    
      70, 580, 643
    
      732, 446, 453
    
      581, 374, 724
    
      390, 723, 631
    
      460, 717, 7
    
      534, 7, 717
    
      180, 723, 390
    
      70, 329, 347
    
      732, 4, 446
    
      482, 4, 732
    
      403, 169, 482
    
      4, 482, 455
    
      390, 631, 340
    
      580, 255, 643
    
      580, 162, 255
    
      403, 347, 451
    
      453, 446, 280
    
      455, 482, 169
    
      183, 71, 27
    
      205, 27, 71
    
      279, 453, 280
    
      37, 631, 724
    
      10, 340, 631
    
      701, 10, 631
    
      228, 374, 160
    
      173, 374, 228
    
      228, 160, 502
    
      451, 437, 403
    
      701, 631, 187
    
      390, 340, 531
    
      701, 54, 10
    
      711, 183, 27
    
      37, 187, 631
    
      724, 374, 173
    
      403, 437, 729
    
      729, 169, 403
    
      187, 54, 701
    
      329, 714, 347
    
      10, 531, 340
    
      724, 173, 532
    
      532, 37, 724
    
      187, 37, 708
    
      255, 310, 643
    
      640, 70, 643
    
      643, 310, 640
    
      477, 337, 633
    
      642, 255, 162
    
      580, 337, 309
    
      162, 309, 642
    
      577, 255, 642
    
      310, 255, 577
    
      162, 580, 309
    
      121, 70, 640
    
      121, 329, 70
    
      309, 337, 637
    
      477, 637, 337
    
      534, 717, 392
    
      534, 8, 633
    
      633, 8, 477
    
      8, 534, 392
    
      310, 579, 640
    
      577, 579, 310
    
      641, 640, 579
    
      641, 121, 640
    
      284, 361, 652
    
      361, 49, 652
    
      31, 284, 652
    
      652, 566, 31
    
      652, 466, 566
    
      652, 331, 466
    
      445, 466, 331
    
      153, 466, 445
    
      424, 466, 153
    
      184, 284, 31
    
      31, 566, 349
    
      570, 31, 349
    
      424, 463, 466
    
      49, 361, 547
    
      361, 450, 547
    
      450, 361, 548
    
      702, 547, 450
    
      702, 450, 261
    
      432, 548, 361
    
      450, 548, 263
    
      328, 432, 361
    
      548, 432, 674
    
      263, 261, 450
    
      674, 263, 548
    
      674, 432, 368
    
      501, 328, 361
    
      361, 675, 501
    
      432, 328, 231
    
      231, 368, 432
    
      328, 501, 550
    
      550, 231, 328
    
      368, 231, 550
    
      566, 466, 350
    
      566, 350, 349
    
      463, 150, 466
    
      466, 150, 249
    
      350, 33, 349
    
      349, 33, 526
    
      34, 350, 466
    
      185, 350, 34
    
      33, 350, 185
    
      80, 34, 466
    
      249, 80, 466
    
      80, 249, 385
    
      31, 570, 523
    
      184, 31, 523
    
      675, 361, 383
    
      284, 514, 361
    
      184, 514, 284
    
      184, 523, 514
    
      514, 467, 361
    
      467, 514, 523
    
      467, 523, 511
    
      88, 511, 523
    
      88, 614, 511
    
      361, 360, 383
    
      467, 89, 361
    
      652, 589, 331
    
      49, 232, 652
    
      652, 232, 650
    
      383, 360, 82
    
      650, 588, 652
    
      89, 360, 361
    
      422, 675, 383
    
      383, 82, 211
    
      675, 422, 408
    
      459, 675, 408
    
      652, 588, 589
    
      82, 553, 211
    
      501, 675, 459
    
      82, 613, 553
    
      553, 681, 211
    
      547, 50, 49
    
      589, 473, 331
    
      82, 360, 613
    
      232, 49, 416
    
      89, 613, 360
    
      32, 185, 34
    
      553, 613, 510
    
      381, 473, 589
    
      381, 589, 382
    
      49, 50, 416
    
      467, 288, 89
    
      589, 588, 651
    
      331, 473, 445
    
      550, 501, 45
    
      459, 45, 501
    
      511, 288, 467
    
      589, 651, 382
    
      32, 34, 80
    
      613, 407, 510
    
      168, 89, 288
    
      681, 553, 510
    
      315, 80, 385
    
      381, 247, 473
    
      80, 315, 32
    
      540, 381, 382
    
      89, 509, 613
    
      651, 588, 192
    
      681, 510, 215
    
      613, 509, 407
    
      382, 651, 657
    
      656, 540, 382
    
      540, 247, 381
    
      246, 192, 588
    
      382, 657, 656
    
      588, 649, 246
    
      247, 540, 648
    
      248, 473, 247
    
      473, 423, 445
    
      423, 473, 248
    
      445, 423, 539
    
      445, 539, 587
    
      408, 367, 459
    
      650, 219, 588
    
      99, 367, 408
    
      649, 588, 219
    
      409, 650, 232
    
      232, 416, 409
    
      219, 650, 409
    
      649, 245, 246
    
      211, 148, 383
    
      99, 408, 659
    
      655, 422, 383
    
      146, 408, 422
    
      655, 146, 422
    
      148, 147, 383
    
      83, 211, 681
    
      146, 659, 408
    
      681, 81, 83
    
      215, 461, 681
    
      681, 461, 81
    
      148, 211, 384
    
      83, 384, 211
    
      148, 384, 147
    
      81, 617, 83
    
      81, 461, 617
    
      655, 383, 654
    
      147, 654, 383
    
      655, 145, 146
    
      659, 146, 144
    
      83, 617, 351
    
      617, 461, 351
    
      145, 655, 333
    
      384, 83, 149
    
      351, 149, 83
    
      654, 319, 333
    
      319, 654, 658
    
      655, 654, 333
    
      332, 333, 319
    
      319, 677, 332
    
      677, 319, 223
    
      677, 223, 678
    
      658, 654, 427
    
      212, 427, 654
    
      427, 212, 478
    
      478, 212, 616
    
      212, 654, 653
    
      653, 654, 147
    
      212, 653, 616
    
      616, 285, 478
    
      285, 616, 323
    
      475, 616, 653
    
      323, 616, 475
    
      627, 475, 653
    
      627, 653, 147
    
      147, 384, 627
    
      475, 627, 22
    
      149, 627, 384
    
      22, 627, 412
    
      412, 627, 149
    
      412, 149, 351
    
      412, 351, 486
    
      113, 412, 486
    
      351, 461, 486
    
      309, 639, 572
    
      637, 639, 309
    
      639, 727, 572
    
      727, 474, 572
    
      535, 309, 572
    
      426, 535, 572
    
      426, 163, 535
    
      535, 638, 309
    
      163, 638, 535
    
      163, 636, 638
    
      638, 642, 309
    
      638, 636, 256
    
      638, 256, 642
    
      636, 515, 256
    
      578, 256, 515
    
      577, 642, 256
    
      577, 256, 578
    
      578, 515, 210
    
      516, 578, 210
    
      46, 561, 674
    
      263, 674, 561
    
      368, 46, 674
    
      261, 263, 561
    
      336, 490, 253
    
      431, 336, 253
    
      491, 336, 431
    
      491, 227, 336
    
      167, 166, 301
    
      196, 5, 520
    
      733, 304, 125
    
      126, 125, 304
    
      304, 733, 470
    
      504, 304, 470
    
      476, 126, 304
    
      733, 125, 417
    
      504, 470, 421
    
      470, 733, 236
    
      470, 236, 421
    
      417, 439, 733
    
      126, 476, 484
    
      236, 733, 124
    
      439, 124, 733
    
      138, 243, 661
    
      302, 243, 138
    
      243, 302, 593
    
      346, 593, 302
    
      242, 549, 676
    
      676, 496, 242
    
      661, 496, 676
    
      138, 661, 676
    
      141, 138, 676
    
      605, 375, 234
    
      375, 605, 377
    
      123, 377, 605
    
      122, 123, 605
    
      122, 392, 123
    
      122, 670, 392
    
      377, 546, 375
    
      375, 546, 125
    
      546, 130, 125
    
      446, 4, 281
    
      446, 281, 693
    
      280, 446, 693
    
      693, 395, 280
    
      279, 280, 395
    
      609, 502, 503
    
      609, 230, 502
    
      229, 502, 230
    
      502, 229, 228
    
      229, 173, 228
    
      651, 272, 657
    
      651, 192, 272
    
      32, 710, 185
    
      710, 32, 406
    
      32, 29, 406
    
      316, 185, 710
    
      33, 185, 316
    
      573, 17, 441
    
      266, 573, 441
    
      1, 17, 573
    
      691, 345, 690
    
      240, 555, 370
    
      597, 240, 370
    
      562, 555, 240
    
      552, 597, 370
    
      370, 555, 262
    
      370, 262, 189
    
      202, 370, 189
    
      41, 370, 202
    
      370, 41, 354
    
      555, 562, 693
    
      370, 379, 552
    
      370, 354, 43
    
      693, 562, 395
    
      43, 354, 620
    
      43, 620, 713
    
      555, 693, 281
    
      4, 262, 555
    
      4, 555, 281
    
      262, 4, 189
    
      455, 189, 4
    
      395, 562, 279
    
      202, 189, 317
    
      189, 455, 169
    
      41, 202, 707
    
      354, 41, 707
    
      729, 202, 317
    
      169, 317, 189
    
      370, 224, 379
    
      296, 224, 370
    
      43, 296, 370
    
      612, 379, 224
    
      43, 369, 296
    
      369, 43, 344
    
      43, 713, 344
    
      612, 295, 379
    
      327, 612, 224
    
      115, 369, 344
    
      296, 369, 139
    
      369, 115, 592
    
      296, 611, 224
    
      620, 354, 451
    
      202, 729, 437
    
      707, 451, 354
    
      707, 202, 437
    
      379, 85, 552
    
      85, 379, 295
    
      295, 114, 85
    
      451, 714, 620
    
      714, 713, 620
    
      240, 597, 527
    
      87, 597, 552
    
      597, 86, 527
    
      597, 287, 86
    
      287, 597, 499
    
      324, 499, 597
    
      597, 87, 324
    
      85, 114, 486
    
      527, 269, 240
    
      87, 552, 216
    
      85, 682, 552
    
      216, 552, 682
    
      85, 486, 682
    
      269, 15, 240
    
      15, 526, 240
    
      287, 499, 443
    
      324, 87, 217
    
      287, 3, 86
    
      217, 87, 286
    
      499, 324, 168
    
      168, 443, 499
    
      217, 168, 324
    
      3, 218, 86
    
      87, 363, 286
    
      86, 444, 527
    
      444, 269, 527
    
      444, 86, 218
    
      287, 614, 3
    
      614, 287, 288
    
      216, 407, 87
    
      443, 288, 287
    
      87, 407, 363
    
      444, 570, 269
    
      15, 269, 570
    
      404, 279, 562
    
      342, 240, 526
    
      526, 316, 342
    
      240, 442, 562
    
      665, 442, 240
    
      240, 543, 665
    
      543, 240, 380
    
      240, 448, 380
    
      342, 448, 240
    
      355, 562, 442
    
      342, 710, 448
    
      355, 404, 562
    
      710, 342, 316
    
      518, 404, 355
    
      355, 42, 518
    
      42, 355, 26
    
      206, 42, 26
    
      42, 206, 518
    
      442, 61, 355
    
      61, 26, 355
    
      406, 448, 710
    
      664, 380, 448
    
      449, 543, 380
    
      356, 664, 448
    
      406, 356, 448
    
      498, 665, 543
    
      449, 542, 543
    
      308, 442, 665
    
      5, 442, 308
    
      5, 61, 442
    
      665, 300, 308
    
      498, 300, 665
    
      380, 664, 134
    
      664, 356, 595
    
      664, 595, 134
    
      543, 541, 498
    
      542, 541, 543
    
      61, 5, 196
    
      26, 61, 196
    
      196, 207, 26
    
      498, 541, 301
    
      458, 308, 300
    
      520, 5, 308
    
      458, 520, 308
    
      494, 730, 389
    
      730, 457, 389
    
      457, 252, 389
    
      320, 457, 730
    
      320, 730, 197
    
      457, 468, 252
    
      494, 519, 730
    
      307, 252, 468
    
      730, 198, 197
    
      468, 537, 307
    
      320, 64, 457
    
      557, 468, 457
    
      64, 557, 457
    
      695, 64, 320
    
      373, 537, 468
    
      64, 402, 557
    
      402, 64, 695
    
      398, 468, 557
    
      157, 468, 398
    
      468, 157, 373
    
      157, 609, 373
    
      557, 598, 398
    
      557, 402, 598
    
      609, 157, 230
    
      598, 608, 398
    
      608, 157, 398
    
      608, 230, 157
    
      201, 608, 598
    
      598, 558, 201
    
      598, 667, 558
    
      608, 229, 230
    
      201, 607, 608
    
      65, 607, 201
    
      278, 201, 558
    
      65, 201, 278
    
      65, 200, 607
    
      608, 607, 118
    
      229, 608, 118
    
      607, 200, 118
    
      200, 65, 556
    
      556, 65, 278
    
      373, 609, 503
    
      252, 307, 156
    
      492, 389, 252
    
      537, 373, 574
    
      307, 388, 156
    
      227, 373, 503
    
      373, 227, 574
    
      389, 492, 158
    
      158, 731, 389
    
      156, 388, 584
    
      584, 537, 574
    
      584, 388, 537
    
      584, 574, 491
    
      491, 574, 227
    
      166, 731, 158
    
      158, 492, 6
    
      166, 158, 6
    
      6, 634, 166
    
      491, 431, 584
    
      156, 594, 252
    
      155, 594, 156
    
      594, 492, 252
    
      584, 155, 156
    
      492, 594, 6
    
      586, 155, 584
    
      6, 594, 136
    
      584, 583, 586
    
      583, 584, 431
    
      6, 136, 634
    
      155, 586, 254
    
      254, 586, 583
    
      254, 583, 253
    
      253, 583, 431
    
      730, 277, 198
    
      277, 730, 519
    
      155, 73, 594
    
      494, 62, 519
    
      338, 494, 389
    
      389, 387, 338
    
      536, 387, 389
    
      159, 389, 731
    
      62, 494, 493
    
      62, 493, 348
    
      335, 387, 536
    
      536, 389, 159
    
      582, 73, 155
    
      663, 335, 536
    
      348, 120, 62
    
      663, 30, 335
    
      594, 73, 520
    
      155, 254, 582
    
      120, 66, 62
    
      62, 66, 63
    
      63, 277, 62
    
      520, 458, 594
    
      118, 200, 119
    
      277, 519, 62
    
      685, 73, 582
    
      520, 73, 196
    
      186, 118, 119
    
      536, 596, 663
    
      241, 536, 159
    
      154, 30, 663
    
      135, 536, 241
    
      186, 119, 564
    
      582, 254, 253
    
      30, 154, 356
    
      356, 29, 30
    
      731, 542, 159
    
      200, 556, 119
    
      135, 596, 536
    
      73, 685, 196
    
      685, 582, 686
    
      711, 686, 582
    
      159, 542, 449
    
      449, 241, 159
    
      207, 196, 685
    
      663, 595, 154
    
      186, 564, 708
    
      686, 207, 685
    
      645, 711, 582
    
      490, 582, 253
    
      645, 582, 490
    
      173, 229, 118
    
      186, 173, 118
    
      708, 173, 186
    
      30, 29, 315
    
      30, 385, 335
    
      315, 385, 30
    
      387, 335, 385
    
      214, 564, 119
    
      119, 362, 214
    
      119, 556, 362
    
      556, 278, 362
    
      348, 493, 334
    
      386, 334, 493
    
      387, 385, 150
    
      272, 66, 120
    
      192, 66, 272
    
      248, 386, 493
    
      493, 494, 423
    
      656, 348, 334
    
      493, 423, 248
    
      386, 648, 334
    
      657, 120, 348
    
      120, 657, 272
    
      656, 657, 348
    
      338, 647, 494
    
      338, 305, 647
    
      495, 305, 338
    
      494, 647, 306
    
      305, 495, 151
    
      415, 105, 447
    
      105, 415, 560
    
      624, 560, 415
    
      415, 625, 624
    
      372, 625, 415
    
      706, 625, 372
    
      447, 225, 415
    
      415, 225, 372
    
      610, 706, 372
    
      372, 225, 414
    
      610, 372, 414
    
      225, 21, 414
    
      74, 165, 9
    
      165, 172, 9
    
      635, 165, 74
    
      172, 165, 164
    
      635, 164, 165
    
      74, 75, 635
    
      102, 75, 74
    
      619, 635, 75
    
      635, 619, 273
    
      75, 67, 619
    
      67, 75, 345
    
      345, 75, 102
    
      67, 273, 619
    
      345, 691, 67
    
      172, 55, 9
    
      55, 14, 9
    
      9, 14, 176
    
      14, 55, 699
    
      528, 14, 699
    
      14, 21, 176
    
      14, 715, 21
    
      528, 715, 14
    
      259, 28, 103
    
      103, 410, 259
    
      259, 226, 28
    
      176, 259, 410
    
      9, 176, 410
    
      259, 225, 226
    
      447, 226, 225
    
      226, 447, 104
    
      226, 220, 28
    
      314, 28, 220
    
      104, 220, 226
    
      52, 314, 220
    
      104, 447, 105
    
      220, 104, 105
    
      259, 21, 225
    
      176, 21, 259
    
      103, 28, 680
    
      680, 28, 524
    
      314, 524, 28
    
      680, 97, 103
    
      673, 524, 314
    
      314, 52, 673
    
      673, 36, 524
    
      188, 680, 524
    
      36, 188, 524
    
      97, 680, 364
    
      680, 188, 364
    
      97, 396, 103
    
      410, 103, 102
    
      411, 102, 103
    
      74, 9, 410
    
      410, 102, 74
    
      24, 411, 103
    
      24, 103, 396
    
      25, 24, 396
    
      622, 63, 66
    
      66, 694, 622
    
      668, 63, 622
    
      277, 63, 668
    
      66, 192, 694
    
      192, 128, 694
    
      692, 128, 192
    
      668, 500, 277
    
      277, 500, 198
    
      132, 198, 500
    
      237, 198, 132
    
      198, 237, 559
    
      621, 667, 598
    
      402, 621, 598
    
      550, 46, 368
    
      347, 714, 451
    
      140, 471, 346
    
      438, 346, 471
    
      140, 346, 505
    
      139, 140, 505
    
      346, 330, 505
    
      346, 302, 330
    
      611, 505, 330
    
      330, 141, 611
    
      330, 302, 138
    
      141, 330, 138
    
      234, 125, 628
    
      343, 234, 628
    
      234, 375, 125
    
      628, 181, 343
    
      19, 343, 181
    
      484, 181, 628
    
      126, 628, 125
    
      126, 484, 628
    
      195, 193, 471
    
      193, 438, 471
    
      209, 438, 193
    
      193, 195, 297
    
      193, 516, 209
    
      405, 438, 209
    
      405, 209, 516
    
      195, 704, 297
    
      704, 579, 297
    
      579, 704, 641
    
      578, 193, 297
    
      578, 516, 193
    
      297, 579, 578
    
      140, 195, 471
    
      696, 195, 140
    
      394, 704, 195
    
      696, 394, 195
    
      140, 592, 696
    
      592, 140, 139
    
      696, 592, 115
    
      371, 504, 44
    
      507, 44, 504
    
      371, 44, 623
    
      371, 117, 504
    
      623, 44, 58
    
      706, 58, 44
    
      44, 625, 706
    
      706, 610, 58
    
      84, 92, 188
    
      188, 36, 84
    
      92, 84, 213
    
      188, 92, 364
    
      84, 36, 576
    
      576, 36, 673
    
      709, 84, 576
    
      576, 673, 575
    
      575, 673, 52
    
      52, 108, 575
    
      108, 52, 485
    
      52, 220, 485
    
      108, 485, 110
    
      220, 105, 485
    
      485, 105, 292
    
      292, 106, 485
    
      676, 549, 295
    
      295, 612, 676
    
      413, 295, 549
    
      114, 295, 413
    
      413, 113, 114
    
      113, 486, 114
    
      327, 676, 612
    
      611, 676, 327
    
      141, 676, 611
    
      460, 718, 312
    
      630, 718, 460
    
      312, 717, 460
    
      17, 180, 722
    
      11, 722, 180
    
      390, 11, 180
    
      265, 11, 390
    
      570, 444, 523
    
      444, 218, 523
    
      218, 88, 523
    
      218, 3, 88
    
      614, 88, 3
    
      320, 559, 695
    
      695, 559, 199
    
      320, 197, 559
    
      559, 197, 198
    
      268, 267, 530
    
      267, 341, 530
    
      341, 267, 12
    
      391, 12, 267
    
      296, 505, 611
    
      296, 139, 505
    
      380, 134, 241
    
      135, 241, 134
    
      134, 596, 135
    
      241, 449, 380
    
      367, 190, 459
    
      261, 561, 702
    
      386, 248, 247
    
      648, 386, 247
    
      79, 77, 203
    
      79, 78, 77
    
      203, 77, 208
    
      77, 273, 208
    
      77, 635, 273
    
      78, 725, 77
    
      725, 635, 77
    
      208, 273, 67
    
      208, 691, 203
    
      67, 691, 208
    
      691, 359, 203
    
      689, 203, 359
    
      691, 690, 359
    
      359, 690, 689
    
      690, 358, 689
    
      69, 203, 689
    
      79, 203, 76
    
      689, 313, 69
    
      313, 689, 358
    
      203, 282, 76
    
      203, 69, 282
    
      76, 282, 712
    
      271, 69, 313
    
      271, 282, 69
    
      405, 76, 712
    
      78, 79, 618
    
      271, 593, 282
    
      322, 79, 76
    
      593, 271, 243
    
      358, 142, 313
    
      397, 282, 593
    
      322, 618, 79
    
      282, 397, 712
    
      405, 567, 76
    
      76, 567, 322
    
      283, 618, 322
    
      322, 567, 283
    
      618, 283, 487
    
      703, 143, 332
    
      332, 143, 590
    
      703, 462, 143
    
      107, 143, 462
    
      144, 143, 107
    
      143, 144, 590
    
      671, 107, 462
    
      326, 703, 332
    
      326, 48, 703
    
      435, 703, 48
    
      235, 462, 703
    
      222, 48, 326
    
      326, 678, 222
    
      48, 222, 436
    
      48, 436, 435
    
      705, 435, 436
    
      298, 671, 462
    
      462, 235, 298
    
      671, 298, 440
    
      332, 590, 333
    
      326, 332, 677
    
      678, 326, 677
    
      435, 705, 400
    
      604, 703, 435
    
      604, 435, 400
    
      235, 703, 236
    
      236, 703, 604
    
      235, 236, 298
    
      124, 298, 236
    
      298, 124, 440
    
      726, 276, 639
    
      276, 727, 639
    
      276, 174, 727
    
      276, 480, 174
    
      474, 727, 174
    
      639, 632, 726
    
      8, 632, 639
    
      726, 632, 233
    
      726, 234, 276
    
      343, 276, 234
    
      233, 234, 726
    
      234, 233, 605
    
      276, 343, 480
    
      343, 19, 480
    
      533, 233, 632
    
      533, 605, 233
    
      605, 533, 122
    
      122, 533, 632
    
      632, 670, 122
    
      303, 244, 142
    
      142, 68, 303
    
      68, 25, 303
    
      244, 303, 97
    
      396, 97, 303
    
      25, 396, 303
    
      25, 68, 345
    
      68, 142, 358
    
      24, 25, 345
    
      24, 345, 411
    
      690, 345, 68
    
      690, 68, 358
    
      95, 365, 313
    
      365, 525, 313
    
      271, 313, 525
    
      365, 95, 366
    
      96, 366, 95
    
      591, 95, 313
    
      95, 591, 291
    
      366, 96, 91
    
      291, 96, 95
    
      96, 291, 94
    
      90, 96, 94
    
      591, 313, 142
    
      142, 660, 591
    
      591, 660, 291
    
      94, 291, 93
    
      142, 244, 660
    
      291, 660, 244
    
      366, 91, 60
    
      508, 525, 365
    
      525, 508, 243
    
      243, 271, 525
    
      366, 290, 365
    
      290, 508, 365
    
      497, 290, 366
    
      60, 497, 366
    
      497, 60, 697
    
      137, 508, 290
    
      243, 508, 661
    
      508, 137, 661
    
      496, 290, 497
    
      137, 496, 661
    
      290, 496, 137
    
      289, 60, 91
    
      91, 353, 289
    
      96, 353, 91
    
      353, 96, 90
    
      479, 60, 289
    
      39, 90, 94
    
      565, 51, 513
    
      513, 512, 565
    
      565, 512, 352
    
      512, 35, 352
    
      565, 352, 576
    
      575, 51, 565
    
      576, 575, 565
    
      352, 35, 274
    
      709, 576, 352
    
      352, 274, 709
    
      35, 481, 274
    
      658, 513, 51
    
      683, 481, 35
    
      35, 512, 683
    
      51, 606, 658
    
      285, 512, 513
    
      683, 512, 285
    
      38, 481, 683
    
      38, 683, 323
    
      513, 478, 285
    
      683, 285, 323
    
      513, 658, 427
    
      478, 513, 427
    
      606, 51, 109
    
      575, 108, 51
    
      109, 51, 293
    
      658, 606, 319
    
      684, 606, 109
    
      293, 51, 53
    
      319, 606, 684
    
      53, 51, 108
    
      319, 684, 223
    
      293, 194, 109
    
      109, 194, 684
    
      293, 521, 194
    
      53, 521, 293
    
      53, 110, 521
    
      194, 111, 684
    
      111, 223, 684
    
      223, 111, 112
    
      112, 678, 223
    
      475, 22, 433
    
      433, 22, 563
    
      475, 433, 38
    
      399, 433, 563
    
      563, 22, 294
    
      412, 294, 22
    
      294, 662, 563
    
      412, 113, 294
    
      294, 113, 413
    
      294, 413, 549
    
      294, 549, 242
    
      662, 294, 242
    
      700, 78, 487
    
      487, 78, 618
    
      700, 487, 425
    
      529, 700, 425
    
      487, 426, 425
    
      636, 426, 487
    
      636, 487, 283
    
      572, 529, 425
    
      425, 426, 572
    
      636, 163, 426
    
      529, 572, 474
    
      700, 529, 267
    
      529, 175, 267
    
      474, 175, 529
    
      175, 391, 267
    
      182, 391, 175
    
      515, 636, 283
    
      567, 515, 283
    
      267, 698, 700
    
      700, 725, 78
    
      725, 700, 171
    
      267, 268, 698
    
      698, 720, 700
    
      720, 171, 700
    
      171, 172, 725
    
      172, 171, 720
    
      699, 720, 698
    
      164, 725, 172
    
      635, 725, 164
    
      55, 172, 720
    
      479, 399, 563
    
      563, 662, 479
    
      697, 479, 662
    
      697, 662, 242
    
      407, 216, 510
    
      216, 215, 510
    
      216, 682, 215
    
      461, 215, 682
    
      461, 682, 486
    
      409, 416, 483
    
      50, 483, 416
    
      483, 50, 472
    
      698, 268, 528
    
      528, 699, 698
    
      528, 268, 715
    
      421, 507, 504
    
      507, 421, 522
    
      421, 127, 522
    
      127, 421, 604
    
      400, 127, 604
    
      127, 400, 522
    
      440, 672, 671
    
      672, 107, 671
    
      105, 560, 292
    
      560, 106, 292
    
      237, 545, 559
    
      506, 275, 98
    
      275, 506, 221
    
      275, 23, 98
    
      44, 98, 23
    
      44, 325, 98
    
      506, 260, 221
    
      44, 507, 325
    
      679, 221, 260
    
      221, 47, 275
    
      111, 679, 260
    
      23, 275, 624
    
      23, 625, 44
    
      625, 23, 624
    
      106, 275, 47
    
      275, 106, 560
    
      624, 275, 560
    
      194, 679, 111
    
      221, 194, 47
    
      679, 194, 221
    
      47, 194, 521
    
      47, 521, 106
    
      112, 111, 260
    
      98, 318, 506
    
      318, 98, 325
    
      112, 260, 401
    
      678, 112, 401
    
      522, 325, 507
    
      506, 436, 260
    
      260, 436, 222
    
      325, 522, 400
    
      325, 400, 318
    
      222, 401, 260
    
      678, 401, 222
    
      436, 506, 705
    
      318, 705, 506
    
      705, 318, 400
    
      481, 353, 274
    
      353, 481, 289
    
      274, 353, 39
    
      90, 39, 353
    
      274, 39, 213
    
      709, 274, 213
    
      213, 39, 92
    
      94, 92, 39
    
      213, 84, 709
    
      481, 469, 289
    
      289, 469, 479
    
      399, 469, 481
    
      481, 38, 399
    
      469, 399, 479
    
      516, 567, 405
    
      210, 567, 516
    
      567, 210, 515
    
      397, 593, 346
    
      397, 346, 438
    
      438, 712, 397
    
      438, 405, 712
    
      168, 217, 89
    
      89, 217, 286
    
      89, 286, 363
    
      509, 89, 363
    
      600, 362, 238
    
      362, 278, 238
    
      238, 558, 600
    
      558, 238, 278
    
      667, 600, 558
    
      721, 441, 718
    
      10, 54, 18
    
      531, 10, 18
    
      390, 531, 18
    
      637, 8, 639
    
      477, 8, 637
    
      594, 458, 300
    
      300, 136, 594
    
      136, 300, 498
    
      498, 634, 136
    
      498, 301, 634
    
      205, 26, 27
    
      26, 205, 206
    
      27, 26, 207
    
      316, 526, 33
    
      288, 511, 614
    
      421, 236, 604
    
      716, 59, 465
    
      393, 716, 465
    
      465, 391, 393
    
      12, 391, 465
    
      357, 465, 59
    
      476, 59, 716
    
      57, 357, 59
    
      341, 12, 465
    
      393, 391, 182
    
      371, 59, 476
    
      117, 371, 476
    
      371, 57, 59
    
      484, 716, 393
    
      716, 484, 476
    
      19, 484, 393
    
      19, 393, 480
    
      182, 480, 393
    
      465, 13, 341
    
      341, 13, 530
    
      20, 465, 357
    
      58, 20, 357
    
      20, 268, 465
    
      623, 58, 357
    
      371, 623, 357
    
      530, 465, 268
    
      610, 20, 58
    
      268, 20, 715
    
      20, 414, 715
    
      610, 414, 20
    
      517, 279, 404
    
      518, 517, 404
    
      656, 334, 540
    
      648, 540, 334
    
      376, 440, 124
    
      224, 611, 327
    
      244, 97, 364
    
      364, 93, 244
    
      92, 93, 364
    
      244, 93, 291
    
      94, 93, 92
    
      333, 590, 145
    
      146, 145, 590
    
      146, 590, 144
    
      539, 494, 152
    
      539, 152, 587
    
      152, 250, 587
    
      152, 306, 250
    
      306, 647, 250
    
      250, 647, 538
    
      647, 646, 538
    
      646, 647, 305
    
      251, 646, 305
    
      305, 151, 251
    
      21, 715, 414
    
      497, 242, 496
    
      497, 697, 242
    
      387, 424, 338
    
      424, 387, 463
    
      150, 463, 387
    
      495, 338, 424
    
      102, 411, 345
    
      349, 526, 570
    
      526, 15, 570
    
      182, 175, 174
    
      480, 182, 174
    
      362, 177, 214
    
      214, 177, 569
    
      615, 214, 569
    
      306, 152, 494
    
      579, 577, 578
    
      541, 542, 731
    
      699, 55, 720
    
      670, 8, 392
    
      632, 8, 670
    
      357, 57, 371
    
      702, 472, 547
    
      704, 394, 121
    
      329, 121, 394
    
      121, 641, 704
    
      686, 711, 27
    
      686, 27, 207
    
      472, 50, 547
    
      564, 615, 54
    
      214, 615, 564
    
      187, 564, 54
    
      708, 564, 187
    
      117, 304, 504
    
      304, 117, 476
    
      595, 663, 596
    
      596, 134, 595
    
      484, 19, 181
    
      474, 174, 175
    
      475, 38, 323
    
      144, 107, 551
    
      659, 144, 551
    
      713, 394, 344
    
      344, 394, 696
    
      696, 115, 344
    
      150, 385, 249
    
      595, 356, 154
    
      479, 697, 60
    
      443, 168, 288
    
      13, 465, 530
    
      106, 521, 485
    
      110, 485, 521
    
      356, 406, 29
    
      731, 166, 167
    
      363, 407, 509
    
      539, 423, 494
    
      108, 110, 53
    
      205, 518, 206
    
      585, 388, 307
    
      388, 585, 537
    
      219, 245, 649
    
      451, 707, 437
    
      169, 729, 317
    
      585, 307, 537
    
      153, 445, 538
    
      250, 538, 445
    
      38, 433, 399
    
      139, 369, 592
    
      532, 173, 708
    
      37, 532, 708
    
      551, 99, 659
    
      714, 394, 713
    
      714, 329, 394
    
      731, 167, 541
    
      251, 424, 153
    
      167, 301, 541
    
      315, 29, 32
    
      245, 692, 246
    
      246, 692, 192
    
      153, 538, 646
    
      251, 153, 646
    
      569, 54, 615
    
      166, 634, 301
    
      251, 495, 424
    
      151, 495, 251
    
      445, 587, 250
   
    
      0.0103299999237
      -0.002257999897
      0.00180000305176
    
      0.00992599964142
      -0.0212199993134
      0.0158000030518
    
      0.00994499969482
      -0.0211100006104
      0.0148999938965
    
      -0.022
      0.00979899978638
      0.0195999908447
    
      -0.0216800003052
      -0.0208299999237
      0.0215999908447
    
      -0.0219099998474
      -0.0176200008392
      0.00130000305176
    
      -0.0212299995422
      -0.00952200031281
      0.00119999694824
    
      0.00807999992371
      -0.0216800003052
      0.034
    
      0.00726999998093
      -0.0212199993134
      0.0386999969482
    
      -0.00379699993134
      -0.0154899997711
      0.0588999938965
    
      0.00990200042725
      -0.0211800003052
      0.00359999084473
    
      0.0101599998474
      -0.0209899997711
      0.00939999389648
    
      0.00379800009727
      -0.0159300003052
      0.0478999938965
    
      0.00444600009918
      -0.0155900001526
      0.0508999938965
    
      0.000644200026989
      -0.0144099998474
      0.0583000030518
    
      -0.0219699993134
      0.00975599956512
      0.0123000030518
    
      0.0105699996948
      -0.0203600006104
      0.0165999908447
    
      0.0102399997711
      -0.0209300003052
      0.0156999969482
    
      0.0104499998093
      -0.0206399993896
      0.00459999084473
    
      0.00594299983978
      -0.0136099996567
      0.0401999969482
    
      0.00607399988174
      -0.012970000267
      0.0535999908447
    
      0.00299499988556
      -0.0112600002289
      0.0586999969482
    
      -0.0179300003052
      0.00809899997711
      0.04
    
      0.00732899999619
      -0.00171500003338
      0.0525999908447
    
      -0.0143500003815
      -0.00844400024414
      0.0598000030518
    
      -0.0154799995422
      -0.00823499965668
      0.0590999908447
    
      -0.0215900001526
      -0.0206900005341
      0.00259999084473
    
      -0.0207600002289
      -0.0212600002289
      0.00180000305176
    
      -0.00380200004578
      -0.000259099990129
      0.0601999969482
    
      -0.0214699993134
      0.00965200042725
      0.00159999084473
    
      -0.0202399997711
      0.00913300037384
      0.00109999084473
    
      -0.0189500007629
      0.0107700004578
      0.012
    
      -0.0214099998474
      0.0103299999237
      0.00239999389648
    
      -0.0213700008392
      0.0103900003433
      0.007
    
      -0.0195200004578
      0.0108800001144
      0.003
    
      -0.0126999998093
      0.00655499982834
      0.0476999969482
    
      -0.00941300010681
      0.00432600021362
      0.0585
    
      0.00752500009537
      -0.02175
      0.000899993896484
    
      -0.014220000267
      0.00596799993515
      0.0403999938965
    
      -0.0163099994659
      0.00321199989319
      0.0548000030518
    
      0.0103000001907
      0.00338700008392
      0.038
    
      -0.0218999996185
      -0.0193999996185
      0.033
    
      -0.0216499996185
      -0.0207600002289
      0.00539999389648
    
      -0.0218700008392
      -0.0184899997711
      0.0376999969482
    
      0.0081639995575
      -0.00530800008774
      0.0508999938965
    
      0.00903199958801
      0.0107899999619
      0.0290999908447
    
      0.00928999996185
      0.0104399995804
      0.0233000030518
    
      0.00222600007057
      0.00543400001526
      0.0538000030518
    
      0.00377600002289
      0.00570599985123
      0.0398999938965
    
      0.00604500007629
      0.0109600000381
      0.0128000030518
    
      0.00895199966431
      0.0110500001907
      0.0133000030518
    
      -0.00360700011253
      0.00827600002289
      0.0520999908447
    
      -0.00277200007439
      0.00420399999619
      0.0588000030518
    
      -0.00114900004864
      0.00744199991226
      0.0548999938965
    
      0.0102100000381
      -0.0207800006866
      0.00209999084473
    
      -0.00122500002384
      -0.0176800003052
      0.0560999908447
    
      0.0107100000381
      -0.0181100006104
      0.0318000030518
    
      0.00807100009918
      -0.00855599975586
      0.0475999908447
    
      0.00789799976349
      -0.00879100036621
      0.0525
    
      0.0076890001297
      -0.00946599960327
      0.0466999969482
    
      -0.0183299999237
      0.000828400015831
      0.0415999908447
    
      -0.0218700008392
      -0.0191800003052
      0.002
    
      0.00713399982452
      0.00545200014114
      0.000800003051758
    
      0.00966499996185
      0.00530499982834
      0.00109999084473
    
      0.00949499988556
      -0.00792899990082
      0.0005
    
      0.00910499954224
      -0.0160200004578
      0.000300003051758
    
      0.00928699970245
      0.00834799957275
      0.00119999694824
    
      -0.0140200004578
      -0.0156700000763
      0.056
    
      -0.0179799995422
      -0.00973700046539
      0.0563999938965
    
      -0.0185200004578
      -0.0121300001144
      0.0480999908447
    
      -0.0181800003052
      -0.0220100002289
      0.0360999908447
    
      -0.0199200000763
      -0.0216700000763
      0.00309999084473
    
      -0.0187800006866
      -0.0217099990845
      0.00880000305176
    
      -0.0201499996185
      -0.0189799995422
      0.000800003051758
    
      -0.00871000003815
      -0.0148100004196
      0.0591999969482
    
      -0.011529999733
      -0.0143000001907
      0.0585
    
      -0.0148000001907
      -0.0162700004578
      0.0418999938965
    
      -0.01075
      -0.0187099990845
      0.0523000030518
    
      -0.00802799987793
      -0.0194599990845
      0.0488000030518
    
      -0.0116300001144
      -0.0182299995422
      0.0448999938965
    
      -0.0187399997711
      0.0107399997711
      0.002
    
      -0.0203799991608
      0.0103299999237
      0.0383000030518
    
      -0.0182099990845
      0.0106999998093
      0.0328000030518
    
      -0.0188999996185
      0.0105
      0.0385
    
      -0.0121300001144
      0.00512799978256
      0.0565999908447
    
      -0.0219599990845
      0.00779899978638
      0.0378000030518
    
      -0.0220100002289
      0.00935900020599
      0.0190999908447
    
      -0.0219799995422
      0.00936299991608
      0.0295999908447
    
      -0.0217399997711
      0.0100399999619
      0.0191999969482
    
      -0.0211399993896
      0.0103500003815
      0.0290999908447
    
      -0.0176599998474
      0.00170700001717
      0.0538999938965
    
      -0.0182299995422
      0.000863099992275
      0.0480999908447
    
      -0.0157399997711
      0.00234800004959
      0.0563999938965
    
      -0.0177399997711
      -0.000854200005531
      0.0563999938965
    
      -0.0182199993134
      7.31799975038e-05
      0.055
    
      -0.0196000003815
      -0.00318899989128
      0.0503000030518
    
      -0.0188899993896
      -0.000319000005722
      0.0518999938965
    
      -0.0151499996185
      -0.00378299999237
      0.0595
    
      0.00705900001526
      -0.00108000004292
      0.0441999969482
    
      0.0089969997406
      0.0103900003433
      0.0368999938965
    
      0.010220000267
      0.00665100002289
      0.0363999938965
    
      0.00982499980927
      0.00876599979401
      0.0373999938965
    
      -0.0113900003433
      -0.0118999996185
      0.0598999938965
    
      -0.0120699996948
      -0.00540399980545
      0.0600999908447
    
      0.00107000005245
      -0.00104600000381
      0.0595999908447
    
      0.00178999996185
      0.000878000020981
      0.0583999938965
    
      0.0022349998951
      0.00503999996185
      0.0548999938965
    
      0.00910099983215
      0.00876099967957
      0.0393999938965
    
      -0.00152199995518
      0.00677299976349
      0.056
    
      -0.0017539999485
      0.00792100000381
      0.0458999938965
    
      0.000202700003982
      0.00664300012589
      0.0553999938965
    
      0.00158200001717
      0.00636000013351
      0.0435
    
      0.00193299996853
      0.00619099998474
      0.0408000030518
    
      -0.0207900009155
      0.00783099985123
      0.0396999969482
    
      -0.0215300006866
      0.00753399991989
      0.0390999908447
    
      -0.0214799995422
      -0.0184099998474
      0.039
    
      0.0107700004578
      -0.0174599990845
      0.0366999969482
    
      0.00820400047302
      -0.00752600002289
      0.0413999938965
    
      0.00549399995804
      -0.0206800003052
      9.99908447266e-05
    
      0.0088360004425
      -0.0189899997711
      0.000399993896484
    
      0.00765899991989
      0.00976399993896
      0.000899993896484
    
      -0.0200100002289
      -0.0216000003815
      0.0383999938965
    
      0.00978999996185
      -0.0197700004578
      0.0391999969482
    
      0.0104499998093
      -0.0189899997711
      0.0386999969482
    
      0.00965900039673
      -0.000194499999285
      0.0393999938965
    
      0.00943799972534
      -0.0100100002289
      0.0395
    
      0.0081280002594
      -0.00957999992371
      0.04
    
      0.00766499996185
      -0.00178999996185
      0.0398999938965
    
      0.00987600040436
      0.00980399990082
      0.00309999084473
    
      0.0101400003433
      0.00735300016403
      0.0323999938965
    
      0.0102299995422
      -0.0101000003815
      0.0386999969482
    
      0.0102399997711
      0.00839200019836
      0.00239999389648
    
      0.0101800003052
      -0.0013789999485
      0.0015
    
      0.0103100004196
      0.00298099994659
      0.00189999389648
    
      -0.0219400005341
      0.0029430000782
      0.00139999389648
    
      -0.0217000007629
      0.00220799994469
      0.00119999694824
    
      -0.0219799995422
      -0.00999899959564
      0.00109999084473
    
      -0.0198099994659
      -0.00328299999237
      0.0403999938965
    
      -0.02025
      -0.00737200021744
      0.0398999938965
    
      -0.0214400005341
      -0.015470000267
      0.039
    
      -0.0204899997711
      -0.0153500003815
      0.0395999908447
    
      -0.0209599990845
      -0.00751800012589
      0.0395
    
      -0.0190400009155
      -0.00823400020599
      0.0555999908447
    
      0.00764099979401
      0.00939200019836
      0.0396999969482
    
      0.00815799999237
      0.0102100000381
      0.0390999908447
    
      0.00467999982834
      0.0104099998474
      0.0388999938965
    
      0.00685099983215
      0.0107100000381
      0.0385
    
      -0.0121899995804
      0.0103299999237
      0.0383999938965
    
      -0.0134499998093
      0.0105399999619
      0.038
    
      -0.0187900009155
      0.0101300001144
      0.0393000030518
    
      -0.0141000003815
      0.0108299999237
      0.00109999084473
    
      -0.0107899999619
      0.0112899999619
      0.000899993896484
    
      -0.00899899959564
      0.0113900003433
      0.000899993896484
    
      -0.0102299995422
      0.0113599996567
      0.001
    
      -0.0216499996185
      0.0065110001564
      0.00130000305176
    
      -0.0147100000381
      -0.01825
      0.000800003051758
    
      -0.0106300001144
      -0.0143500003815
      0.0005
    
      0.0014090000391
      -0.0194200000763
      0.0
    
      -0.0207099990845
      -0.00776200008392
      0.001
    
      -0.0210599994659
      -0.000609300017357
      0.00130000305176
    
      0.00105400002003
      -0.0221000003815
      0.00130000305176
    
      -0.00263000011444
      -0.0221200008392
      0.0315999908447
    
      -0.00497700023651
      -0.0220699996948
      0.0375999908447
    
      -0.00512699985504
      -0.0202299995422
      0.0395
    
      -0.00639799976349
      -0.0189200000763
      0.0551999969482
    
      -0.00685200023651
      -0.0178600006104
      0.0565999908447
    
      -0.0220400009155
      -0.00804300022125
      0.001
    
      -0.0222199993134
      -0.00744000005722
      0.00109999084473
    
      -0.0218700008392
      0.00983300018311
      0.0268999938965
    
      -0.0216499996185
      -0.0206900005341
      0.0276999969482
    
      0.00967500019073
      -0.0213199996948
      0.0163000030518
    
      -0.00292700004578
      -0.0194899997711
      0.0526999969482
    
      -0.00334899997711
      -0.0189699993134
      0.0550999908447
    
      0.00603399991989
      -0.0218299999237
      0.0005
    
      0.0029849998951
      -0.0170599994659
      0.0400999908447
    
      0.00222499990463
      -0.0170599994659
      0.0415999908447
    
      -0.000754499971867
      -0.0126800003052
      0.06
    
      0.0107700004578
      -0.0191399993896
      0.002
    
      0.0106499996185
      -0.0200699996948
      0.0183000030518
    
      0.0106400003433
      -0.0202399997711
      0.0148000030518
    
      0.00994600009918
      -0.0211299991608
      0.0125999908447
    
      0.00659100008011
      -0.0126000003815
      0.0400999908447
    
      0.00408599996567
      -0.0157299995422
      0.041
    
      -0.0187900009155
      -0.0217800006866
      0.00169999694824
    
      -0.0205699996948
      0.0106199998856
      0.0156999969482
    
      -0.0213999996185
      0.0103199996948
      0.005
    
      0.00730499982834
      -0.0210200004578
      0.000300003051758
    
      0.00841699981689
      -0.0214300003052
      0.00119999694824
    
      -0.0123599996567
      0.00179600000381
      0.0590999908447
    
      -0.0217900009155
      -0.0197399997711
      0.0266999969482
    
      0.00969699954987
      0.00956999969482
      0.0298000030518
    
      0.00998400020599
      0.00877000045776
      0.0248000030518
    
      0.00875899982452
      0.0108699998856
      0.00169999694824
    
      -0.0151599998474
      -0.0186299991608
      0.0396999969482
    
      0.000643400013447
      0.00685300016403
      0.051
    
      -0.0194599990845
      -0.0191200008392
      0.0395999908447
    
      -0.0215900001526
      -0.0195200004578
      0.00109999084473
    
      0.00933800029755
      -0.00173500001431
      0.0005
    
      0.00959300041199
      -0.000549499988556
      0.000899993896484
    
      0.00998400020599
      -0.00774499988556
      0.000899993896484
    
      0.00841100025177
      -0.0173500003815
      0.000199996948242
    
      0.0088170003891
      -0.0155900001526
      0.000599990844727
    
      -0.0218299999237
      -0.0199599990845
      0.031
    
      -0.0159799995422
      -0.015279999733
      0.0496999969482
    
      -0.0203299999237
      -0.0216100006104
      0.0115
    
      -0.0210499992371
      -0.0213099994659
      0.00439999389648
    
      -0.0215200004578
      -0.0209500007629
      0.00439999389648
    
      -0.0212299995422
      -0.0205100002289
      0.00119999694824
    
      -0.0141300001144
      -0.0167700004578
      0.0538999938965
    
      -0.0150399999619
      -0.0170400009155
      0.0400999908447
    
      -0.011779999733
      -0.019
      0.0398999938965
    
      -0.0172900009155
      0.0106899995804
      0.0370999908447
    
      -0.00889999961853
      0.00895499992371
      0.0396999969482
    
      -0.0141400003433
      0.00489599990845
      0.0553000030518
    
      0.0102899999619
      -0.0197399997711
      0.00119999694824
    
      -0.0214699993134
      0.0100200004578
      0.0368000030518
    
      -0.0218199996948
      0.00965999984741
      0.0345999908447
    
      -0.0218700008392
      0.00972700023651
      0.0283999938965
    
      -0.0218700008392
      0.00985099983215
      0.0181999969482
    
      0.00923499965668
      0.0108199996948
      0.00459999084473
    
      -0.000833899974823
      0.00155200004578
      0.0598000030518
    
      0.00368799996376
      0.00414099979401
      0.0495
    
      0.00255999994278
      0.00586299991608
      0.0400999908447
    
      -0.000186199992895
      0.00738100004196
      0.0406999969482
    
      -0.0217600002289
      -0.00751399993896
      0.0385999908447
    
      0.00477799987793
      -0.00701700019836
      0.0585999908447
    
      0.00202099990845
      -0.00430800008774
      0.0598000030518
    
      -0.00496799993515
      -0.0216299991608
      0.000300003051758
    
      0.00291599988937
      -0.0219200000763
      0.000599990844727
    
      0.00343300008774
      -0.0214599990845
      0.000199996948242
    
      0.00234299993515
      -0.0212700004578
      9.99908447266e-05
    
      0.00838799953461
      0.0110500001907
      0.0256999969482
    
      0.00820499992371
      0.011029999733
      0.00980000305176
    
      0.00901299953461
      -0.0192199993134
      0.0396999969482
    
      0.00824800014496
      -0.0159799995422
      0.0398999938965
    
      0.00869299983978
      0.00387299990654
      0.0398000030518
    
      0.00894099998474
      -0.00207999992371
      0.0396999969482
    
      0.0101099996567
      -0.0023029999733
      0.00139999389648
    
      0.0100799999237
      -0.0152700004578
      0.000800003051758
    
      0.0107299995422
      -0.0176299991608
      0.0113999938965
    
      -0.0219200000763
      0.00481799983978
      0.0116999969482
    
      -0.0216399993896
      0.000505100011826
      0.0015
    
      -0.0193799991608
      0.000946799993515
      0.0400999908447
    
      -0.0197199993134
      -0.00867099952698
      0.0408000030518
    
      -0.0181299991608
      -0.00386100006104
      0.0568999938965
    
      0.00930399990082
      0.01075
      0.00269999694824
    
      0.00896899986267
      0.0109499998093
      0.00219999694824
    
      -0.000102700002491
      0.0110200004578
      0.00109999084473
    
      -0.00308299994469
      0.0109200000763
      0.000899993896484
    
      -0.014970000267
      0.0108900003433
      0.00139999389648
    
      -0.00924899959564
      0.011470000267
      0.001
    
      -0.0107299995422
      0.0113000001907
      0.001
    
      -0.0102299995422
      -0.0105600004196
      0.000899993896484
    
      -0.0126800003052
      -0.0215300006866
      0.000599990844727
    
      -0.0131499996185
      -0.0208199996948
      0.0005
    
      -0.0112299995422
      -0.0219599990845
      0.0376999969482
    
      -0.0100500001907
      -0.0209599990845
      0.039
    
      -0.0149899997711
      -0.0218999996185
      0.002
    
      -0.0175599994659
      -0.0217399997711
      0.00539999389648
    
      0.00030910000205
      -0.00795800018311
      0.0601999969482
    
      0.00396399998665
      0.004
      0.0415
    
      0.00896300029755
      0.0108299999237
      0.0183000030518
    
      -0.0218199996948
      -0.0193099994659
      0.0235999908447
    
      0.00864999961853
      0.0110200004578
      0.0203999938965
    
      0.00972200012207
      -0.0212600002289
      0.015
    
      0.0105600004196
      -0.0203899993896
      0.00830000305176
    
      0.00976799964905
      -0.02125
      0.0241999969482
    
      0.00266300010681
      -0.0168600006104
      0.0473000030518
    
      0.00390899991989
      -0.0158900003433
      0.0531999969482
    
      -0.0219300003052
      0.00968099975586
      0.0133999938965
    
      0.0104099998474
      -0.0205499992371
      0.0205999908447
    
      -0.0192199993134
      -0.010529999733
      0.0448999938965
    
      0.00789400005341
      0.0108599996567
      0.00119999694824
    
      -0.0121800003052
      -0.0177700004578
      0.0545999908447
    
      -0.0144099998474
      0.00536000013351
      0.053
    
      0.00544000005722
      0.00156700003147
      0.0520999908447
    
      0.00484800004959
      -0.0166000003815
      0.04
    
      0.00955200004578
      0.00233299994469
      0.001
    
      0.00980900001526
      -0.0155699996948
      0.000599990844727
    
      -0.0215699996948
      -0.0207999992371
      0.0121999969482
    
      -0.0215300006866
      -0.0208500003815
      0.0143999938965
    
      -0.0217399997711
      -0.02075
      0.0181999969482
    
      -0.0173299999237
      -0.0137899999619
      0.0433999938965
    
      -0.00889400005341
      -0.01925
      0.0408000030518
    
      -0.0175300006866
      0.010779999733
      0.0153000030518
    
      -0.010220000267
      0.00782700014114
      0.0406999969482
    
      -0.0218899993896
      0.00979500007629
      0.0293000030518
    
      -0.0219899997711
      0.00934300041199
      0.0220999908447
    
      -0.0215799999237
      0.0100600004196
      0.0246999969482
    
      -0.0166100006104
      0.00325999999046
      0.0428000030518
    
      -0.0194899997711
      -0.00212199997902
      0.0408000030518
    
      -0.0192399997711
      -0.00233100008965
      0.0545
    
      0.00186399996281
      0.00433300018311
      0.056
    
      -0.00121800005436
      0.00768699979782
      0.053
    
      -0.0195
      0.00656799983978
      0.0400999908447
    
      -0.0216000003815
      0.00411299991608
      0.0388999938965
    
      -0.0216499996185
      -0.0132100000381
      0.0386999969482
    
      -0.015720000267
      -0.0204500007629
      0.0393000030518
    
      0.00924499988556
      0.00333200001717
      0.0395999908447
    
      0.0101400003433
      0.00699100017548
      0.0295
    
      -0.0221900005341
      -0.011279999733
      0.00130000305176
    
      -0.0222099990845
      -0.00791099977493
      0.00109999084473
    
      -0.0198099994659
      -0.00978199958801
      0.04
    
      -0.0164799995422
      -0.00729500007629
      0.0583999938965
    
      0.00847399997711
      -0.00754400014877
      0.0400999908447
    
      -0.0105799999237
      0.01125
      0.000800003051758
    
      -0.00922500038147
      0.0113000001907
      0.000899993896484
    
      -0.005617000103
      -0.0157399997711
      0.000399993896484
    
      -0.0221299991608
      -0.0138000001907
      0.00130000305176
    
      -0.00175600004196
      -0.0216200008392
      0.0383999938965
    
      -0.0153599996567
      -0.0218600006104
      0.038
    
      0.00796299982071
      -0.0216000003815
      0.0303000030518
    
      0.0104899997711
      -0.0203999996185
      0.0340999908447
    
      -0.0196599998474
      -0.00870100021362
      0.0516999969482
    
      -0.00366400003433
      0.00247300004959
      0.06
    
      -0.0203400001526
      0.0103400001526
      0.00159999084473
    
      -0.0216700000763
      0.0101199998856
      0.00609999084473
    
      -0.0218199996948
      -0.0205699996948
      0.0281999969482
    
      0.00646899986267
      0.000238299995661
      0.0401999969482
    
      -0.00192499995232
      0.00833399963379
      0.0401999969482
    
      0.00911900043488
      -0.00351799988747
      0.000399993896484
    
      -0.0171200008392
      -0.0220100002289
      0.033
    
      -0.0112700004578
      -0.0184699993134
      0.042
    
      -0.0118800001144
      0.00732800006866
      0.0403999938965
    
      -0.0220200004578
      0.00911600017548
      0.0275999908447
    
      0.00757999992371
      -0.00222099995613
      0.0415
    
      0.0018710000515
      0.00753299999237
      0.04
    
      -0.0215200004578
      -0.00591499996185
      0.0388999938965
    
      0.00534800004959
      0.0109399995804
      0.0268999938965
    
      -0.0208199996948
      -0.0216000003815
      0.0375999908447
    
      -0.0206700000763
      -0.00982699966431
      0.0395999908447
    
      -0.00440899991989
      0.0111300001144
      0.00189999389648
    
      0.00305100011826
      0.00903199958801
      0.0396999969482
    
      0.00207299995422
      0.00999100017548
      0.0391999969482
    
      0.00207899999619
      0.0107899999619
      0.000899993896484
    
      -0.0174799995422
      0.00880399990082
      0.001
    
      -0.0100100002289
      -0.0219500007629
      0.000899993896484
    
      0.00074849998951
      -0.0220699996948
      0.0376999969482
    
      -0.0118199996948
      0.0101700000763
      0.000800003051758
    
      0.00944900035858
      -0.0213500003815
      0.0165
    
      0.00968000030518
      -0.0212199993134
      0.00459999084473
    
      0.00414599990845
      -0.0156800003052
      0.0498999938965
    
      -0.0220300006866
      0.00912600040436
      0.00619999694824
    
      0.0063220000267
      -0.0141499996185
      0.04
    
      -0.0215499992371
      -0.0197000007629
      0.0385999908447
    
      -0.0145900001526
      -0.0109200000763
      0.0588999938965
    
      -0.0193600006104
      -0.0123400001526
      0.0398000030518
    
      -0.0209699993134
      -0.0216000003815
      0.0360999908447
    
      0.00489699983597
      0.0101700000763
      0.000800003051758
    
      -0.0209400005341
      0.0105100002289
      0.00939999389648
    
      -0.0198799991608
      0.0107399997711
      0.00589999389648
    
      -0.0203500003815
      0.0100600004196
      0.039
    
      -0.0108599996567
      0.00735200023651
      0.053
    
      -0.0166599998474
      0.00315799999237
      0.0515999908447
    
      -0.0218600006104
      -0.0197800006866
      0.0338999938965
    
      -0.0218400001526
      -0.0200900001526
      0.00569999694824
    
      -0.0218199996948
      0.00767899990082
      0.00159999084473
    
      0.00764900016785
      -0.00962899971008
      0.0488999938965
    
      -0.0189599990845
      -0.0107100000381
      0.0545999908447
    
      -0.0174799995422
      -0.0136199998856
      0.0538000030518
    
      -0.0184799995422
      0.0107399997711
      0.0303000030518
    
      -0.0125500001907
      0.0108000001907
      0.0230999908447
    
      0.0103199996948
      -0.0178199996948
      0.001
    
      -0.02175
      0.00986499977112
      0.0301999969482
    
      -0.0151999998093
      -0.000584500014782
      0.0585
    
      -0.0196000003815
      -0.00368600010872
      0.0433000030518
    
      -0.0191700000763
      -0.00109200000763
      0.0430999908447
    
      0.00922799968719
      0.01025
      0.0348000030518
    
      0.00882699966431
      0.0108299999237
      0.0243000030518
    
      -0.0216399993896
      -0.0171299991608
      0.0386999969482
    
      -0.0218400001526
      -0.0116199998856
      0.0345999908447
    
      0.00818400001526
      -0.00774800014496
      0.0465999908447
    
      0.00753000020981
      -0.00613999986649
      0.0555999908447
    
      -0.00271000003815
      -0.0207000007629
      0.000199996948242
    
      0.004117000103
      -0.0220100002289
      0.00109999084473
    
      0.00969600009918
      -0.0150100002289
      0.0393000030518
    
      0.0100200004578
      0.000625999987125
      0.0388999938965
    
      0.0101000003815
      -0.0163199996948
      0.0388999938965
    
      0.0106800003052
      -0.0184500007629
      0.0143999938965
    
      -0.0219099998474
      -0.000200800001621
      0.0378000030518
    
      -0.0220300006866
      0.00147099995613
      0.00239999389648
    
      0.00111000001431
      0.0111300001144
      0.00139999389648
    
      0.00532899999619
      0.0111899995804
      0.00139999389648
    
      -0.00642600011826
      0.010720000267
      0.0360999908447
    
      -0.0169099998474
      0.0104200000763
      0.0386999969482
    
      -0.0163400001526
      0.0105100002289
      0.00109999084473
    
      -0.000197400003672
      0.0108000001907
      0.000899993896484
    
      -0.0143999996185
      0.00948900032043
      0.000899993896484
    
      -0.00620200014114
      -0.0166399993896
      0.000399993896484
    
      -0.0167000007629
      -0.000206900000572
      0.001
    
      0.01
      -0.0210599994659
      0.00739999389648
    
      0.00388700008392
      -0.0159300003052
      0.0453999938965
    
      0.00997900009155
      -0.0207000007629
      0.0385
    
      0.00549700021744
      -0.0140600004196
      0.0415
    
      -0.0208999996185
      -0.0207299995422
      0.0388000030518
    
      -0.0217700004578
      -0.0205699996948
      0.0133000030518
    
      -0.014970000267
      -0.00706300020218
      0.0595999908447
    
      -0.0180100002289
      -0.0133000001907
      0.0403999938965
    
      0.00468699979782
      -0.0160200004578
      0.000399993896484
    
      -0.0157899999619
      0.00472300004959
      0.0405
    
      0.00692299985886
      -0.000480800002813
      0.04
    
      0.00228099989891
      0.00599700021744
      0.0403000030518
    
      0.00980900001526
      -0.00959599971771
      0.000699996948242
    
      -0.0206900005341
      -0.0216200008392
      0.0323999938965
    
      -0.0216900005341
      -0.0205799999237
      0.00859999084473
    
      -0.0151400003433
      -0.0163400001526
      0.0403999938965
    
      -0.0220100002289
      0.00908199977875
      0.00189999389648
    
      -0.0215799999237
      0.0100799999237
      0.0323000030518
    
      0.00801099967957
      0.0108800001144
      0.0356999969482
    
      0.00935400009155
      0.0106400003433
      0.00739999389648
    
      -0.00695599985123
      -0.0124099998474
      0.0600999908447
    
      -0.0132700004578
      -0.00926000022888
      0.0598999938965
    
      -0.01975
      0.00926500034332
      0.0396999969482
    
      -0.0210100002289
      0.00588500022888
      0.0395
    
      0.0063860001564
      -0.00978699970245
      0.0560999908447
    
      0.006492000103
      -0.00338700008392
      0.0560999908447
    
      0.00890200042725
      0.011
      0.0118000030518
    
      0.0101000003815
      -0.00398200011253
      0.0388999938965
    
      0.0102100000381
      0.00623500013351
      0.00959999084473
    
      0.0103199996948
      0.00128900003433
      0.00269999694824
    
      0.010720000267
      -0.0171100006104
      0.00839999389648
    
      0.00810299968719
      -0.00318400001526
      0.04
    
      0.00340799999237
      0.0108000001907
      0.0368999938965
    
      -0.00673099994659
      0.011029999733
      0.000800003051758
    
      -0.0115200004578
      0.011
      0.001
    
      -0.00240899991989
      -0.0193199996948
      0.0408999938965
    
      -0.00405100011826
      -0.0197399997711
      0.0401999969482
    
      -0.00726300001144
      0.00858699989319
      0.0400999908447
    
      0.00843099975586
      -0.0215300006866
      0.0238999938965
    
      0.00975699996948
      0.00979100036621
      0.0150999908447
    
      0.0102899999619
      -0.00291300010681
      0.0311999969482
    
      -0.00947299957275
      -0.0216100006104
      0.0005
    
      0.00608599996567
      0.011029999733
      0.0241999969482
    
      -0.0155900001526
      0.00591300010681
      0.04
    
      -0.0181800003052
      -0.0217399997711
      0.0110999908447
    
      0.00642199993134
      0.00194799995422
      0.0398000030518
    
      0.004992000103
      0.00282899999619
      0.04
    
      -0.0215799999237
      -0.0210300006866
      0.0318999938965
    
      -0.0171700000763
      -0.0151499996185
      0.04
    
      0.0100100002289
      -0.00179200005531
      0.039
    
      0.00974499988556
      0.00316599988937
      0.0393000030518
    
      0.0102299995422
      -0.0208299999237
      0.0233999938965
    
      -0.0219500007629
      -0.0146800003052
      0.003
    
      -0.0218600006104
      0.00972999954224
      0.0251999969482
    
      -0.0217900009155
      0.00992700004578
      0.0153000030518
    
      -0.00844499969482
      0.0113000001907
      0.00109999084473
    
      -0.0212700004578
      -0.0211700000763
      0.017
    
      0.0032990000248
      -0.0039849998951
      0.0590999908447
    
      -0.0221000003815
      0.00700400018692
      0.00289999389648
    
      -0.0218799991608
      -0.00162399995327
      0.00169999694824
    
      0.0063029999733
      0.0109600000381
      0.018
    
      -0.0215499992371
      -0.0210300006866
      0.0335999908447
    
      -0.0170300006866
      -0.0218099994659
      0.0153999938965
    
      -0.0204300003052
      -0.0215100002289
      0.0145
    
      -0.00303500008583
      -0.0219699993134
      0.000899993896484
    
      -0.0215799999237
      -0.02075
      0.0253000030518
    
      0.0106599998474
      -0.0187800006866
      0.0253000030518
    
      0.00424499988556
      -0.00582999992371
      0.000300003051758
    
      -0.0220300006866
      -0.012970000267
      0.001
    
      0.00873700046539
      0.0108400001526
      0.0306999969482
    
      0.00987899971008
      -0.0211399993896
      0.0331999969482
    
      -0.0210799999237
      0.0101199998856
      0.0383000030518
    
      0.0087889995575
      0.00716400003433
      0.0398000030518
    
      -0.0126800003052
      0.0108999996185
      0.00109999084473
    
      0.0106800003052
      -0.0170400009155
      0.0343999938965
    
      0.00530399990082
      -0.0142700004578
      0.0498000030518
    
      -0.0115200004578
      0.0110399999619
      0.002
    
      -0.0207999992371
      0.0104499998093
      0.0228999938965
    
      -0.000635599970818
      -0.0163400001526
      0.000300003051758
    
      -0.0160699996948
      0.00406699991226
      0.0408000030518
    
      0.00871599960327
      -0.00499800014496
      0.0398999938965
    
      -0.0182199993134
      -0.0160400009155
      0.0395999908447
    
      0.00923299980164
      0.0107399997711
      0.0135999908447
    
      -0.00388400006294
      0.0111000003815
      0.00119999694824
    
      0.000785300016403
      -0.0182900009155
      0.0403000030518
    
      -0.0135600004196
      0.00762599992752
      0.0398000030518
    
      0.00782999992371
      -0.00902200031281
      0.0413999938965
    
      0.003257999897
      -0.0217399997711
      0.0381999969482
    
      -0.00927600002289
      0.00829300022125
      0.0403999938965
    
      -0.01725
      0.00277399992943
      0.0406999969482
    
      0.00482899999619
      -0.01525
      0.0403000030518
    
      -0.014720000267
      0.00519000005722
      0.0425999908447
    
      -0.0204599990845
      -0.0215400009155
      0.0253999938965
    
      0.00935299968719
      0.0105799999237
      0.0113999938965
    
      0.00720800018311
      -0.0112299995422
      0.0401999969482
    
      0.000415600001812
      0.00535599994659
      0.0563000030518
    
      -0.0213999996185
      0.00941600036621
      0.0388999938965
    
      -0.00557100009918
      -0.0196499996185
      0.0418000030518
    
      -0.0178299999237
      -0.022
      0.0268999938965
    
      -0.00772499990463
      -0.0219099998474
      0.00459999084473
    
      -0.0151199998856
      -0.02175
      0.000899993896484
    
      -0.00741200017929
      -0.0215799999237
      0.000399993896484
    
      -0.0182099990845
      -0.0087530002594
      0.001
    
      -0.0032460000515
      0.0102700004578
      0.000800003051758
    
      -0.00664699983597
      0.00956000041962
      0.000699996948242
    
      -0.0110399999619
      0.0111499996185
      0.000899993896484
    
      -0.0198400001526
      -0.00216899991035
      0.0401999969482
    
      -0.0191399993896
      -0.000469500005245
      0.0405999908447
    
      -0.0222299995422
      -0.00859099960327
      0.00139999389648
    
      -0.0220100002289
      0.00910700035095
      0.0258999938965
    
      0.0101400003433
      -1.34399998933e-05
      0.00159999084473
    
      0.00613199996948
      0.0109399995804
      0.0285999908447
    
      0.00110300004482
      -0.0217900009155
      0.000399993896484
    
      -0.00274799990654
      -0.0216299991608
      0.000300003051758
    
      0.00822999954224
      -0.00585900020599
      0.0416999969482
    
      -0.0210499992371
      -0.0122899999619
      0.0393999938965
    
      0.00556500005722
      0.00190499997139
      0.0418000030518
    
      0.00798000001907
      -0.00398699998856
      0.0416999969482
    
      -0.0196299991608
      -0.00452799987793
      0.041
    
      -0.0216200008392
      0.0100399999619
      0.0306999969482
    
      -0.0211700000763
      0.0101599998474
      0.0355
    
      -0.0215
      0.0101300001144
      0.0203999938965
    
      -0.00982400035858
      0.00773199987411
      0.0443000030518
    
      -0.00783500003815
      0.0083140001297
      0.0425999908447
    
      -0.0201800003052
      0.0106599998474
      0.0201999969482
    
      -0.0101499996185
      -0.0194599990845
      0.0398000030518
    
      -0.0133900003433
      -0.0180400009155
      0.0400999908447
    
      -0.0213500003815
      -0.021
      0.0085
    
      -0.0215699996948
      -0.0208999996185
      0.00630000305176
    
      0.006742000103
      0.00357100009918
      0.000699996948242
    
      -0.0217700004578
      -0.0166399993896
      0.000899993896484
    
      0.000708500027657
      0.00661499977112
      0.0548000030518
    
      0.00757100009918
      -0.00209800004959
      0.0401999969482
    
      -0.0213299999237
      0.0103000001907
      0.0160999908447
    
      -0.00788999986649
      0.00218000006676
      0.06
    
      -0.0196900005341
      -0.00750500011444
      0.044
    
      -0.0219400005341
      0.00976700019836
      0.0105
    
      -0.0219599990845
      0.00924899959564
      0.0163000030518
    
      0.00268300008774
      -0.0161399993896
      0.0553000030518
    
      0.000144500002265
      -0.0183799991608
      0.0415
    
      0.00408900022507
      -0.0157899999619
      0.0508999938965
    
      0.0102100000381
      -0.0209300003052
      0.00509999084473
    
      0.00704500007629
      -0.0217700004578
      0.000699996948242
    
      0.0092889995575
      -0.0195699996948
      0.0395999908447
    
      0.00885599994659
      -0.0213899993896
      0.0375999908447
    
      -0.00317499995232
      -0.0202999992371
      0.0393999938965
    
      -0.0200699996948
      0.00291899991035
      0.00109999084473
    
      -0.00490100002289
      -0.0175599994659
      0.000399993896484
    
      -0.00969400024414
      0.0114399995804
      0.001
    
      -0.00854699993134
      0.0112899999619
      0.000899993896484
    
      0.00250300002098
      0.0110399999619
      0.00109999084473
    
      -0.0221499996185
      -0.00661100006104
      0.00119999694824
    
      -0.0218999996185
      -0.00370300006866
      0.0015
    
      -0.0220599994659
      -0.00347000002861
      0.0025
    
      0.0101899995804
      0.00732499980927
      0.0035
    
      0.0101700000763
      -0.00661199998856
      0.00139999389648
    
      0.0101700000763
      -0.0128000001907
      0.0386999969482
    
      0.00653999996185
      0.0109600000381
      0.0151999969482
    
      0.00540600013733
      0.010970000267
      0.0215
    
      -0.0206499996185
      0.00316199994087
      0.0398000030518
    
      0.0088719997406
      0.0108100004196
      0.0268999938965
    
      0.00896300029755
      0.0101599998474
      0.0383999938965
    
      -0.0220200004578
      0.00691699981689
      0.0338000030518
    
      -0.02
      0.0105200004578
      0.0348000030518
    
      -0.0202199993134
      -0.0216399993896
      0.00569999694824
    
      -0.0217600002289
      -0.0179799995422
      0.0186999969482
    
      0.00939599990845
      -0.0166800003052
      0.000300003051758
    
      0.00806599998474
      -0.0107299995422
      0.000599990844727
    
      0.00993099975586
      -0.014279999733
      0.000800003051758
    
      0.00968799972534
      -0.00359500002861
      0.000899993896484
    
      0.00484000015259
      0.00128999996185
      0.0551999969482
    
      0.00935799980164
      0.0103199996948
      0.0206999969482
    
      -0.0218199996948
      -0.0183099994659
      0.0095
    
      -0.0170499992371
      0.00486999988556
      0.0400999908447
    
      0.00870300006866
      -0.0209400005341
      0.000899993896484
    
      -0.0072389998436
      0.00832999992371
      0.0523999938965
    
      -0.0160300006866
      0.0107700004578
      0.00819999694824
    
      -0.0117600002289
      -0.0181900005341
      0.0406999969482
    
      0.0106700000763
      -0.0181200008392
      0.0185999908447
    
      0.010529999733
      -0.0200100002289
      0.00159999084473
    
      -0.0216000003815
      0.0101800003052
      0.0125999908447
    
      0.00987300014496
      -0.0211800003052
      0.0138999938965
    
      -0.00124199998379
      -0.0194300003052
      0.04
    
      0.00985000038147
      -0.0212299995422
      0.0185
    
      -0.00532000017166
      -0.0209500007629
      0.000199996948242
    
      -0.00557800006866
      0.00702899980545
      0.0563000030518
    
      -0.00872700023651
      0.00691099977493
      0.0560999908447
    
      -0.0130100002289
      -0.02175
      0.0383999938965
    
      -0.0128199996948
      -0.0206399993896
      0.0391999969482
    
      -0.0158299999237
      -0.0214200000763
      0.0388000030518
    
      -0.00509299993515
      -0.0221499996185
      0.0370999908447
    
      0.0034849998951
      -0.0217399997711
      0.00559999084473
    
      -0.0162099990845
      -0.021
      0.000599990844727
    
      -0.0107299995422
      -0.0214300003052
      0.000399993896484
    
      -0.00866899967194
      -0.0203099994659
      0.000399993896484
    
      -0.00508699989319
      -0.0167099990845
      0.000399993896484
    
      -0.0112299995422
      -0.0208099994659
      0.000399993896484
    
      -0.00891699981689
      0.0114399995804
      0.001
    
      0.00806999969482
      0.0111400003433
      0.00289999389648
    
      0.00454300022125
      0.0111300001144
      0.0025
    
      0.00629500007629
      0.0101499996185
      0.0393000030518
    
      -0.0195699996948
      -0.00581699991226
      0.0543000030518
    
      -0.0213999996185
      -0.0170599994659
      0.0390999908447
    
      -0.0190799999237
      -0.0112899999619
      0.0406999969482
    
      -0.0203600006104
      -0.0123299999237
      0.000899993896484
    
      -0.0219300003052
      0.00535500001907
      0.00130000305176
    
      -0.0216700000763
      0.00337400007248
      0.00109999084473
    
      -0.0219200000763
      0.00701499986649
      0.0251999969482
    
      0.00922399997711
      -0.013470000267
      0.000899993896484
    
      0.0105500001907
      -0.0117100000381
      0.004
    
      0.01025
      -0.0145200004578
      0.00109999084473
    
      0.0103699998856
      -0.00393499994278
      0.003
    
      0.0104300003052
      -0.0156800003052
      0.0383000030518
    
      0.00984099960327
      0.00987600040436
      0.009
    
      0.00803400039673
      -0.00127999997139
      0.0398000030518
    
      0.00956200027466
      -0.0186700000763
      0.0395
    
      -0.00295300006866
      0.00820400047302
      0.0426999969482
    
      0.00719500017166
      -0.0179899997711
      0.000199996948242
    
      0.00440100002289
      -0.0198500003815
      0.000399993896484
    
      0.000114500001073
      -0.0212999992371
      9.99908447266e-05
    
      0.0077610001564
      -0.00860799980164
      0.0545
    
      -0.0213400001526
      -0.00852400016785
      0.0390999908447
    
      -0.0216599998474
      -0.00247499990463
      0.0386999969482
    
      -0.0209300003052
      0.0104300003052
      0.0313000030518
    
      -0.0216900005341
      0.00997399997711
      0.0208000030518
    
      0.0100900001526
      -0.0203899993896
      0.00139999389648
    
      -0.0106800003052
      0.0081920003891
      0.04
    
      -0.0202700004578
      0.0102700004578
      0.0386999969482
    
      -0.00904199981689
      -0.0191700000763
      0.0431999969482
    
      -0.0121000003815
      -0.0169099998474
      0.0558999938965
    
      -0.02175
      -0.0206900005341
      0.0355999908447
    
      0.0100399999619
      -0.0100399999619
      0.001
    
      0.010220000267
      0.0061859998703
      0.002
    
      0.00812699985504
      -0.0078639998436
      0.0493999938965
    
      0.00654400014877
      -0.000675499975681
      0.0543999938965
    
      0.00770300006866
      -0.00371900010109
      0.0545999908447
    
      0.0100799999237
      0.00830099964142
      0.0210999908447
    
      -0.0170900001526
      0.00956599998474
      0.0395
    
      0.00757899999619
      -0.012029999733
      0.04
    
      0.0107600002289
      -0.0200300006866
      0.00339999389648
    
      0.00986200046539
      -0.0212399997711
      0.0295999908447
    
      0.00797800016403
      -0.0215200004578
      0.00239999389648
    
      0.00841699981689
      -0.0200799999237
      0.0395
    
      0.00439799976349
      -0.0219300003052
      0.0373000030518
    
      -0.0220499992371
      -0.00871800041199
      0.001
    
      -0.00929300022125
      -0.0181700000763
      0.0556999969482
    
      -0.00729099988937
      -0.0198099994659
      0.0398000030518
    
      0.00220499992371
      -0.0216200008392
      0.0385
    
      -0.00560900020599
      -0.0211900005341
      0.0388999938965
    
      0.0028069999218
      -0.0199400005341
      0.0396999969482
    
      -0.0181700000763
      -0.0217900009155
      0.0381999969482
    
      -0.0183799991608
      -0.0214799995422
      0.0388000030518
    
      -0.00919999980927
      -0.02175
      0.0383000030518
    
      -0.0143699998856
      -0.0219699993134
      0.0373999938965
    
      -0.0165400009155
      -0.0218400001526
      0.00119999694824
    
      -0.0172399997711
      -0.0216900005341
      0.001
    
      -0.0102299995422
      0.0113999996185
      0.000899993896484
    
      -0.00988399982452
      0.011220000267
      0.000800003051758
    
      0.00147000002861
      0.010970000267
      0.001
    
      0.00890900039673
      0.0110699996948
      0.00289999389648
    
      0.00834000015259
      0.011029999733
      0.006
    
      0.00772399997711
      0.01125
      0.00169999694824
    
      0.000139400005341
      0.0108500003815
      0.00669999694824
    
      -0.0114799995422
      0.00945499992371
      0.0393000030518
    
      -0.00533900022507
      0.00983699989319
      0.0390999908447
    
      0.00165799999237
      0.0105
      0.0385
    
      0.00498999977112
      0.0110100002289
      0.001
    
      0.00655700016022
      0.0110799999237
      0.00109999084473
    
      -0.00505100011826
      0.00844299983978
      0.0411999969482
    
      0.00836699962616
      0.010720000267
      0.038
    
      -0.01925
      -0.0048060002327
      0.0553000030518
    
      -0.0199500007629
      -0.00547300004959
      0.0400999908447
    
      -0.0182600002289
      0.00277800011635
      0.0401999969482
    
      -0.0211700000763
      0.00525099992752
      0.00109999084473
    
      -0.0220699996948
      0.00523999977112
      0.00169999694824
    
      -0.022
      -0.00919499969482
      0.00289999389648
    
      0.0107700004578
      -0.0197600002289
      0.0065
    
      0.0101499996185
      -0.0123900003433
      0.00119999694824
    
      0.0101400003433
      0.00349900007248
      0.0015
    
      0.0104200000763
      -0.00990900039673
      0.038
    
      0.00924600028992
      -0.0204099998474
      0.0391999969482
    
      0.00939799976349
      0.00627400016785
      0.0395
    
      0.00985999965668
      0.00593300008774
      0.0390999908447
    
      -0.00639599990845
      0.00440899991989
      0.0588999938965
    
      0.00864299964905
      0.0110100002289
      0.022
    
      0.00457399988174
      0.0108900003433
      0.0310999908447
    
      -0.0210100002289
      -0.00181200003624
      0.0393999938965
    
      3.46699990332e-05
      0.00798799991608
      0.0400999908447
    
      0.00109000003338
      0.00709399986267
      0.0401999969482
    
      0.00279800009727
      0.00520499992371
      0.048
    
      -0.0119099998474
      -0.000799700021744
      0.0601999969482
    
      -0.0205699996948
      0.0104300003052
      0.037
    
      -0.0218400001526
      0.00955599975586
      0.0370999908447
    
      -0.0118599996567
      0.00709200000763
      0.0413999938965
    
      -0.0011210000515
      0.00777799987793
      0.0425
    
      -0.0203099994659
      -0.0203199996948
      0.000800003051758
    
      -0.0197700004578
      -0.0208500003815
      0.000899993896484
    
      -0.0191700000763
      -0.0217299995422
      0.00469999694824
    
      -0.0197999992371
      -0.0217800006866
      0.0133000030518
    
      -0.0184200000763
      -0.0121400003433
      0.0531999969482
    
      -0.0179300003052
      -0.0124300003052
      0.0551999969482
    
      -0.0161700000763
      -0.0145699996948
      0.0550999908447
    
      0.00925899982452
      0.0106400003433
      0.00209999084473
    
      -0.0217600002289
      -0.0206800003052
      0.0158000030518
    
      0.00990799999237
      0.00891499996185
      0.00180000305176
    
      0.00979800033569
      -0.00739799976349
      0.000699996948242
    
      -0.0210699996948
      -0.0190499992371
      0.0391999969482
    
      -0.0184699993134
      0.00117100000381
      0.0405
    
      0.00108099997044
      -0.0179699993134
      0.0526999969482
    
      0.000495700001717
      -0.0176599998474
      0.0551999969482
    
      -0.00222699999809
      -0.0193199996948
      0.0466999969482
    
      0.00932100009918
      -0.0212900009155
      0.00209999084473
    
      0.00898900032043
      0.0108599996567
      0.0158000030518
    
      0.00682299995422
      0.00615700006485
      0.04
    
      -0.0191399993896
      -0.0208199996948
      0.0393000030518
    
      0.00603800010681
      0.00116199994087
      0.0398000030518
    
      0.00821800041199
      -0.00639900016785
      0.0541999969482
    
      -0.0218400001526
      -0.0206599998474
      0.0323000030518
    
      0.00771299982071
      -0.0215599994659
      0.000800003051758
    
      -0.0118999996185
      0.00638500022888
      0.0551999969482
    
      -0.0220900001526
      0.00942399978638
      0.00309999084473
    
      -0.0186900005341
      -0.0214200000763
      0.001
    
      -0.0166200008392
      -0.0149499998093
      0.0405999908447
    
      -0.0216599998474
      -0.0206299991608
      0.0376999969482
    
      -0.0213500003815
      -0.0213099994659
      0.0370999908447
    
      0.00435900020599
      -0.0138999996185
      0.0558999938965
    
      0.00693200016022
      -0.0113699998856
      0.0423000030518
    
      0.0102899999619
      -0.0208600006104
      0.0368000030518
    
      0.0103699998856
      -0.0207999992371
      0.0285999908447
    
      0.0106800003052
      -0.0201299991608
      0.0161999969482
    
      -0.00139400005341
      -0.0191100006104
      0.0535
    
      0.00901099967957
      -0.0215300006866
      0.0275
    
      0.0103599996567
      -0.0207399997711
      0.0108999938965
    
      0.00890900039673
      -0.0213600006104
      0.00809999084473
    
      0.00603000020981
      -0.0219200000763
      0.00109999084473
    
      -0.00584999990463
      -0.0195699996948
      0.0533000030518
    
      0.007617000103
      -0.0188799991608
      0.0398999938965
    
      0.00141100001335
      -0.0184400005341
      0.04
    
      0.00839599990845
      -0.0214699993134
      0.0131999969482
    
      -0.0216900005341
      -0.0207700004578
      0.0293999938965
    
      0.00626399993896
      0.00038299998641
      0.0005
    
      -0.0218700008392
      -0.00602799987793
      0.00109999084473
    
      -0.0191200008392
      -0.0218799991608
      0.0208999938965
    
      0.00968000030518
      -0.00469299983978
      0.0393999938965
