
  
 
   
    
      374, 652, 35
    
      208, 35, 652
    
      374, 651, 652
    
      374, 552, 651
    
      294, 552, 374
    
      374, 451, 294
    
      552, 147, 651
    
      375, 651, 147
    
      651, 375, 449
    
      552, 294, 649
    
      43, 649, 294
    
      374, 35, 553
    
      451, 374, 553
    
      369, 552, 649
    
      147, 552, 369
    
      294, 650, 43
    
      648, 43, 650
    
      334, 369, 649
    
      649, 43, 334
    
      407, 375, 147
    
      407, 147, 369
    
      42, 449, 375
    
      391, 42, 375
    
      391, 375, 407
    
      391, 407, 693
    
      650, 450, 648
    
      648, 450, 293
    
      500, 294, 451
    
      203, 553, 35
    
      500, 210, 294
    
      553, 55, 451
    
      203, 35, 33
    
      650, 294, 210
    
      35, 446, 33
    
      446, 35, 202
    
      210, 40, 650
    
      660, 202, 35
    
      55, 151, 451
    
      417, 500, 451
    
      151, 417, 451
    
      203, 297, 553
    
      660, 35, 453
    
      35, 290, 453
    
      657, 290, 35
    
      654, 657, 35
    
      547, 657, 654
    
      547, 654, 491
    
      450, 650, 40
    
      303, 547, 491
    
      547, 256, 657
    
      290, 657, 256
    
      290, 496, 453
    
      614, 496, 290
    
      290, 256, 333
    
      333, 614, 290
    
      202, 639, 446
    
      33, 446, 497
    
      497, 446, 340
    
      446, 639, 340
    
      453, 496, 660
    
      456, 639, 202
    
      660, 456, 202
    
      553, 297, 150
    
      150, 55, 553
    
      152, 297, 203
    
      212, 152, 203
    
      33, 212, 203
    
      34, 333, 256
    
      450, 40, 209
    
      450, 209, 337
    
      500, 498, 210
    
      500, 501, 498
    
      417, 501, 500
    
      40, 210, 499
    
      209, 40, 578
    
      56, 578, 40
    
      40, 499, 56
    
      449, 42, 146
    
      652, 651, 83
    
      83, 651, 322
    
      651, 449, 109
    
      651, 323, 322
    
      323, 651, 224
    
      652, 348, 208
    
      365, 224, 651
    
      109, 365, 651
    
      652, 83, 434
    
      348, 652, 434
    
      458, 434, 83
    
      458, 83, 322
    
      458, 322, 323
    
      365, 109, 108
    
      449, 108, 109
    
      449, 592, 108
    
      146, 592, 449
    
      108, 592, 685
    
      434, 533, 348
    
      364, 458, 323
    
      225, 224, 365
    
      621, 348, 533
    
      78, 108, 685
    
      434, 458, 625
    
      323, 224, 161
    
      224, 225, 161
    
      458, 364, 625
    
      323, 439, 364
    
      365, 438, 225
    
      161, 439, 323
    
      438, 365, 108
    
      108, 78, 438
    
      439, 268, 364
    
      626, 268, 439
    
      434, 625, 1
    
      533, 434, 1
    
      625, 364, 343
    
      1, 79, 533
    
      268, 343, 364
    
      486, 79, 1
    
      79, 486, 73
    
      460, 79, 73
    
      654, 301, 491
    
      301, 386, 491
    
      300, 386, 301
    
      402, 208, 348
    
      621, 402, 348
    
      402, 621, 538
    
      301, 505, 300
    
      216, 300, 505
    
      159, 216, 505
    
      299, 159, 505
    
      538, 537, 402
    
      538, 79, 537
    
      79, 460, 537
    
      653, 35, 208
    
      35, 653, 39
    
      39, 654, 35
    
      208, 402, 653
    
      402, 435, 653
    
      654, 39, 301
    
      39, 505, 301
    
      39, 405, 505
    
      638, 405, 39
    
      402, 82, 435
    
      537, 82, 402
    
      405, 638, 262
    
      405, 299, 505
    
      262, 638, 341
    
      492, 341, 638
    
      405, 262, 490
    
      690, 492, 638
    
      689, 690, 638
    
      405, 490, 545
    
      637, 299, 405
    
      637, 405, 545
    
      217, 262, 341
    
      490, 262, 217
    
      215, 341, 492
    
      690, 689, 4
    
      545, 60, 637
    
      82, 22, 435
    
      455, 638, 39
    
      624, 653, 435
    
      689, 638, 455
    
      455, 454, 689
    
      455, 204, 454
    
      125, 689, 454
    
      555, 39, 653
    
      455, 39, 554
    
      506, 555, 653
    
      653, 81, 506
    
      653, 624, 81
    
      124, 435, 22
    
      435, 124, 624
    
      455, 298, 204
    
      455, 452, 298
    
      143, 554, 39
    
      39, 555, 38
    
      36, 455, 554
    
      28, 81, 624
    
      124, 28, 624
    
      452, 455, 659
    
      555, 506, 457
    
      38, 393, 39
    
      255, 39, 393
    
      255, 143, 39
    
      455, 36, 141
    
      659, 455, 141
    
      138, 457, 506
    
      38, 555, 457
    
      506, 81, 200
    
      199, 200, 81
    
      200, 138, 506
    
      81, 29, 199
    
      29, 81, 28
    
      143, 129, 554
    
      38, 457, 195
    
      393, 38, 195
    
      123, 129, 143
    
      255, 123, 143
    
      195, 32, 393
    
      141, 206, 659
    
      554, 130, 36
    
      129, 130, 554
    
      393, 201, 255
    
      31, 123, 255
    
      206, 37, 659
    
      37, 140, 659
    
      36, 130, 205
    
      36, 205, 141
    
      129, 123, 134
    
      141, 205, 207
    
      37, 656, 140
    
      291, 206, 141
    
      207, 291, 141
    
      181, 13, 604
    
      181, 604, 245
    
      181, 245, 246
    
      245, 604, 237
    
      246, 575, 181
    
      246, 548, 575
    
      245, 237, 517
    
      59, 575, 548
    
      260, 548, 246
    
      246, 495, 260
    
      495, 246, 244
    
      244, 246, 577
    
      246, 118, 577
    
      259, 118, 246
    
      246, 549, 259
    
      548, 213, 59
    
      259, 549, 211
    
      260, 213, 548
    
      57, 118, 259
    
      244, 577, 614
    
      213, 260, 445
    
      577, 389, 614
    
      118, 389, 577
    
      260, 495, 445
    
      333, 495, 244
    
      614, 333, 244
    
      303, 59, 213
    
      118, 184, 389
    
      118, 58, 184
    
      256, 445, 495
    
      211, 57, 259
    
      59, 303, 157
    
      386, 59, 157
    
      549, 212, 211
    
      152, 212, 549
    
      58, 118, 57
    
      303, 213, 445
    
      549, 153, 152
    
      184, 496, 389
    
      333, 34, 495
    
      58, 211, 212
    
      58, 340, 184
    
      340, 639, 184
    
      496, 184, 456
    
      57, 211, 58
    
      59, 397, 575
    
      59, 386, 397
    
      237, 412, 517
    
      237, 518, 412
    
      11, 412, 518
    
      10, 11, 518
    
      397, 386, 216
    
      297, 153, 549
    
      549, 246, 691
    
      358, 246, 245
    
      416, 245, 517
    
      246, 358, 277
    
      117, 691, 246
    
      246, 277, 117
    
      576, 416, 517
    
      517, 412, 576
    
      576, 412, 121
    
      412, 329, 121
    
      691, 117, 640
    
      11, 10, 329
    
      412, 11, 329
    
      121, 327, 576
    
      327, 121, 574
    
      501, 277, 358
    
      114, 358, 245
    
      245, 416, 114
    
      501, 358, 498
    
      570, 358, 114
    
      579, 114, 416
    
      570, 498, 358
    
      116, 416, 576
    
      416, 116, 579
    
      115, 570, 114
    
      114, 579, 185
    
      185, 115, 114
    
      116, 576, 580
    
      580, 576, 327
    
      116, 418, 579
    
      418, 185, 579
    
      327, 119, 580
    
      475, 418, 116
    
      580, 186, 116
    
      116, 186, 475
    
      320, 604, 13
    
      13, 181, 313
    
      181, 575, 120
    
      13, 313, 428
    
      610, 320, 13
    
      605, 610, 13
    
      120, 493, 181
    
      493, 444, 181
    
      604, 175, 237
    
      524, 175, 604
    
      320, 524, 604
    
      236, 610, 605
    
      575, 359, 120
    
      524, 320, 236
    
      610, 236, 320
    
      575, 302, 359
    
      397, 158, 575
    
      359, 214, 120
    
      5, 493, 120
    
      493, 494, 444
    
      302, 575, 158
    
      120, 214, 155
    
      5, 120, 156
    
      494, 493, 261
    
      494, 125, 444
    
      5, 261, 493
    
      155, 156, 120
    
      217, 214, 359
    
      359, 490, 217
    
      159, 158, 397
    
      216, 159, 397
    
      302, 158, 60
    
      13, 271, 605
    
      12, 605, 271
    
      261, 4, 494
    
      125, 454, 444
    
      454, 658, 444
    
      658, 154, 444
    
      444, 546, 181
    
      181, 476, 313
    
      181, 520, 476
    
      546, 243, 181
    
      520, 181, 243
    
      680, 313, 476
    
      680, 428, 313
    
      546, 444, 154
    
      420, 243, 546
    
      326, 420, 546
    
      520, 113, 476
    
      154, 298, 546
    
      546, 298, 292
    
      326, 546, 183
    
      292, 183, 546
    
      243, 182, 520
    
      182, 278, 520
    
      583, 520, 278
    
      113, 520, 583
    
      154, 204, 298
    
      183, 292, 668
    
      476, 188, 680
    
      113, 584, 476
    
      584, 113, 583
    
      243, 581, 182
    
      668, 7, 183
    
      326, 325, 420
    
      247, 188, 476
    
      476, 584, 247
    
      326, 183, 559
    
      183, 7, 559
    
      278, 585, 583
    
      410, 278, 182
    
      581, 410, 182
    
      7, 135, 559
    
      680, 564, 428
    
      564, 396, 428
    
      513, 680, 188
    
      564, 680, 513
    
      298, 452, 292
    
      452, 668, 292
    
      428, 396, 429
    
      530, 429, 396
    
      429, 530, 314
    
      314, 233, 429
    
      189, 12, 271
    
      248, 12, 189
    
      169, 429, 233
    
      249, 13, 428
    
      679, 271, 13
    
      428, 429, 249
    
      271, 679, 189
    
      469, 429, 169
    
      512, 189, 679
    
      189, 512, 248
    
      429, 193, 249
    
      13, 249, 331
    
      331, 6, 13
    
      13, 6, 688
    
      429, 469, 193
    
      193, 469, 192
    
      469, 282, 192
    
      679, 13, 18
    
      18, 13, 191
    
      13, 379, 191
    
      688, 379, 13
    
      331, 249, 561
    
      194, 561, 249
    
      249, 193, 194
    
      379, 688, 126
    
      380, 331, 561
    
      679, 510, 512
    
      193, 560, 194
    
      688, 6, 126
    
      6, 331, 380
    
      192, 560, 193
    
      282, 560, 192
    
      14, 512, 510
    
      563, 380, 561
    
      194, 560, 287
    
      379, 385, 191
    
      398, 385, 379
    
      563, 398, 379
    
      563, 561, 133
    
      18, 280, 679
    
      679, 280, 562
    
      562, 510, 679
    
      510, 562, 14
    
      18, 191, 675
    
      191, 674, 675
    
      280, 18, 371
    
      675, 511, 18
    
      18, 511, 371
    
      562, 461, 14
    
      613, 600, 598
    
      613, 598, 92
    
      601, 600, 613
    
      376, 613, 92
    
      641, 613, 376
    
      251, 613, 641
    
      390, 613, 251
    
      390, 338, 613
    
      376, 466, 641
    
      404, 251, 641
    
      390, 388, 338
    
      601, 613, 321
    
      387, 613, 338
    
      388, 390, 251
    
      404, 388, 251
    
      127, 387, 338
    
      338, 388, 281
    
      281, 447, 338
    
      447, 127, 338
    
      133, 127, 447
    
      388, 677, 281
    
      677, 190, 281
    
      677, 388, 692
    
      258, 387, 127
    
      133, 258, 127
    
      339, 641, 466
    
      385, 388, 404
    
      675, 404, 641
    
      511, 675, 641
    
      674, 385, 404
    
      339, 511, 641
    
      674, 404, 675
    
      385, 692, 388
    
      339, 466, 371
    
      17, 371, 466
    
      356, 92, 598
    
      356, 598, 424
    
      376, 16, 466
    
      17, 466, 16
    
      376, 309, 16
    
      356, 479, 92
    
      376, 92, 612
    
      479, 166, 92
    
      166, 612, 92
    
      557, 376, 612
    
      176, 356, 424
    
      424, 599, 176
    
      352, 376, 557
    
      356, 176, 479
    
      424, 357, 599
    
      376, 352, 309
    
      309, 21, 16
    
      21, 669, 16
    
      352, 21, 309
    
      669, 21, 461
    
      176, 275, 479
    
      176, 599, 275
    
      21, 352, 196
    
      557, 196, 352
    
      599, 357, 378
    
      424, 423, 357
    
      238, 357, 423
    
      238, 378, 357
    
      600, 252, 598
    
      601, 321, 597
    
      598, 252, 424
    
      597, 321, 596
    
      252, 423, 424
    
      602, 600, 601
    
      252, 600, 602
    
      602, 601, 229
    
      229, 601, 597
    
      252, 603, 423
    
      107, 423, 603
    
      423, 107, 238
    
      661, 107, 603
    
      238, 107, 662
    
      107, 661, 662
    
      596, 321, 87
    
      602, 295, 252
    
      597, 227, 229
    
      295, 335, 252
    
      603, 252, 335
    
      295, 602, 551
    
      231, 551, 602
    
      603, 619, 661
    
      229, 89, 602
    
      163, 227, 597
    
      163, 597, 596
    
      87, 163, 596
    
      602, 89, 88
    
      431, 229, 227
    
      227, 163, 86
    
      88, 373, 602
    
      373, 231, 602
    
      295, 551, 84
    
      335, 295, 48
    
      228, 431, 227
    
      46, 603, 335
    
      46, 619, 603
    
      373, 350, 231
    
      86, 228, 227
    
      349, 661, 619
    
      48, 46, 335
    
      231, 44, 551
    
      551, 44, 350
    
      619, 46, 47
    
      229, 306, 89
    
      431, 306, 229
    
      163, 87, 503
    
      228, 91, 431
    
      163, 85, 86
    
      85, 432, 86
    
      86, 432, 228
    
      558, 387, 258
    
      87, 160, 503
    
      258, 52, 558
    
      595, 321, 613
    
      321, 226, 87
    
      226, 321, 595
    
      226, 162, 87
    
      258, 296, 52
    
      387, 437, 613
    
      595, 613, 536
    
      647, 87, 162
    
      437, 308, 613
    
      613, 308, 536
    
      483, 160, 87
    
      87, 647, 483
    
      558, 437, 387
    
      558, 642, 437
    
      595, 523, 226
    
      523, 305, 226
    
      361, 523, 595
    
      622, 162, 226
    
      52, 642, 558
    
      305, 622, 226
    
      296, 642, 52
    
      622, 305, 162
    
      296, 53, 642
    
      647, 162, 534
    
      534, 162, 305
    
      436, 305, 523
    
      523, 361, 436
    
      595, 347, 361
    
      347, 595, 536
    
      305, 80, 534
    
      361, 347, 25
    
      485, 483, 647
    
      647, 594, 485
    
      647, 534, 346
    
      647, 346, 594
    
      536, 187, 347
    
      25, 347, 187
    
      436, 361, 567
    
      536, 288, 187
    
      536, 308, 288
    
      642, 20, 437
    
      53, 287, 642
    
      308, 437, 253
    
      253, 288, 308
    
      287, 671, 642
    
      20, 642, 671
    
      316, 180, 330
    
      317, 180, 316
    
      180, 588, 330
    
      316, 274, 317
    
      591, 316, 330
    
      330, 588, 304
    
      316, 408, 274
    
      274, 569, 317
    
      3, 274, 408
    
      569, 274, 383
    
      274, 3, 383
    
      409, 3, 408
    
      408, 617, 409
    
      383, 618, 569
    
      383, 409, 618
    
      383, 3, 409
    
      569, 618, 568
    
      392, 591, 330
    
      330, 304, 627
    
      627, 304, 487
    
      267, 487, 304
    
      591, 392, 401
    
      487, 2, 627
    
      487, 267, 343
    
      344, 343, 267
    
      304, 74, 267
    
      343, 2, 487
    
      401, 392, 474
    
      392, 415, 474
    
      344, 267, 74
    
      2, 343, 268
    
      591, 401, 177
    
      401, 239, 177
    
      304, 588, 539
    
      304, 539, 74
    
      2, 626, 627
    
      626, 2, 268
    
      571, 415, 392
    
      392, 330, 122
    
      626, 161, 627
    
      571, 392, 122
    
      627, 441, 330
    
      627, 161, 441
    
      415, 571, 573
    
      122, 573, 571
    
      686, 317, 569
    
      568, 686, 569
    
      324, 180, 317
    
      588, 180, 66
    
      317, 427, 324
    
      384, 316, 591
    
      22, 588, 66
    
      68, 330, 441
    
      527, 316, 384
    
      316, 527, 448
    
      316, 448, 615
    
      531, 316, 615
    
      324, 427, 351
    
      230, 408, 316
    
      588, 22, 264
    
      122, 330, 68
    
      307, 230, 316
    
      90, 324, 351
    
      324, 90, 606
    
      606, 430, 324
    
      316, 531, 307
    
      687, 427, 317
    
      23, 22, 66
    
      539, 588, 264
    
      317, 269, 687
    
      686, 269, 317
    
      430, 606, 336
    
      606, 85, 336
    
      615, 448, 100
    
      354, 615, 100
    
      527, 105, 448
    
      540, 68, 441
    
      177, 384, 591
    
      22, 332, 264
    
      606, 90, 85
    
      432, 85, 90
    
      307, 531, 484
    
      165, 351, 427
    
      177, 103, 384
    
      448, 105, 426
    
      531, 615, 354
    
      484, 230, 307
    
      90, 351, 432
    
      484, 9, 230
    
      9, 408, 230
    
      351, 165, 432
    
      73, 264, 332
    
      128, 427, 687
    
      539, 264, 73
    
      103, 177, 104
    
      384, 172, 527
    
      220, 687, 269
    
      527, 102, 105
    
      128, 165, 427
    
      630, 68, 540
    
      473, 122, 68
    
      218, 430, 336
    
      218, 219, 430
    
      430, 219, 273
    
      219, 503, 273
    
      172, 384, 103
    
      573, 122, 473
    
      426, 105, 529
    
      103, 104, 173
    
      68, 629, 473
    
      105, 102, 529
    
      102, 527, 172
    
      128, 687, 220
    
      540, 75, 630
    
      540, 438, 75
    
      220, 165, 128
    
      103, 173, 172
    
      629, 68, 630
    
      273, 503, 489
    
      489, 160, 273
    
      102, 172, 173
    
      102, 318, 529
    
      318, 101, 529
    
      161, 225, 441
    
      540, 441, 225
    
      100, 448, 515
    
      426, 515, 448
    
      484, 531, 350
    
      354, 350, 531
    
      100, 84, 354
    
      47, 515, 426
    
      515, 48, 100
    
      170, 324, 430
    
      66, 180, 111
    
      180, 324, 586
    
      400, 111, 180
    
      370, 170, 430
    
      180, 634, 400
    
      634, 180, 586
    
      273, 370, 430
    
      66, 111, 477
    
      66, 64, 23
    
      179, 66, 477
    
      179, 64, 66
    
      616, 273, 160
    
      23, 64, 65
    
      273, 616, 171
    
      400, 240, 111
    
      273, 99, 370
    
      315, 324, 170
    
      370, 315, 170
    
      315, 222, 324
    
      242, 586, 324
    
      242, 324, 222
    
      171, 99, 273
    
      442, 400, 634
    
      400, 442, 342
    
      111, 522, 477
    
      400, 342, 367
    
      240, 522, 111
    
      400, 367, 240
    
      242, 112, 586
    
      179, 632, 64
    
      64, 632, 488
    
      488, 65, 64
    
      522, 590, 477
    
      616, 607, 171
    
      607, 616, 483
    
      367, 178, 240
    
      222, 315, 62
    
      608, 370, 99
    
      370, 633, 315
    
      608, 633, 370
    
      608, 99, 98
    
      99, 171, 27
    
      99, 27, 98
    
      607, 27, 171
    
      27, 607, 433
    
      644, 394, 167
    
      394, 106, 167
    
      167, 148, 644
    
      644, 70, 394
    
      15, 167, 106
    
      197, 106, 394
    
      425, 197, 394
    
      572, 15, 106
    
      572, 106, 319
    
      526, 197, 425
    
      106, 197, 319
    
      394, 70, 95
    
      394, 164, 425
    
      94, 394, 95
    
      394, 232, 164
    
      94, 232, 394
    
      425, 363, 526
    
      526, 319, 197
    
      481, 425, 164
    
      528, 425, 481
    
      528, 363, 425
    
      572, 319, 360
    
      319, 239, 360
    
      480, 526, 363
    
      319, 526, 239
    
      413, 363, 528
    
      480, 239, 526
    
      413, 480, 363
    
      480, 413, 239
    
      572, 573, 15
    
      104, 413, 528
    
      318, 528, 481
    
      101, 318, 481
    
      573, 516, 15
    
      167, 353, 148
    
      148, 353, 550
    
      167, 41, 353
    
      550, 257, 148
    
      167, 15, 110
    
      167, 382, 41
    
      167, 381, 382
    
      167, 168, 381
    
      168, 167, 110
    
      15, 76, 110
    
      550, 353, 145
    
      77, 15, 516
    
      77, 76, 15
    
      550, 145, 257
    
      334, 257, 145
    
      353, 41, 145
    
      144, 41, 382
    
      694, 144, 382
    
      145, 41, 144
    
      516, 67, 77
    
      611, 382, 381
    
      694, 382, 611
    
      67, 629, 77
    
      629, 630, 77
    
      630, 75, 77
    
      611, 381, 391
    
      75, 78, 77
    
      78, 685, 77
    
      76, 77, 685
    
      381, 168, 42
    
      391, 381, 42
    
      146, 168, 110
    
      146, 42, 168
    
      148, 257, 45
    
      257, 334, 45
    
      70, 310, 95
    
      478, 94, 95
    
      311, 94, 478
    
      312, 478, 95
    
      8, 164, 232
    
      164, 235, 481
    
      232, 94, 311
    
      232, 311, 8
    
      49, 481, 235
    
      235, 164, 620
    
      164, 8, 620
    
      620, 349, 235
    
      311, 478, 378
    
      310, 93, 95
    
      93, 312, 95
    
      478, 275, 378
    
      275, 478, 270
    
      312, 270, 478
    
      312, 93, 270
    
      8, 311, 378
    
      620, 8, 662
    
      93, 310, 372
    
      70, 284, 310
    
      284, 372, 310
    
      368, 70, 644
    
      645, 644, 148
    
      148, 646, 645
    
      368, 50, 70
    
      70, 50, 132
    
      132, 69, 70
    
      70, 69, 465
    
      45, 646, 148
    
      284, 70, 465
    
      644, 525, 368
    
      525, 644, 355
    
      644, 645, 678
    
      355, 644, 678
    
      646, 54, 645
    
      14, 465, 69
    
      45, 293, 646
    
      149, 54, 646
    
      293, 149, 646
    
      670, 284, 465
    
      45, 648, 293
    
      14, 670, 465
    
      293, 337, 149
    
      502, 69, 132
    
      643, 368, 525
    
      368, 643, 50
    
      502, 50, 643
    
      502, 248, 69
    
      645, 54, 328
    
      132, 50, 502
    
      248, 512, 69
    
      14, 69, 512
    
      328, 574, 645
    
      525, 355, 174
    
      643, 525, 174
    
      580, 149, 337
    
      645, 329, 678
    
      574, 329, 645
    
      328, 54, 119
    
      366, 174, 355
    
      355, 678, 366
    
      678, 329, 10
    
      672, 628, 72
    
      672, 532, 628
    
      593, 628, 532
    
      593, 532, 421
    
      593, 221, 628
    
      221, 263, 628
    
      628, 263, 403
    
      628, 403, 422
    
      587, 221, 593
    
      443, 593, 421
    
      636, 593, 443
    
      593, 636, 541
    
      541, 544, 593
    
      587, 593, 544
    
      544, 541, 635
    
      541, 636, 442
    
      635, 541, 442
    
      61, 263, 221
    
      406, 443, 421
    
      403, 263, 62
    
      421, 178, 406
    
      443, 406, 367
    
      587, 242, 221
    
      422, 403, 633
    
      221, 242, 61
    
      178, 367, 406
    
      63, 422, 633
    
      633, 608, 63
    
      532, 672, 463
    
      421, 532, 673
    
      684, 463, 672
    
      672, 471, 684
    
      565, 471, 672
    
      673, 286, 421
    
      286, 673, 241
    
      241, 673, 665
    
      589, 241, 665
    
      241, 590, 286
    
      589, 665, 631
    
      509, 532, 463
    
      532, 509, 462
    
      673, 532, 137
    
      532, 462, 507
    
      507, 139, 532
    
      200, 137, 532
    
      289, 200, 532
    
      31, 463, 684
    
      289, 532, 139
    
      377, 509, 463
    
      666, 665, 673
    
      464, 666, 673
    
      463, 201, 377
    
      673, 137, 464
    
      134, 684, 471
    
      471, 565, 130
    
      201, 463, 31
    
      631, 665, 666
    
      507, 462, 195
    
      195, 462, 509
    
      414, 631, 666
    
      488, 414, 666
    
      414, 488, 632
    
      631, 414, 632
    
      509, 377, 32
    
      195, 509, 32
    
      138, 200, 289
    
      289, 139, 138
    
      137, 199, 464
    
      666, 464, 29
    
      666, 29, 30
    
      565, 672, 514
    
      565, 205, 130
    
      514, 205, 565
    
      672, 470, 514
    
      514, 655, 205
    
      655, 514, 470
    
      72, 279, 672
    
      279, 234, 672
    
      672, 472, 470
    
      472, 672, 142
    
      142, 672, 19
    
      468, 19, 672
    
      468, 672, 467
    
      667, 467, 672
    
      667, 672, 683
    
      131, 683, 672
    
      682, 131, 672
    
      234, 681, 672
    
      672, 681, 682
    
      19, 51, 142
    
      504, 142, 51
    
      504, 291, 142
    
      472, 142, 291
    
      472, 291, 207
    
      470, 472, 655
    
      655, 472, 207
    
      656, 504, 51
    
      283, 51, 19
    
      283, 19, 250
    
      468, 419, 19
    
      276, 250, 19
    
      419, 519, 19
    
      276, 19, 521
    
      519, 521, 19
    
      283, 135, 51
    
      314, 234, 279
    
      250, 559, 283
    
      135, 283, 559
    
      582, 419, 468
    
      467, 410, 468
    
      410, 582, 468
    
      325, 250, 276
    
      585, 467, 667
    
      234, 314, 530
    
      530, 681, 234
    
      0, 682, 681
    
      419, 582, 581
    
      513, 683, 131
    
      584, 667, 683
    
      584, 683, 247
    
      131, 564, 513
    
      564, 131, 682
    
      682, 0, 564
    
      683, 513, 188
    
      247, 683, 188
    
      482, 314, 279
    
      97, 279, 72
    
      279, 97, 482
    
      608, 98, 63
    
      628, 265, 72
    
      628, 422, 542
    
      72, 265, 543
    
      543, 24, 72
    
      609, 72, 24
    
      609, 97, 72
    
      628, 566, 265
    
      71, 628, 542
    
      71, 399, 628
    
      566, 628, 399
    
      542, 422, 63
    
      27, 542, 63
    
      24, 272, 609
    
      98, 27, 63
    
      543, 265, 362
    
      71, 542, 223
    
      395, 24, 543
    
      543, 266, 395
    
      543, 362, 266
    
      566, 399, 440
    
      535, 265, 566
    
      399, 71, 285
    
      556, 24, 395
    
      265, 535, 26
    
      26, 362, 265
    
      223, 346, 71
    
      285, 345, 399
    
      71, 346, 285
    
      346, 223, 594
    
      440, 399, 345
    
      440, 535, 566
    
      345, 535, 440
    
      254, 395, 266
    
      266, 362, 254
    
      198, 272, 24
    
      198, 96, 272
    
      459, 96, 198
    
      24, 556, 664
    
      198, 508, 459
    
      24, 664, 136
    
      567, 556, 395
    
      395, 254, 567
    
      663, 198, 24
    
      24, 136, 663
    
      508, 198, 671
    
      411, 671, 198
    
      411, 20, 671
    
      623, 411, 198
    
      198, 663, 623
    
      556, 567, 187
    
      664, 556, 187
    
      288, 664, 187
    
      136, 664, 288
    
      288, 253, 136
    
      663, 136, 253
    
      663, 253, 623
    
      502, 643, 605
    
      605, 12, 502
    
      236, 605, 643
    
      12, 248, 502
    
      643, 524, 236
    
      524, 643, 174
    
      524, 174, 175
    
      174, 366, 175
    
      175, 366, 237
    
      237, 366, 518
    
      518, 366, 10
    
      305, 436, 26
    
      362, 26, 436
    
      305, 26, 535
    
      436, 254, 362
    
      305, 535, 80
    
      535, 345, 80
    
      285, 80, 345
    
      80, 285, 534
    
      479, 275, 270
    
      166, 479, 270
    
      93, 166, 270
    
      612, 166, 93
    
      93, 372, 612
    
      612, 372, 557
    
      557, 372, 284
    
      557, 284, 196
    
      670, 196, 284
    
      196, 670, 21
    
      670, 461, 21
    
      369, 334, 145
    
      369, 145, 407
    
      407, 145, 694
    
      145, 144, 694
    
      693, 407, 694
    
      611, 693, 694
    
      693, 611, 391
    
      474, 360, 239
    
      401, 474, 239
    
      474, 415, 360
    
      572, 360, 415
    
      343, 344, 625
    
      625, 344, 1
    
      344, 74, 1
    
      1, 74, 539
    
      486, 1, 539
    
      73, 486, 539
    
      447, 281, 398
    
      447, 398, 676
    
      676, 398, 563
    
      190, 398, 281
    
      133, 676, 563
    
      447, 676, 133
    
      398, 190, 385
    
      190, 692, 385
    
      190, 677, 692
    
      126, 6, 380
    
      78, 75, 438
    
      349, 619, 426
    
      619, 47, 426
    
      140, 51, 7
    
      135, 7, 51
    
      51, 140, 656
    
      272, 96, 282
    
      282, 96, 560
    
      459, 287, 560
    
      639, 456, 184
    
      459, 508, 287
    
      671, 287, 508
    
      379, 126, 380
    
      589, 631, 632
    
      96, 459, 560
    
      56, 499, 418
    
      530, 396, 681
    
      475, 56, 418
    
      617, 88, 89
    
      409, 617, 89
    
      618, 409, 89
    
      88, 617, 408
    
      9, 88, 408
    
      618, 89, 568
    
      484, 88, 9
    
      373, 88, 484
    
      350, 373, 484
    
      568, 89, 306
    
      686, 568, 306
    
      269, 686, 306
    
      269, 306, 431
    
      91, 269, 431
    
      220, 269, 91
    
      22, 82, 537
    
      332, 22, 537
    
      460, 332, 537
    
      73, 332, 460
    
      239, 413, 177
    
      413, 104, 177
    
      586, 544, 634
    
      544, 635, 634
    
      112, 544, 586
    
      544, 112, 587
    
      674, 191, 385
    
      561, 194, 258
    
      296, 258, 194
    
      53, 296, 194
    
      194, 287, 53
    
      258, 133, 561
    
      275, 599, 378
    
      23, 124, 22
    
      23, 65, 124
    
      488, 124, 65
    
      691, 297, 549
    
      150, 297, 691
    
      691, 640, 150
    
      55, 150, 640
    
      640, 117, 55
    
      151, 55, 117
    
      417, 151, 117
    
      117, 277, 417
    
      501, 417, 277
    
      85, 163, 336
    
      336, 163, 219
    
      218, 336, 219
    
      503, 219, 163
    
      380, 563, 379
    
      104, 528, 173
    
      528, 318, 173
    
      318, 102, 173
    
      636, 342, 442
    
      342, 636, 443
    
      443, 367, 342
    
      195, 457, 507
    
      457, 138, 507
    
      139, 507, 138
    
      420, 521, 243
    
      521, 519, 243
    
      519, 419, 243
    
      521, 420, 276
    
      420, 325, 276
    
      581, 243, 419
    
      45, 334, 43
    
      43, 648, 45
    
      633, 403, 315
    
      62, 315, 403
    
      254, 436, 567
    
      238, 8, 378
    
      238, 662, 8
    
      366, 678, 10
    
      100, 48, 295
    
      295, 84, 100
    
      97, 609, 469
    
      609, 282, 469
    
      282, 609, 272
    
      97, 469, 169
    
      97, 169, 482
    
      583, 667, 584
    
      585, 667, 583
    
      278, 410, 467
    
      585, 278, 467
    
      61, 222, 263
    
      62, 263, 222
    
      222, 61, 242
    
      592, 146, 110
    
      110, 76, 592
    
      685, 592, 76
    
      217, 341, 214
    
      155, 214, 341
    
      215, 155, 341
    
      215, 156, 155
    
      156, 215, 492
    
      492, 5, 156
    
      5, 492, 690
    
      261, 5, 690
    
      4, 261, 690
    
      573, 572, 415
    
      16, 562, 280
    
      562, 16, 669
    
      562, 669, 461
    
      17, 16, 280
    
      361, 25, 567
    
      25, 187, 567
    
      377, 201, 393
    
      393, 32, 377
    
      200, 199, 137
    
      574, 328, 327
    
      119, 327, 328
    
      421, 286, 522
    
      590, 522, 286
    
      240, 421, 522
    
      178, 421, 240
    
      534, 285, 346
    
      573, 473, 516
    
      473, 67, 516
    
      67, 473, 629
    
      130, 129, 471
    
      471, 129, 134
    
      354, 84, 350
    
      350, 84, 551
    
      684, 123, 31
    
      684, 134, 123
    
      157, 491, 386
    
      157, 303, 491
    
      33, 58, 212
    
      33, 497, 58
    
      58, 497, 340
    
      179, 477, 241
    
      241, 589, 179
    
      590, 241, 477
    
      589, 632, 179
    
      662, 661, 620
    
      661, 349, 620
    
      547, 303, 445
    
      256, 547, 445
    
      623, 437, 411
    
      20, 411, 437
    
      623, 253, 437
    
      112, 242, 587
    
      635, 442, 634
    
      160, 483, 616
    
      121, 329, 574
    
      225, 438, 540
    
      489, 503, 160
    
      426, 529, 235
    
      235, 349, 426
    
      207, 205, 655
    
      498, 570, 210
    
      570, 115, 210
    
      115, 185, 210
    
      185, 418, 210
    
      418, 499, 210
    
      325, 326, 250
    
      559, 250, 326
    
      153, 297, 152
    
      91, 432, 165
    
      91, 228, 432
    
      165, 220, 91
    
      201, 31, 255
    
      371, 17, 280
    
      511, 339, 371
    
      302, 490, 359
    
      490, 302, 545
    
      60, 545, 302
    
      54, 580, 119
    
      580, 54, 149
    
      199, 29, 464
    
      626, 439, 161
    
      204, 154, 658
    
      658, 454, 204
    
      158, 159, 299
    
      637, 158, 299
    
      60, 158, 637
    
      396, 0, 681
    
      337, 293, 450
    
      30, 28, 124
    
      28, 30, 29
    
      386, 300, 216
    
      233, 314, 482
    
      482, 169, 233
    
      350, 44, 231
    
      533, 79, 538
    
      621, 533, 538
    
      614, 389, 496
    
      206, 291, 504
    
      37, 206, 504
    
      656, 37, 504
    
      49, 235, 529
    
      542, 485, 223
    
      542, 433, 485
    
      594, 223, 485
    
      48, 515, 46
    
      46, 515, 47
    
      582, 410, 581
    
      0, 396, 564
    
      659, 668, 452
    
      668, 659, 140
    
      668, 140, 7
    
      125, 494, 689
    
      4, 689, 494
    
      124, 488, 666
    
      124, 666, 30
    
      433, 483, 485
    
      483, 433, 607
    
      186, 580, 209
    
      186, 209, 578
    
      578, 475, 186
    
      475, 578, 56
    
      433, 542, 27
    
      670, 14, 461
    
      580, 337, 209
    
      481, 49, 529
    
      101, 481, 529
    
      456, 660, 496
    
      34, 256, 495
   
    
      0.0320099983215
      -0.0619199981689
      0.00180000305176
    
      -0.0575999984741
      0.0445800018311
      0.0645
    
      -0.0560699996948
      0.0445800018311
      0.107300003052
    
      0.0509900016785
      0.0476100006104
      0.0823000030518
    
      -0.0576699981689
      -0.0609799995422
      0.0205
    
      -0.0571699981689
      -0.0613800010681
      0.0229000091553
    
      0.0514799995422
      -0.0618400001526
      0.0326000061035
    
      -0.0564099998474
      -0.0611599998474
      0.00269999694824
    
      0.0547000007629
      0.0347799987793
      0.131900009155
    
      0.0528400001526
      0.0470099983215
      0.0931999969482
    
      -0.0262199993134
      -0.0643300018311
      0.130800003052
    
      -0.0284300003052
      -0.0647699966431
      0.130099990845
    
      0.0368600006104
      -0.0643899993896
      0.128500015259
    
      0.0353699989319
      -0.0641600036621
      0.0695999908447
    
      0.0540499992371
      -0.0624500007629
      0.129000015259
    
      -0.0459500007629
      0.0420800018311
      0.132599990845
    
      0.0578300018311
      -0.0598100013733
      0.125199996948
    
      0.0570800018311
      -0.0620800018311
      0.121300003052
    
      0.0539799995422
      -0.0629300003052
      0.109800003052
    
      -0.0484799995422
      -0.0569599990845
      0.002
    
      0.0554700012207
      -0.0563100013733
      0.00260000610352
    
      0.0576399993896
      -0.0595999984741
      0.128400009155
    
      -0.0558899993896
      0.0475600013733
      0.0261000061035
    
      -0.0562099990845
      0.0477599983215
      0.0138000030518
    
      0.0516399993896
      -0.0513199996948
      0.00140000915527
    
      0.0558899993896
      -0.0309500007629
      0.00340000915527
    
      0.0539500007629
      -0.0013789999485
      0.00280000305176
    
      0.0502900009155
      0.0491500015259
      0.00280000305176
    
      -0.0590999984741
      0.0438400001526
      0.00510000610352
    
      -0.0587400016785
      0.0413300018311
      0.00419999694824
    
      -0.0587799987793
      0.0445400009155
      0.00440000915527
    
      -0.0577900009155
      -0.0190300006866
      0.00269999694824
    
      -0.0581800003052
      -0.00357100009918
      0.003
    
      -0.0576100006104
      -0.0618199996948
      0.0875999908447
    
      -0.0575900001526
      -0.0621399993896
      0.0688000030518
    
      -0.0575699996948
      -0.0485400009155
      0.0773000030518
    
      -0.0585400009155
      -0.0449300003052
      0.00460000610352
    
      -0.0581399993896
      -0.0584000015259
      0.00269999694824
    
      -0.0590900001526
      0.00153900003433
      0.00460000610352
    
      -0.0588199996948
      -0.0181200008392
      0.0144000091553
    
      -0.0566199989319
      -0.0615
      0.128599990845
    
      -0.0537200012207
      -0.00901200008392
      0.133000015259
    
      -0.0575400009155
      0.0185599994659
      0.131800003052
    
      -0.0566399993896
      -0.0450499992371
      0.129500015259
    
      0.0551100006104
      0.0448300018311
      0.101199996948
    
      -0.0548800010681
      -0.0493899993896
      0.131300003052
    
      0.0555
      0.0447000007629
      0.127900009155
    
      0.0549799995422
      0.0452700004578
      0.128800003052
    
      0.0550699996948
      0.0449300003052
      0.124800003052
    
      0.0500400009155
      0.0460699996948
      0.131500015259
    
      0.0332000007629
      -0.0607799987793
      0.130400009155
    
      -0.0565699996948
      -0.0598400001526
      0.00219999694824
    
      0.0553699989319
      -0.0590699996948
      0.012
    
      0.0549599990845
      -0.0593800010681
      0.00440000915527
    
      -0.0522999992371
      -0.0624700012207
      0.131599990845
    
      -0.0574000015259
      -0.0617599983215
      0.111900009155
    
      -0.0566399993896
      -0.0638199996948
      0.128599990845
    
      -0.0562999992371
      -0.0630600013733
      0.0874000091553
    
      -0.0569099998474
      -0.0626800003052
      0.0865000152588
    
      -0.0559399986267
      -0.0621500015259
      0.0553000030518
    
      -0.0574799995422
      -0.0615299987793
      0.0396000061035
    
      0.0166399993896
      0.0486199989319
      0.00330000305176
    
      0.0236599998474
      0.0487000007629
      0.00340000915527
    
      0.0430800018311
      0.0486599998474
      0.00280000305176
    
      -0.0549399986267
      0.0485800018311
      0.00669999694824
    
      -0.0571599998474
      0.0474099998474
      0.00690000915527
    
      -0.0492999992371
      0.0488100013733
      0.0125
    
      -0.0511199989319
      0.0454000015259
      0.131500015259
    
      -0.0500699996948
      0.0460099983215
      0.129500015259
    
      0.0472000007629
      -0.0607299995422
      0.129800003052
    
      0.0440699996948
      -0.0462200012207
      0.131400009155
    
      0.0524599990845
      0.0325400009155
      0.00230000305176
    
      0.0421199989319
      -0.0425200004578
      0.000400009155273
    
      -0.0565900001526
      0.0460800018311
      0.0556000061035
    
      -0.0560400009155
      0.0460099983215
      0.0649000091553
    
      -0.0556599998474
      0.0441899986267
      0.130900009155
    
      -0.0560600013733
      0.0396500015259
      0.132500015259
    
      -0.0551899986267
      0.0422400016785
      0.131900009155
    
      -0.0573400001526
      0.0425
      0.131000015259
    
      -0.0576500015259
      0.0443300018311
      0.0556999969482
    
      0.0547400016785
      0.0197800006866
      0.0035
    
      -0.0596699981689
      0.0383100013733
      0.0065
    
      -0.0590600013733
      0.0441100006104
      0.0291999969482
    
      -0.0599000015259
      0.0364900016785
      0.0825999908447
    
      0.0547599983215
      0.0453199996948
      0.111599990845
    
      0.053
      0.0473699989319
      0.039
    
      0.0543699989319
      0.0451800003052
      0.0428000030518
    
      0.0555
      0.0386100006104
      0.0146999969482
    
      0.0545499992371
      0.0454099998474
      0.0905999908447
    
      0.0544500007629
      0.0450999984741
      0.0731999969482
    
      0.0477599983215
      0.0485
      0.0383000030518
    
      0.0534000015259
      0.0464799995422
      0.0495
    
      0.0583699989319
      -0.0311000003815
      0.119800003052
    
      0.05675
      -0.0356500015259
      0.129900009155
    
      0.0495900001526
      0.0202099990845
      0.132699996948
    
      0.0482099990845
      -0.00407600021362
      0.132599990845
    
      0.0531899986267
      -0.0599000015259
      0.00169999694824
    
      0.0460999984741
      -0.0607200012207
      0.00140000915527
    
      0.0469599990845
      0.0494300003052
      0.003
    
      0.0478100013733
      0.0495200004578
      0.0045
    
      0.0535699996948
      0.0461100006104
      0.117099990845
    
      0.04775
      0.0462700004578
      0.131500015259
    
      0.0441800003052
      0.0464399986267
      0.130900009155
    
      0.0333400001526
      0.0463100013733
      0.130300003052
    
      0.0265400009155
      0.0457999992371
      0.130800003052
    
      0.0470999984741
      0.0467700004578
      0.129900009155
    
      -0.00609999990463
      0.0342099990845
      0.134400009155
    
      0.0570900001526
      0.0349399986267
      0.129099990845
    
      -0.0583899993896
      0.0396699981689
      0.129800003052
    
      -0.0588800010681
      0.0331800003052
      0.127900009155
    
      -0.0556300010681
      0.0347200012207
      0.133199996948
    
      -0.0369399986267
      0.0493100013733
      0.00610000610352
    
      0.00520499992371
      0.0492999992371
      0.00430000305176
    
      -0.0105699996948
      -0.0629099998474
      0.00360000610352
    
      -0.0528499984741
      -0.0638800010681
      0.125699996948
    
      -0.0565400009155
      -0.0638499984741
      0.126099990845
    
      -0.0532000007629
      -0.0642699966431
      0.128699996948
    
      -0.0561399993896
      -0.0634300003052
      0.113400009155
    
      -0.0550600013733
      -0.0629799995422
      0.0818000030518
    
      -0.0499599990845
      -0.0638499984741
      0.130800003052
    
      -0.0518800010681
      -0.0614599990845
      0.0255
    
      -0.0364700012207
      -0.0643799972534
      0.130300003052
    
      -0.0413300018311
      0.0465499992371
      0.130300003052
    
      -0.0578699989319
      -0.0232399997711
      0.00310000610352
    
      -0.0584900016785
      0.0459900016785
      0.00710000610352
    
      -0.0574500007629
      -0.0611300010681
      0.017
    
      0.0535099983215
      -0.0615800018311
      0.0326000061035
    
      0.0555900001526
      -0.0591399993896
      0.0251000061035
    
      0.0506899986267
      0.0482099990845
      0.0493000030518
    
      -0.0580600013733
      -0.0291000003815
      0.00340000915527
    
      -0.0578199996948
      -0.0369599990845
      0.00280000305176
    
      0.0146400003433
      -0.0588699989319
      0.00169999694824
    
      0.0390299987793
      -0.0599199981689
      0.130300003052
    
      0.0548400001526
      -0.0604199981689
      0.0248000030518
    
      -0.0574500007629
      -0.0279099998474
      0.0025
    
      -0.0555999984741
      -0.0611800003052
      0.00240000915527
    
      0.0547400016785
      -0.0480600013733
      0.00219999694824
    
      -0.0578199996948
      0.0343100013733
      0.00360000610352
    
      -0.0585999984741
      0.017
      0.00390000915527
    
      -0.0574500007629
      0.0174799995422
      0.00319999694824
    
      -0.0579099998474
      -0.0603100013733
      0.00310000610352
    
      -0.0583400001526
      -0.0534900016785
      0.00380000305176
    
      -0.05475
      -0.0539000015259
      0.00190000915527
    
      -0.0587599983215
      -0.0210900001526
      0.00480000305176
    
      -0.0549000015259
      -0.0103699998856
      0.132900009155
    
      -0.0548199996948
      -0.0174400005341
      0.132500015259
    
      -0.0579199981689
      0.029
      0.132099990845
    
      -0.0575299987793
      -0.00519600009918
      0.130199996948
    
      -0.0480900001526
      -0.0388699989319
      0.133000015259
    
      -0.0550900001526
      -0.0617799987793
      0.131099990845
    
      -0.0572700004578
      -0.0627000007629
      0.108900009155
    
      -0.0575999984741
      -0.0609900016785
      0.114400009155
    
      -0.0570200004578
      -0.0624399986267
      0.0968000030518
    
      -0.0568400001526
      -0.0627200012207
      0.0994000091553
    
      -0.0567599983215
      -0.0614099998474
      0.00960000610352
    
      -0.0571100006104
      -0.0613300018311
      0.0261999969482
    
      -0.0573199996948
      -0.0613300018311
      0.0249000091553
    
      -0.0571500015259
      -0.0616899986267
      0.0563000030518
    
      -0.0569399986267
      -0.0617099990845
      0.0418000030518
    
      -0.0574900016785
      -0.0613499984741
      0.0445
    
      0.0527299995422
      0.048
      0.0125
    
      -0.0568300018311
      0.0435
      0.113599990845
    
      0.0557099990845
      0.0183199996948
      0.00630000305176
    
      0.0546899986267
      0.0449099998474
      0.0271999969482
    
      0.0498199996948
      0.0377999992371
      0.132199996948
    
      0.0511399993896
      0.0482099990845
      0.0471999969482
    
      0.0580699996948
      -0.0335900001526
      0.128800003052
    
      -0.0422400016785
      0.0152899999619
      0.134699996948
    
      -0.0560499992371
      0.0237800006866
      0.132699996948
    
      0.0438499984741
      -0.0615699996948
      0.00169999694824
    
      0.0316800003052
      0.0496899986267
      0.00830000305176
    
      0.0502999992371
      0.0491399993896
      0.00519999694824
    
      0.0390600013733
      0.0465
      0.130199996948
    
      0.0395800018311
      0.0461300010681
      0.130900009155
    
      0.0111400003433
      -0.0637700004578
      0.130099990845
    
      -0.0022990000248
      -0.0653000030518
      0.129300003052
    
      0.0576699981689
      -0.00124899995327
      0.127800003052
    
      0.0130399999619
      0.0461199989319
      0.129699996948
    
      -0.0362900009155
      0.0487700004578
      0.004
    
      -0.0516699981689
      0.0488499984741
      0.0055
    
      -0.0154799995422
      0.0494799995422
      0.0236999969482
    
      -0.0199699993134
      -0.0630499992371
      0.0216999969482
    
      -0.0297800006866
      -0.0622200012207
      0.00330000305176
    
      -0.0547900009155
      -0.0615
      0.00340000915527
    
      -0.057
      -0.0624900016785
      0.0800999908447
    
      -0.0562799987793
      -0.0638800010681
      0.126599990845
    
      -0.0559900016785
      -0.0640800018311
      0.129500015259
    
      0.0555900001526
      -0.0350299987793
      0.00280000305176
    
      0.00914700031281
      -0.0626199989319
      0.00269999694824
    
      0.0424399986267
      -0.0642099990845
      0.127599990845
    
      0.0551199989319
      -0.0610800018311
      0.051
    
      0.0538600006104
      -0.0625699996948
      0.0859000091553
    
      0.0519799995422
      -0.0610999984741
      0.00230000305176
    
      0.0506199989319
      -0.0612299995422
      0.00419999694824
    
      0.0538699989319
      -0.0605600013733
      0.008
    
      -0.0580499992371
      0.00176100003719
      0.00310000610352
    
      0.0573199996948
      -0.0572099990845
      0.129599990845
    
      0.0104899997711
      0.0339099998474
      0.134199996948
    
      0.0543800010681
      -0.0541500015259
      0.002
    
      -0.0586399993896
      0.0363499984741
      0.00410000610352
    
      -0.0580900001526
      0.0261399993896
      0.00369999694824
    
      -0.0577599983215
      -0.0139799995422
      0.00269999694824
    
      -0.0576100006104
      -0.0612700004578
      0.0800999908447
    
      -0.0574399986267
      -0.0608600006104
      0.0934000091553
    
      -0.0577000007629
      -0.0607000007629
      0.0119000091553
    
      -0.0577299995422
      -0.0457999992371
      0.0025
    
      -0.0581199989319
      -0.057
      0.00290000915527
    
      -0.0579000015259
      -0.0520600013733
      0.00240000915527
    
      -0.0599099998474
      0.0221399993896
      0.0549000091553
    
      -0.0561899986267
      -0.0629099998474
      0.130099990845
    
      -0.0570099983215
      -0.0615999984741
      0.126000015259
    
      -0.0564399986267
      -0.0630400009155
      0.0900999908447
    
      -0.0569599990845
      -0.0625699996948
      0.0913000030518
    
      -0.0561199989319
      -0.0621800003052
      0.0631999969482
    
      -0.0562999992371
      -0.0615
      0.0288000030518
    
      -0.0577999992371
      -0.0611500015259
      0.0256999969482
    
      -0.0574000015259
      -0.0611500015259
      0.0471999969482
    
      -0.0571100006104
      -0.0611800003052
      0.0319000091553
    
      0.0520600013733
      0.0480499992371
      0.0265
    
      0.0524099998474
      0.0475800018311
      0.0246999969482
    
      0.0523400001526
      0.0475499992371
      0.051
    
      0.0136199998856
      0.0461399993896
      0.00330000305176
    
      0.0188400001526
      0.0493899993896
      0.00419999694824
    
      0.0530200004578
      0.0437099990845
      0.0025
    
      -0.0586699981689
      0.0386300010681
      0.119400009155
    
      -0.0572299995422
      0.0428400001526
      0.122900009155
    
      0.0562200012207
      0.00496600008011
      0.00740000915527
    
      0.0548100013733
      0.0436699981689
      0.0426999969482
    
      0.0542099990845
      0.0453400001526
      0.0468000030518
    
      0.0555600013733
      0.0414599990845
      0.0558000030518
    
      0.0487900009155
      0.0469399986267
      0.0979000091553
    
      0.0552799987793
      0.0440699996948
      0.0983000030518
    
      0.0500200004578
      0.0287099990845
      0.132500015259
    
      0.0419799995422
      -0.0617400016785
      0.002
    
      0.0296299991608
      -0.0584900016785
      0.0015
    
      0.0527200012207
      0.0452299995422
      0.131599990845
    
      0.0190499992371
      -0.0654000015259
      0.128300003052
    
      -0.0146400003433
      -0.0655500030518
      0.129099990845
    
      0.0566500015259
      0.0302199993134
      0.129900009155
    
      -0.000661199986935
      0.0445699996948
      0.131500015259
    
      -0.0358499984741
      0.0490999984741
      0.00480000305176
    
      -0.0485
      0.0478400001526
      0.00440000915527
    
      0.0115799999237
      0.0490499992371
      0.004
    
      -0.0367999992371
      -0.0620299987793
      0.00310000610352
    
      -0.0552700004578
      -0.0626800003052
      0.0738000030518
    
      -0.0219300003052
      -0.0648399963379
      0.117400009155
    
      -0.0451100006104
      -0.0632099990845
      0.0898000030518
    
      0.00137600004673
      -0.0622599983215
      0.00260000610352
    
      0.0432299995422
      -0.0632099990845
      0.129000015259
    
      0.0489399986267
      -0.0617200012207
      0.016
    
      -0.0520699996948
      -0.0608699989319
      0.00240000915527
    
      0.0560999984741
      -0.0577000007629
      0.0639000091553
    
      0.0569599990845
      0.0355600013733
      0.121300003052
    
      0.0557099990845
      -0.0483499984741
      0.0025
    
      0.0541100006104
      -0.0169200000763
      0.00230000305176
    
      -0.0586100006104
      -0.016
      0.00390000915527
    
      -0.0575600013733
      -0.0618600006104
      0.0681999969482
    
      -0.0540699996948
      -0.0365600013733
      0.131800003052
    
      0.0551199989319
      -0.0596599998474
      0.0166999969482
    
      -0.0544799995422
      -0.0631399993896
      0.0896999969482
    
      -0.0541500015259
      -0.0626300010681
      0.0693000030518
    
      -0.0573499984741
      -0.0611899986267
      0.0214000091553
    
      -0.0576800003052
      -0.0600699996948
      0.032
    
      0.0227900009155
      0.0473600006104
      0.00330000305176
    
      -0.0548499984741
      0.0469399986267
      0.0476999969482
    
      0.0516399993896
      0.00201399993896
      0.00190000915527
    
      0.0528199996948
      -0.0163899993896
      0.00169999694824
    
      -0.0555699996948
      0.0458800010681
      0.0738000030518
    
      -0.0569700012207
      0.0439799995422
      0.107500015259
    
      0.0527000007629
      0.0469000015259
      0.0601000061035
    
      0.0568499984741
      -0.0210799999237
      0.129300003052
    
      0.0375200004578
      -0.0647799987793
      0.121400009155
    
      0.0520999984741
      -0.0596300010681
      0.0015
    
      0.0496599998474
      0.0488499984741
      0.0153000030518
    
      0.0457099990845
      0.0473699989319
      0.0828000030518
    
      0.0566399993896
      0.000495499998331
      0.129300003052
    
      -0.0473100013733
      -0.061
      0.00240000915527
    
      -0.0548499984741
      -0.0635499992371
      0.114900009155
    
      -0.0225
      -0.0622700004578
      0.00330000305176
    
      0.0353499984741
      -0.0580099983215
      0.00140000915527
    
      0.0557299995422
      -0.0629099998474
      0.123000015259
    
      0.0551699981689
      -0.0606599998474
      0.046
    
      0.0519399986267
      -0.0610499992371
      0.00169999694824
    
      -0.0545699996948
      -0.0605
      0.00219999694824
    
      0.0561899986267
      -0.0552999992371
      0.130199996948
    
      0.0537200012207
      0.0281299991608
      0.00280000305176
    
      -0.0455400009155
      0.0476699981689
      0.00419999694824
    
      0.0545299987793
      -0.0599099998474
      0.00260000610352
    
      0.0555600013733
      -0.0439399986267
      0.00269999694824
    
      -0.0571599998474
      0.0208099994659
      0.00330000305176
    
      -0.0577799987793
      -0.0611300010681
      0.0725999908447
    
      -0.0575800018311
      -0.0545699996948
      0.00219999694824
    
      -0.0566500015259
      -0.0612599983215
      0.00490000915527
    
      -0.0554500007629
      -0.0573800010681
      0.130800003052
    
      -0.0574099998474
      -0.0396300010681
      0.125900009155
    
      0.0555099983215
      0.0440600013733
      0.115300003052
    
      0.0548800010681
      -0.0596100006104
      0.008
    
      -0.0571199989319
      -0.0623499984741
      0.102400009155
    
      -0.0574000015259
      -0.0610200004578
      0.00769999694824
    
      -0.0576899986267
      -0.0608699989319
      0.0418000030518
    
      -0.0577700004578
      -0.0606100006104
      0.049
    
      -0.0576500015259
      -0.0558499984741
      0.0495
    
      -0.0569700012207
      -0.0616399993896
      0.0385
    
      -0.0568499984741
      -0.0617999992371
      0.0601999969482
    
      -0.0526100006104
      0.0465699996948
      0.0756999969482
    
      0.0554799995422
      0.00880599975586
      0.00460000610352
    
      0.0538199996948
      0.0458300018311
      0.0623000030518
    
      0.0477000007629
      0.0467799987793
      0.103199996948
    
      0.0562200012207
      -0.0447599983215
      0.00419999694824
    
      0.0581699981689
      -0.056
      0.127599990845
    
      0.0544199981689
      -0.0427299995422
      0.130699996948
    
      0.0535699996948
      0.0270699996948
      0.132000015259
    
      0.0547900009155
      -0.0201700000763
      0.130599990845
    
      0.015220000267
      -0.0633699989319
      0.0116000061035
    
      0.0390699996948
      -0.0614799995422
      0.00169999694824
    
      0.0280100002289
      0.0495600013733
      0.0045
    
      0.0233899993896
      0.0471599998474
      0.114800003052
    
      0.0434399986267
      0.0481199989319
      0.0611000061035
    
      0.0453899993896
      0.0461800003052
      0.131400009155
    
      -0.00276999998093
      0.0406699981689
      0.133199996948
    
      0.0141899995804
      -0.0658300018311
      0.122099990845
    
      0.0566300010681
      0.00902299976349
      0.0171000061035
    
      -0.0594900016785
      0.0350600013733
      0.101199996948
    
      -0.0591399993896
      0.0377900009155
      0.109099990845
    
      0.0208899993896
      0.0497799987793
      0.0139000091553
    
      -0.0485699996948
      -0.0615900001526
      0.00260000610352
    
      -0.0516699981689
      -0.0616300010681
      0.00330000305176
    
      -0.0445699996948
      -0.0641200027466
      0.130400009155
    
      -0.0472299995422
      -0.0633199996948
      0.131300003052
    
      -0.0330900001526
      -0.0639900016785
      0.130900009155
    
      -0.0370999984741
      0.0466899986267
      0.117000015259
    
      0.0515099983215
      -0.0617200012207
      0.0289000091553
    
      -0.0566300010681
      0.0461699981689
      0.046
    
      -0.0574799995422
      -0.0621899986267
      0.0703000030518
    
      -0.0558400001526
      -0.0367700004578
      0.130699996948
    
      0.056
      0.0434900016785
      0.125500015259
    
      0.0523400001526
      0.048
      0.0288000030518
    
      -0.0558100013733
      -0.0618400001526
      0.130800003052
    
      0.0557999992371
      -0.0575499992371
      0.033
    
      0.0573499984741
      -0.0615099983215
      0.116099990845
    
      -0.0572400016785
      -0.0623400001526
      0.0830000152588
    
      -0.0575999984741
      -0.0605499992371
      0.0276999969482
    
      -0.0259200000763
      0.0488499984741
      0.00460000610352
    
      -0.0566300010681
      0.0444799995422
      0.0961999969482
    
      -0.0566699981689
      0.0452200012207
      0.0731999969482
    
      0.0538699989319
      0.0177999992371
      0.00269999694824
    
      0.0538400001526
      0.0367700004578
      0.00280000305176
    
      0.0560499992371
      -0.0328899993896
      0.00390000915527
    
      -0.0599599990845
      0.0394500007629
      0.0581999969482
    
      0.0548100013733
      0.0445400009155
      0.130900009155
    
      0.0545800018311
      0.0454599990845
      0.102900009155
    
      0.0467099990845
      0.0484700012207
      0.0415
    
      0.0580200004578
      -0.0553199996948
      0.128599990845
    
      -0.0525
      -0.0165100002289
      0.133000015259
    
      0.0533600006104
      0.0462799987793
      0.108699996948
    
      -0.00448600006104
      -0.06225
      0.131000015259
    
      0.0583400001526
      -0.00889099979401
      0.126400009155
    
      0.0573199996948
      0.0205599994659
      0.128400009155
    
      -0.0520800018311
      -0.0637099990845
      0.120500015259
    
      -0.0558800010681
      -0.0618300018311
      0.0341999969482
    
      -0.0166700000763
      0.0444199981689
      0.131900009155
    
      0.0559700012207
      -0.0247399997711
      0.00440000915527
    
      0.0529399986267
      -0.00974600028992
      0.00210000610352
    
      0.0212700004578
      0.043
      0.132199996948
    
      -0.0576199989319
      0.0427700004578
      0.102900009155
    
      -0.0586100006104
      0.0382700004578
      0.124500015259
    
      -0.0128500003815
      -0.0644100036621
      0.130300003052
    
      -0.0326300010681
      0.0489199981689
      0.0045
    
      0.0251499996185
      -0.0593300018311
      0.130599990845
    
      -0.0568199996948
      -0.0178099994659
      0.130400009155
    
      0.0413400001526
      0.0495400009155
      0.00630000305176
    
      0.0564799995422
      -0.0624599990845
      0.117900009155
    
      0.0570699996948
      -0.0483100013733
      0.129800003052
    
      0.0550099983215
      0.0445499992371
      0.0946999969482
    
      -0.0585800018311
      -0.0126300001144
      0.116900009155
    
      -0.0579700012207
      0.00957999992371
      0.130500015259
    
      0.0579900016785
      -0.0472700004578
      0.120900009155
    
      -0.0578300018311
      -0.00771299982071
      0.00290000915527
    
      0.05625
      0.0225100002289
      0.130099990845
    
      0.0531500015259
      -0.0618800010681
      0.0496000061035
    
      0.0535
      -0.0615099983215
      0.0304000091553
    
      -0.0555900001526
      0.0083170003891
      0.132599990845
    
      -0.0547900009155
      -0.000256199985743
      0.132900009155
    
      0.0507700004578
      0.0475900001526
      0.0790000152588
    
      0.0266299991608
      0.0467099990845
      0.128800003052
    
      0.055
      -0.0615400009155
      0.0611000061035
    
      -0.0574799995422
      -0.0611599998474
      0.0516999969482
    
      0.0558699989319
      -0.0560299987793
      0.0185
    
      0.0555299987793
      -0.0604199981689
      0.0553000030518
    
      -0.0564599990845
      -0.0625499992371
      0.0774000091553
    
      0.0560200004578
      -0.0559000015259
      0.0466999969482
    
      -0.0568400001526
      0.00513000011444
      0.131900009155
    
      -0.0289500007629
      0.0462799987793
      0.130199996948
    
      -0.0587999992371
      -0.00548299980164
      0.004
    
      0.0252199993134
      0.00378099989891
      0.134900009155
    
      0.0532200012207
      -0.0243400001526
      0.00180000305176
    
      0.0324799995422
      -0.0622400016785
      0.00210000610352
    
      -0.0562099990845
      -0.0619099998474
      0.0471000061035
    
      0.0547799987793
      -0.0609700012207
      0.0419000091553
    
      0.0527099990845
      0.0207299995422
      0.00219999694824
    
      -0.0218500003815
      0.0491800003052
      0.00580000305176
    
      -0.0079470000267
      0.0460200004578
      0.129900009155
    
      -0.0597599983215
      0.0402599983215
      0.0456000061035
    
      0.0295799999237
      0.0472900009155
      0.003
    
      0.0559399986267
      -0.0609399986267
      0.0748000030518
    
      -0.0576100006104
      -0.0572099990845
      0.0353000030518
    
      -0.0356100006104
      0.0486800003052
      0.00410000610352
    
      -0.0566699981689
      -0.00440999984741
      0.131599990845
    
      0.0508199996948
      0.0470299987793
      0.0906999969482
    
      0.0524700012207
      0.0470800018311
      0.0806999969482
    
      -0.0299599990845
      -0.0616800003052
      0.0025
    
      0.0552400016785
      -0.0539599990845
      0.00230000305176
    
      -0.0281399993896
      -0.0648700027466
      0.129500015259
    
      0.0173099994659
      0.0450299987793
      0.131099990845
    
      -0.0548199996948
      0.0474399986267
      0.00430000305176
    
      -0.0314699993134
      0.0457400016785
      0.131400009155
    
      -0.0444099998474
      -0.0644800033569
      0.127199996948
    
      -0.0571399993896
      -0.0619700012207
      0.116500015259
    
      -0.0561300010681
      -0.0638899993896
      0.128199996948
    
      -0.0371199989319
      -0.0611199989319
      0.00240000915527
    
      -0.0457599983215
      -0.0617700004578
      0.003
    
      -0.0386300010681
      0.0467700004578
      0.00390000915527
    
      0.0377599983215
      0.0465800018311
      0.00269999694824
    
      0.0574700012207
      0.0291399993896
      0.127400009155
    
      0.0577700004578
      0.0107700004578
      0.126800003052
    
      0.0270799999237
      0.0380800018311
      0.132900009155
    
      0.0531699981689
      0.0462700004578
      0.130000015259
    
      0.0457900009155
      0.0483100013733
      0.0464000091553
    
      0.0309200000763
      -0.0626899986267
      0.00819999694824
    
      0.0381300010681
      -0.0621699981689
      0.00340000915527
    
      0.0472200012207
      0.0489099998474
      0.0226999969482
    
      0.0540499992371
      0.0454799995422
      0.0524000091553
    
      0.0527299995422
      0.0475099983215
      0.0453000030518
    
      0.0524799995422
      0.0485499992371
      0.00290000915527
    
      -0.0593699989319
      0.0409099998474
      0.0671999969482
    
      -0.0596399993896
      0.0421899986267
      0.0225
    
      0.0551699981689
      -0.0126400003433
      0.00369999694824
    
      0.0558899993896
      -0.0531500015259
      0.0045
    
      -0.0569399986267
      0.0432000007629
      0.129300003052
    
      -0.0572200012207
      0.0432099990845
      0.108599990845
    
      0.0533800010681
      0.0155799999237
      0.00219999694824
    
      -0.0533400001526
      0.0451100006104
      0.120400009155
    
      -0.0148800001144
      0.0485400009155
      0.00430000305176
    
      -0.0309500007629
      0.0473400001526
      0.00369999694824
    
      -0.0544900016785
      -0.0614099998474
      0.0146000061035
    
      -0.0567599983215
      -0.0620699996948
      0.066
    
      -0.0575200004578
      -0.0615299987793
      0.0834000091553
    
      0.0550200004578
      -0.0603600006104
      0.0328000030518
    
      0.0485499992371
      0.0463600006104
      0.125800003052
    
      -0.0586599998474
      0.0264300003052
      0.130500015259
    
      -0.0564099998474
      -0.0570800018311
      0.129599990845
    
      -0.0574599990845
      -0.0492700004578
      0.116000015259
    
      -0.0579099998474
      -0.0604799995422
      0.006
    
      -0.0576399993896
      -0.0608300018311
      0.0765999908447
    
      -0.0577099990845
      -0.0608300018311
      0.015
    
      -0.0580400009155
      -0.0559199981689
      0.0105
    
      -0.0575900001526
      -0.0619700012207
      0.0786999969482
    
      -0.0587999992371
      0.00872999954224
      0.00430000305176
    
      -0.0588600006104
      0.0407799987793
      0.0950999908447
    
      0.0539300003052
      -0.0595099983215
      0.00190000915527
    
      -0.0570999984741
      0.0454900016785
      0.0513000030518
    
      0.0568499984741
      -0.0617200012207
      0.128199996948
    
      -0.0570400009155
      0.00703000020981
      0.003
    
      -0.0550499992371
      -0.0117100000381
      0.00219999694824
    
      -0.0580200004578
      0.0387900009155
      0.00369999694824
    
      0.0542200012207
      -0.0591399993896
      0.130000015259
    
      0.0576599998474
      -0.0598699989319
      0.119300003052
    
      -0.0254200000763
      -0.0591500015259
      0.00210000610352
    
      -0.0339599990845
      -0.0585400009155
      0.00230000305176
    
      0.0480999984741
      -0.0613600006104
      0.00180000305176
    
      -0.0540699996948
      -0.0480200004578
      0.00180000305176
    
      -0.0552799987793
      -0.0334099998474
      0.00210000610352
    
      -0.0557799987793
      -0.0509799995422
      0.00190000915527
    
      -0.0482200012207
      0.0460999984741
      0.130900009155
    
      -0.0171200008392
      0.0458400001526
      0.130599990845
    
      -0.0562200012207
      -0.0640199966431
      0.128900009155
    
      -0.00146700000763
      -0.0631899986267
      0.00419999694824
    
      -0.0461500015259
      0.0490999984741
      0.00540000915527
    
      0.0543899993896
      0.000504599988461
      0.130800003052
    
      0.0579399986267
      -0.0154899997711
      0.127900009155
    
      0.00812600040436
      0.0439199981689
      0.131900009155
    
      0.0473100013733
      0.0451899986267
      0.131900009155
    
      0.0435900001526
      -0.0613300018311
      0.0015
    
      0.0536599998474
      0.0469599990845
      0.00590000915527
    
      0.0534700012207
      0.0463199996948
      0.0976999969482
    
      0.0533600006104
      0.0467599983215
      0.003
    
      -0.0569000015259
      0.0455099983215
      0.0586999969482
    
      -0.0553499984741
      0.0452400016785
      0.0950999908447
    
      -0.0570200004578
      0.0471699981689
      0.00469999694824
    
      0.0515999984741
      0.0485400009155
      0.016
    
      -0.0574000015259
      -0.0610900001526
      0.0359000091553
    
      -0.0578699989319
      -0.0607099990845
      0.0566999969482
    
      -0.0578199996948
      -0.0606399993896
      0.0241000061035
    
      -0.0528100013733
      -0.0615400009155
      0.0204000091553
    
      -0.0568800010681
      -0.0613499984741
      0.0191000061035
    
      -0.0556500015259
      -0.0625800018311
      0.0700999908447
    
      -0.0573800010681
      -0.0619900016785
      0.0761999969482
    
      -0.0573600006104
      -0.0622799987793
      0.0858000030518
    
      -0.0568300018311
      -0.0631500015259
      0.122300003052
    
      -0.0567400016785
      -0.0631899986267
      0.128199996948
    
      -0.0572200012207
      -0.0589399986267
      0.119800003052
    
      -0.0566500015259
      -0.0631699981689
      0.118699996948
    
      0.0347400016785
      -0.0632900009155
      0.129699996948
    
      0.0534399986267
      0.0467400016785
      0.0184000091553
    
      -0.0575800018311
      -0.0577599983215
      0.00230000305176
    
      -0.0575400009155
      -0.0570099983215
      0.0429000091553
    
      -0.0593300018311
      0.02125
      0.00580000305176
    
      -0.0577400016785
      0.010470000267
      0.00319999694824
    
      0.0544599990845
      -0.0583800010681
      0.002
    
      -0.0574199981689
      0.000580399990082
      0.00290000915527
    
      0.0524500007629
      -0.0632700004578
      0.128000015259
    
      0.0568600006104
      -0.0620600013733
      0.112699996948
    
      0.0491599998474
      -0.0634099998474
      0.128300003052
    
      0.0192299995422
      -0.0622700004578
      0.00210000610352
    
      -0.0550099983215
      -0.0443699989319
      0.00190000915527
    
      0.0543499984741
      0.0455900001526
      0.127000015259
    
      -0.0493300018311
      0.0448100013733
      0.131800003052
    
      -0.0287000007629
      -0.0651900024414
      0.127900009155
    
      -0.0219899997711
      -0.0649400024414
      0.129900009155
    
      -0.0404799995422
      -0.0612299995422
      0.00240000915527
    
      -0.0211700000763
      -0.0626300010681
      0.00469999694824
    
      -0.0429500007629
      -0.0612999992371
      0.00240000915527
    
      -0.0413699989319
      0.0489399986267
      0.00460000610352
    
      0.0560600013733
      -0.0118500003815
      0.00560000610352
    
      0.0100200004578
      -0.0653199996948
      0.129099990845
    
      0.0159600000381
      -0.0615400009155
      0.130699996948
    
      0.00806299972534
      0.0404399986267
      0.133199996948
    
      0.0378499984741
      0.0466899986267
      0.129000015259
    
      0.0348600006104
      0.0448199996948
      0.131800003052
    
      0.0485800018311
      0.0462900009155
      0.131199996948
    
      0.0354000015259
      -0.0619000015259
      0.00180000305176
    
      0.0505400009155
      0.0467099990845
      0.105800003052
    
      -0.0481599998474
      0.0241399993896
      0.0025
    
      -0.0589799995422
      0.0424599990845
      0.0584000091553
    
      0.0547200012207
      0.0272800006866
      0.00380000305176
    
      0.05375
      0.0118999996185
      0.00240000915527
    
      0.0563199996948
      -0.0385999984741
      0.00419999694824
    
      -0.0580900001526
      0.0451699981689
      0.0386999969482
    
      -0.0589300003052
      0.0428499984741
      0.053
    
      -0.0553600006104
      0.0465600013733
      0.0586999969482
    
      -0.0547700004578
      0.0447000007629
      0.128300003052
    
      -0.0125799999237
      0.0467700004578
      0.00340000915527
    
      0.0503499984741
      0.0458699989319
      0.00240000915527
    
      0.0512299995422
      -0.0211900005341
      0.0015
    
      -0.00208999991417
      0.0479099998474
      0.00360000610352
    
      -0.0575999984741
      -0.0611300010681
      0.0384000091553
    
      -0.0525600013733
      -0.0613800010681
      0.00640000915527
    
      -0.0575900001526
      -0.0609199981689
      0.0641999969482
    
      -0.0533300018311
      -0.0625600013733
      0.065
    
      -0.0555099983215
      -0.0629900016785
      0.0970999908447
    
      -0.0531800003052
      -0.0290699996948
      0.132599990845
    
      0.0553199996948
      0.0442700004578
      0.102599990845
    
      -0.0578800010681
      -0.0136999998093
      0.128099990845
    
      -0.0575
      -0.0557200012207
      0.105900009155
    
      -0.0588600006104
      -0.0308799991608
      0.00590000915527
    
      -0.0594599990845
      0.0112600002289
      0.00640000915527
    
      0.0538699989319
      -0.0353600006104
      0.002
    
      0.0579000015259
      -0.0530999984741
      0.129099990845
    
      0.0556899986267
      -0.0581199989319
      0.0126999969482
    
      -0.0543499984741
      -0.0614000015259
      0.00260000610352
    
      0.0532599983215
      -0.06075
      0.00219999694824
    
      0.0538800010681
      -0.0608400001526
      0.0194000091553
    
      0.0557000007629
      -0.0629300003052
      0.127000015259
    
      0.0544799995422
      -0.0609000015259
      0.0296999969482
    
      0.0286599998474
      -0.0624500007629
      0.00210000610352
    
      -0.0551800003052
      -0.0389300003052
      0.00190000915527
    
      0.0523300018311
      0.0156899995804
      0.002
    
      0.0549099998474
      -0.0272900009155
      0.00269999694824
    
      0.0527900009155
      0.0469700012207
      0.0694000091553
    
      0.0505200004578
      0.0476199989319
      0.0714000091553
    
      -0.0567799987793
      -0.0636800003052
      0.124800003052
    
      -0.0374799995422
      0.0464799995422
      0.130699996948
    
      -0.0309799995422
      0.0445600013733
      0.132000015259
    
      -0.0422599983215
      0.0459199981689
      0.131599990845
    
      -0.0397999992371
      -0.0635400009155
      0.131199996948
    
      -0.0515800018311
      -0.0621100006104
      0.0435
    
      -0.0388899993896
      -0.0647099990845
      0.129099990845
    
      -0.0544599990845
      -0.0628699989319
      0.0784000091553
    
      -0.0564799995422
      -0.0636899986267
      0.129099990845
    
      -0.0546100006104
      -0.0641699981689
      0.127000015259
    
      -0.0535
      -0.06375
      0.130800003052
    
      -0.0336599998474
      -0.0619599990845
      0.00269999694824
    
      -0.0332799987793
      -0.0615699996948
      0.00240000915527
    
      -0.0146700000763
      -0.0625499992371
      0.00330000305176
    
      -0.00633199977875
      -0.0623499984741
      0.00269999694824
    
      -0.0180900001526
      -0.0619000015259
      0.0025
    
      0.00221900010109
      0.0496500015259
      0.00530000305176
    
      0.004375
      0.0478100013733
      0.00340000915527
    
      -0.0477900009155
      0.0475400009155
      0.0544000091553
    
      -0.0519700012207
      0.0483499984741
      0.00469999694824
    
      -0.0453300018311
      0.0488100013733
      0.0045
    
      -0.00228999996185
      0.0468300018311
      0.127900009155
    
      -0.0578899993896
      0.0361199989319
      0.132000015259
    
      -0.0122600002289
      0.0415
      0.0035
    
      0.0539500007629
      0.0443600006104
      0.00310000610352
    
      0.0566800003052
      -0.0247900009155
      0.00669999694824
    
      0.0558800010681
      0.0361800003052
      0.0214000091553
    
      0.0557999992371
      0.0380900001526
      0.0326999969482
    
      0.0581199989319
      -0.0025569999218
      0.114500015259
    
      0.0572999992371
      0.0116800003052
      0.128500015259
    
      0.0579000015259
      0.0232600002289
      0.0959000091553
    
      0.0572299995422
      0.0265799999237
      0.0638000030518
    
      0.0564900016785
      0.0402099990845
      0.0900999908447
    
      0.0568499984741
      0.0407799987793
      0.127300003052
    
      -0.00120299994946
      -0.0656699981689
      0.116000015259
    
      0.0286000003815
      -0.0653600006104
      0.124699996948
    
      0.0478199996948
      0.0486699981689
      0.032
    
      0.0516199989319
      0.0489399986267
      0.004
    
      0.0433100013733
      0.0496100006104
      0.00330000305176
    
      0.0503600006104
      -0.0601699981689
      0.00140000915527
    
      0.0207199993134
      -0.0655899963379
      0.119599990845
    
      -0.0558600006104
      0.00181599998474
      0.132800003052
    
      0.0582900009155
      -0.0429900016785
      0.128500015259
    
      0.0566500015259
      -0.0341599998474
      0.0291999969482
    
      -0.0575600013733
      -0.0621199989319
      0.0731999969482
    
      0.0485999984741
      0.0466100006104
      0.112599990845
    
      0.0513400001526
      0.0487299995422
      0.00669999694824
    
      0.0534500007629
      0.0464700012207
      0.0854000091553
    
      0.0521899986267
      0.0474500007629
      0.0745000152588
    
      0.0554799995422
      0.0443499984741
      0.129599990845
    
      0.0551399993896
      0.0407000007629
      0.131699996948
    
      -0.0594900016785
      0.0420400009155
      0.0559000091553
    
      0.0559199981689
      0.0101999998093
      0.00569999694824
    
      0.0554900016785
      -0.0506399993896
      0.00240000915527
    
      -0.0598400001526
      0.0420800018311
      0.0106999969482
    
      -0.0578800010681
      0.0434300003052
      0.0850000152588
    
      -0.0567099990845
      0.0439700012207
      0.110099990845
    
      -0.05375
      0.0453800010681
      0.109900009155
    
      0.0372000007629
      0.02825
      0.00160000610352
    
      -0.0519099998474
      0.0455
      0.131199996948
    
      -0.0536399993896
      0.0453100013733
      0.131000015259
    
      -0.0537400016785
      0.0478800010681
      0.00440000915527
    
      -0.0535800018311
      0.0484099998474
      0.0045
    
      0.0383199996948
      0.0490299987793
      0.00310000610352
    
      -0.00777099990845
      0.04925
      0.00480000305176
    
      -0.00818999958038
      0.0484799995422
      0.00390000915527
    
      -0.0223500003815
      0.0472999992371
      0.00360000610352
    
      -0.0577299995422
      -0.0611699981689
      0.0401999969482
    
      -0.0576199989319
      -0.0559099998474
      0.0221000061035
    
      -0.0576800003052
      -0.0620400009155
      0.0805000152588
    
      -0.0569700012207
      -0.0633100013733
      0.111500015259
    
      0.0569000015259
      -0.0587799987793
      0.102699996948
    
      0.0554399986267
      -0.0582099990845
      0.0045
    
      0.0262299995422
      -0.0633499984741
      0.130099990845
    
      -0.0118599996567
      -0.04775
      0.133199996948
    
      -0.0422200012207
      -0.0605800018311
      0.131900009155
    
      -0.0525200004578
      -0.0565099983215
      0.131699996948
    
      0.0548100013733
      0.0409700012207
      0.00510000610352
    
      -0.0563400001526
      -0.0514000015259
      0.130300003052
    
      -0.0569399986267
      -0.0330400009155
      0.129099990845
    
      -0.0568100013733
      -0.0499199981689
      0.128800003052
    
      -0.0590900001526
      0.0174500007629
      0.122099990845
    
      -0.0601599998474
      0.0262700004578
      0.0740000152588
    
      -0.0599799995422
      0.0228899993896
      0.0194000091553
    
      -0.0577299995422
      -0.0548300018311
      0.06
    
      -0.0571300010681
      -0.0504099998474
      0.002
    
      -0.0577700004578
      -0.0589300003052
      0.00230000305176
    
      -0.0579700012207
      -0.0606100006104
      0.0689000091553
    
      -0.0572799987793
      -0.0612599983215
      0.0133000030518
    
      -0.0582900009155
      -0.0591800003052
      0.00469999694824
    
      -0.05775
      -0.0614900016785
      0.0778000030518
    
      0.0564500007629
      0.0407200012207
      0.130300003052
    
      0.0565299987793
      0.0365099983215
      0.130900009155
    
      0.0549300003052
      -0.0502200012207
      0.00219999694824
    
      0.0545400009155
      -0.0420400009155
      0.00210000610352
    
      -0.0527299995422
      0.0462900009155
      0.00419999694824
    
      -0.0575
      0.0443100013733
      0.00390000915527
    
      -0.0150500001907
      -0.0594799995422
      0.00210000610352
    
      -0.0574500007629
      -0.0612099990845
      0.00390000915527
    
      0.0573699989319
      -0.06125
      0.127400009155
    
      0.0567999992371
      -0.0606300010681
      0.129099990845
    
      0.0549900016785
      -0.0575800018311
      0.00230000305176
    
      -0.0357700004578
      -0.0342700004578
      0.0
    
      -0.0542900009155
      0.0406399993896
      0.0035
    
      0.0555800018311
      -0.0619199981689
      0.0828000030518
    
      0.0563400001526
      -0.0619300003052
      0.0964000091553
    
      0.0547999992371
      -0.0605400009155
      0.0293000030518
    
      0.0553199996948
      -0.0608899993896
      0.0519000091553
    
      -0.0242399997711
      -0.063
      0.131400009155
    
      0.0486100006104
      -0.0638499984741
      0.122900009155
    
      0.0207099990845
      -0.0628400001526
      0.003
    
      0.0275799999237
      -0.0596899986267
      0.00160000610352
    
      0.023
      -0.0590499992371
      0.00160000610352
    
      0.0025680000782
      -0.0600400009155
      0.00190000915527
    
      -0.0553600006104
      -0.0255699996948
      0.00210000610352
    
      -0.0573499984741
      0.0405600013733
      0.131900009155
    
      0.0518699989319
      0.0476100006104
      0.0656000061035
    
      0.0510400009155
      0.048
      0.0529000091553
    
      0.051
      -0.0620099983215
      0.0379000091553
    
      -0.0578400001526
      -0.0603699989319
      0.0188000030518
    
      -0.0578499984741
      -0.0605099983215
      0.0216999969482
    
      -0.0554199981689
      -0.0632700004578
      0.106699996948
    
      0.0552299995422
      -0.0611199989319
      0.0541999969482
    
      -0.0565999984741
      5.97100006416e-06
      0.132099990845
    
      -0.0560200004578
      -0.00372000002861
      0.132300003052
