
  
 
   
    
      242, 199, 478
    
      402, 478, 199
    
      199, 430, 402
    
      402, 285, 478
    
      86, 478, 285
    
      242, 126, 199
    
      126, 275, 199
    
      199, 425, 430
    
      207, 199, 275
    
      425, 199, 216
    
      430, 131, 402
    
      512, 216, 199
    
      199, 207, 440
    
      440, 512, 199
    
      425, 136, 430
    
      131, 430, 136
    
      275, 156, 207
    
      216, 173, 425
    
      136, 425, 173
    
      156, 441, 207
    
      440, 207, 441
    
      512, 440, 165
    
      106, 275, 126
    
      126, 242, 432
    
      79, 432, 242
    
      106, 157, 275
    
      22, 126, 432
    
      106, 126, 22
    
      242, 191, 79
    
      402, 99, 285
    
      86, 285, 149
    
      68, 149, 285
    
      333, 68, 285
    
      149, 68, 355
    
      478, 86, 259
    
      271, 259, 86
    
      511, 259, 271
    
      271, 86, 297
    
      1, 511, 271
    
      1, 271, 297
    
      125, 259, 511
    
      478, 259, 167
    
      242, 478, 429
    
      7, 478, 167
    
      478, 92, 429
    
      191, 242, 26
    
      406, 242, 429
    
      406, 26, 242
    
      7, 167, 185
    
      259, 124, 167
    
      259, 125, 124
    
      7, 185, 528
    
      124, 481, 167
    
      481, 185, 167
    
      406, 429, 220
    
      406, 220, 26
    
      429, 92, 87
    
      220, 429, 168
    
      92, 343, 87
    
      87, 505, 429
    
      505, 168, 429
    
      312, 343, 92
    
      528, 0, 7
    
      7, 484, 478
    
      92, 478, 30
    
      0, 484, 7
    
      312, 92, 30
    
      484, 0, 367
    
      171, 312, 30
    
      171, 30, 502
    
      31, 312, 171
    
      52, 484, 367
    
      30, 303, 502
    
      452, 502, 303
    
      14, 478, 484
    
      30, 478, 177
    
      30, 177, 303
    
      14, 484, 52
    
      489, 303, 177
    
      2, 14, 52
    
      471, 14, 2
    
      177, 281, 489
    
      452, 303, 489
    
      14, 471, 189
    
      189, 67, 14
    
      478, 14, 414
    
      57, 177, 478
    
      478, 261, 57
    
      414, 76, 478
    
      478, 58, 261
    
      58, 478, 187
    
      478, 76, 187
    
      14, 67, 414
    
      66, 414, 67
    
      100, 177, 57
    
      414, 66, 47
    
      177, 100, 46
    
      281, 177, 46
    
      226, 100, 57
    
      319, 226, 57
    
      291, 66, 67
    
      47, 66, 179
    
      291, 180, 66
    
      291, 67, 141
    
      66, 180, 179
    
      180, 411, 179
    
      356, 291, 141
    
      13, 319, 57
    
      318, 57, 261
    
      13, 57, 318
    
      76, 414, 467
    
      414, 47, 467
    
      76, 213, 187
    
      213, 76, 467
    
      261, 58, 74
    
      74, 318, 261
    
      375, 306, 138
    
      71, 375, 138
    
      523, 71, 138
    
      138, 306, 37
    
      71, 495, 375
    
      469, 375, 495
    
      71, 523, 11
    
      523, 454, 11
    
      454, 499, 11
    
      519, 469, 495
    
      11, 70, 71
    
      495, 71, 494
    
      494, 519, 495
    
      70, 11, 499
    
      469, 519, 468
    
      468, 317, 469
    
      494, 71, 72
    
      70, 72, 71
    
      403, 494, 72
    
      494, 403, 15
    
      138, 37, 184
    
      138, 184, 49
    
      49, 485, 138
    
      485, 44, 138
    
      37, 36, 184
    
      184, 36, 233
    
      36, 363, 233
    
      184, 365, 49
    
      184, 233, 365
    
      233, 119, 365
    
      119, 233, 363
    
      317, 435, 469
    
      365, 474, 49
    
      485, 331, 44
    
      40, 44, 331
    
      331, 38, 40
    
      331, 485, 368
    
      485, 49, 368
    
      368, 49, 474
    
      474, 365, 119
    
      118, 474, 119
    
      62, 368, 474
    
      331, 368, 354
    
      354, 135, 331
    
      450, 368, 62
    
      450, 354, 368
    
      306, 54, 37
    
      36, 37, 54
    
      469, 491, 375
    
      176, 491, 469
    
      435, 176, 469
    
      306, 375, 6
    
      375, 486, 6
    
      54, 306, 396
    
      6, 396, 306
    
      375, 491, 486
    
      434, 486, 491
    
      433, 434, 491
    
      486, 399, 6
    
      399, 486, 434
    
      44, 50, 138
    
      138, 83, 523
    
      50, 44, 40
    
      40, 182, 50
    
      83, 454, 523
    
      154, 50, 182
    
      41, 182, 40
    
      41, 154, 182
    
      83, 138, 130
    
      138, 50, 409
    
      113, 138, 409
    
      113, 130, 138
    
      409, 50, 19
    
      50, 154, 19
    
      83, 130, 457
    
      113, 409, 23
    
      113, 395, 130
    
      395, 113, 23
    
      324, 262, 161
    
      324, 325, 262
    
      325, 324, 159
    
      325, 373, 262
    
      325, 488, 373
    
      263, 262, 373
    
      263, 323, 262
    
      323, 4, 262
    
      4, 323, 398
    
      323, 263, 208
    
      208, 398, 323
    
      263, 373, 372
    
      263, 372, 243
    
      243, 471, 263
    
      398, 208, 2
    
      471, 208, 263
    
      471, 2, 208
    
      356, 243, 372
    
      356, 141, 243
    
      52, 398, 2
    
      209, 159, 324
    
      209, 324, 110
    
      324, 397, 110
    
      209, 224, 159
    
      110, 397, 123
    
      412, 224, 209
    
      217, 224, 412
    
      123, 397, 322
    
      210, 123, 322
    
      123, 210, 273
    
      210, 111, 273
    
      111, 160, 273
    
      160, 412, 273
    
      412, 160, 424
    
      273, 412, 110
    
      160, 111, 268
    
      111, 210, 268
    
      160, 268, 250
    
      250, 424, 160
    
      221, 210, 322
    
      268, 210, 221
    
      268, 221, 24
    
      24, 250, 268
    
      24, 221, 114
    
      114, 112, 24
    
      369, 24, 112
    
      24, 369, 166
    
      166, 487, 24
    
      369, 48, 166
    
      112, 399, 369
    
      399, 48, 369
    
      508, 395, 23
    
      158, 508, 23
    
      158, 23, 409
    
      158, 409, 20
    
      319, 357, 472
    
      226, 319, 472
    
      357, 319, 121
    
      226, 472, 100
    
      472, 265, 100
    
      285, 99, 333
    
      72, 70, 498
    
      451, 72, 498
    
      403, 72, 451
    
      498, 70, 499
    
      498, 499, 200
    
      396, 6, 114
    
      396, 114, 5
    
      6, 112, 114
    
      399, 112, 6
    
      145, 508, 240
    
      240, 508, 128
    
      128, 508, 158
    
      82, 508, 145
    
      508, 82, 349
    
      508, 349, 395
    
      51, 128, 158
    
      477, 21, 511
    
      21, 125, 511
    
      21, 55, 125
    
      163, 294, 12
    
      450, 420, 354
    
      135, 354, 420
    
      62, 96, 450
    
      36, 54, 116
    
      116, 362, 36
    
      362, 116, 321
    
      36, 362, 363
    
      287, 22, 432
    
      79, 287, 432
    
      287, 79, 288
    
      98, 378, 426
    
      448, 378, 98
    
      394, 186, 483
    
      256, 483, 186
    
      483, 256, 161
    
      248, 186, 394
    
      437, 248, 394
    
      397, 161, 256
    
      237, 248, 437
    
      480, 248, 237
    
      480, 186, 248
    
      53, 256, 186
    
      186, 480, 53
    
      322, 397, 256
    
      53, 439, 256
    
      140, 480, 237
    
      480, 140, 438
    
      439, 53, 438
    
      524, 140, 237
    
      439, 438, 527
    
      8, 438, 140
    
      8, 527, 438
    
      524, 239, 140
    
      439, 527, 239
    
      8, 239, 527
    
      239, 8, 140
    
      437, 9, 237
    
      391, 237, 9
    
      9, 437, 230
    
      437, 117, 230
    
      230, 117, 301
    
      230, 269, 9
    
      269, 391, 9
    
      230, 301, 188
    
      453, 230, 188
    
      230, 453, 405
    
      324, 161, 397
    
      301, 393, 188
    
      117, 393, 301
    
      161, 4, 483
    
      262, 4, 161
    
      483, 115, 394
    
      394, 56, 437
    
      394, 115, 56
    
      56, 364, 437
    
      525, 437, 364
    
      117, 437, 525
    
      228, 115, 483
    
      525, 393, 117
    
      59, 188, 393
    
      228, 483, 3
    
      483, 4, 3
    
      320, 188, 59
    
      477, 393, 525
    
      59, 393, 477
    
      320, 59, 477
    
      21, 477, 525
    
      525, 364, 21
    
      4, 398, 3
    
      115, 228, 162
    
      212, 56, 115
    
      162, 212, 115
    
      477, 1, 320
    
      456, 320, 1
    
      522, 320, 456
    
      55, 21, 364
    
      529, 212, 162
    
      124, 364, 56
    
      124, 55, 364
    
      481, 56, 212
    
      124, 56, 481
    
      228, 3, 0
    
      0, 162, 228
    
      139, 481, 212
    
      162, 0, 528
    
      528, 529, 162
    
      185, 212, 529
    
      139, 212, 185
    
      367, 0, 3
    
      398, 52, 3
    
      52, 367, 3
    
      239, 524, 479
    
      524, 390, 479
    
      239, 526, 439
    
      439, 526, 482
    
      482, 221, 439
    
      479, 526, 239
    
      221, 530, 439
    
      390, 524, 391
    
      221, 322, 530
    
      391, 392, 390
    
      392, 299, 390
    
      422, 390, 299
    
      422, 299, 358
    
      358, 299, 270
    
      299, 392, 423
    
      270, 299, 423
    
      390, 247, 479
    
      247, 390, 422
    
      221, 482, 5
    
      5, 114, 221
    
      300, 423, 392
    
      358, 475, 422
    
      61, 247, 422
    
      475, 61, 422
    
      475, 358, 476
    
      247, 321, 479
    
      479, 116, 526
    
      479, 321, 116
    
      247, 61, 118
    
      61, 475, 118
    
      10, 247, 118
    
      482, 54, 5
    
      54, 482, 526
    
      526, 116, 54
    
      10, 321, 247
    
      321, 10, 363
    
      363, 362, 321
    
      16, 163, 386
    
      292, 16, 386
    
      387, 386, 163
    
      401, 387, 163
    
      163, 298, 401
    
      386, 516, 292
    
      294, 163, 16
    
      292, 352, 16
    
      292, 516, 293
    
      516, 274, 293
    
      352, 292, 293
    
      214, 294, 16
    
      415, 352, 293
    
      517, 214, 16
    
      517, 16, 352
    
      416, 517, 352
    
      415, 416, 352
    
      517, 190, 214
    
      214, 190, 353
    
      142, 353, 190
    
      142, 388, 353
    
      120, 388, 142
    
      384, 415, 293
    
      384, 122, 415
    
      274, 238, 293
    
      238, 181, 293
    
      181, 513, 293
    
      384, 293, 513
    
      238, 274, 370
    
      384, 513, 122
    
      416, 249, 517
    
      436, 120, 142
    
      190, 517, 514
    
      416, 415, 251
    
      249, 416, 251
    
      514, 517, 249
    
      122, 251, 415
    
      120, 436, 520
    
      251, 122, 513
    
      142, 246, 436
    
      190, 514, 246
    
      190, 246, 142
    
      513, 385, 251
    
      181, 238, 224
    
      424, 385, 513
    
      302, 224, 238
    
      217, 424, 513
    
      238, 370, 325
    
      302, 238, 325
    
      159, 302, 325
    
      224, 302, 159
    
      385, 424, 250
    
      424, 217, 412
    
      401, 298, 254
    
      401, 254, 134
    
      246, 417, 436
    
      77, 249, 251
    
      249, 77, 514
    
      487, 251, 385
    
      18, 514, 77
    
      514, 18, 246
    
      246, 18, 417
    
      436, 417, 518
    
      518, 253, 436
    
      253, 241, 436
    
      332, 436, 241
    
      241, 253, 204
    
      108, 77, 251
    
      108, 251, 487
    
      518, 400, 253
    
      75, 417, 18
    
      417, 75, 518
    
      166, 108, 487
    
      73, 204, 253
    
      73, 253, 400
    
      400, 518, 164
    
      490, 18, 77
    
      18, 317, 75
    
      317, 18, 490
    
      75, 468, 518
    
      317, 468, 75
    
      176, 77, 108
    
      77, 176, 490
    
      433, 176, 108
    
      519, 518, 468
    
      518, 519, 164
    
      490, 435, 317
    
      166, 434, 108
    
      24, 487, 385
    
      250, 24, 385
    
      387, 401, 470
    
      470, 386, 387
    
      488, 325, 370
    
      516, 386, 272
    
      516, 272, 274
    
      134, 310, 401
    
      65, 470, 401
    
      107, 274, 272
    
      274, 178, 370
    
      178, 274, 107
    
      401, 310, 473
    
      515, 272, 386
    
      65, 401, 473
    
      370, 178, 488
    
      386, 470, 419
    
      386, 419, 515
    
      121, 470, 65
    
      371, 488, 178
    
      488, 371, 372
    
      372, 373, 488
    
      357, 121, 65
    
      65, 473, 357
    
      121, 222, 470
    
      107, 47, 178
    
      515, 419, 17
    
      473, 310, 472
    
      17, 272, 515
    
      467, 107, 272
    
      107, 467, 47
    
      74, 419, 470
    
      470, 222, 74
    
      472, 357, 473
    
      47, 179, 178
    
      371, 178, 179
    
      411, 372, 371
    
      411, 371, 179
    
      467, 272, 213
    
      330, 329, 335
    
      329, 330, 276
    
      329, 276, 278
    
      374, 278, 276
    
      329, 308, 335
    
      278, 374, 442
    
      155, 278, 442
    
      278, 218, 329
    
      329, 218, 205
    
      205, 308, 329
    
      218, 278, 446
    
      155, 43, 278
    
      446, 278, 43
    
      205, 218, 172
    
      155, 382, 43
    
      218, 446, 172
    
      309, 205, 172
    
      309, 97, 205
    
      97, 279, 205
    
      43, 234, 446
    
      446, 234, 172
    
      234, 255, 172
    
      309, 172, 255
    
      305, 309, 255
    
      305, 97, 309
    
      97, 305, 279
    
      382, 175, 43
    
      43, 175, 234
    
      305, 255, 326
    
      255, 234, 326
    
      382, 264, 175
    
      305, 326, 493
    
      175, 264, 413
    
      305, 493, 143
    
      143, 418, 305
    
      234, 175, 444
    
      234, 444, 326
    
      444, 175, 413
    
      232, 326, 444
    
      327, 444, 413
    
      45, 413, 264
    
      326, 232, 493
    
      45, 264, 109
    
      327, 413, 45
    
      493, 232, 143
    
      143, 232, 418
    
      137, 418, 232
    
      327, 45, 109
    
      327, 103, 444
    
      444, 42, 232
    
      42, 137, 232
    
      103, 327, 109
    
      137, 42, 39
    
      103, 304, 444
    
      445, 444, 304
    
      41, 444, 445
    
      41, 39, 42
    
      41, 42, 444
    
      103, 109, 20
    
      20, 19, 103
    
      39, 206, 137
    
      39, 38, 206
    
      337, 137, 206
    
      337, 305, 418
    
      98, 305, 337
    
      137, 337, 418
    
      279, 305, 98
    
      98, 205, 279
    
      38, 447, 206
    
      308, 426, 335
    
      335, 426, 377
    
      308, 98, 426
    
      98, 337, 231
    
      231, 448, 98
    
      69, 337, 206
    
      231, 337, 69
    
      69, 206, 447
    
      447, 101, 69
    
      144, 155, 442
    
      442, 443, 144
    
      183, 264, 382
    
      382, 155, 104
    
      290, 183, 382
    
      51, 264, 183
    
      51, 20, 109
    
      51, 158, 20
    
      109, 264, 51
    
      104, 290, 382
    
      144, 289, 155
    
      289, 104, 155
    
      104, 410, 290
    
      128, 51, 183
    
      464, 290, 410
    
      240, 128, 183
    
      183, 290, 240
    
      307, 330, 335
    
      153, 335, 377
    
      442, 466, 443
    
      442, 465, 466
    
      276, 330, 277
    
      465, 374, 276
    
      330, 307, 277
    
      465, 442, 374
    
      276, 328, 465
    
      328, 276, 277
    
      335, 153, 35
    
      307, 335, 496
    
      496, 335, 35
    
      105, 443, 466
    
      105, 78, 443
    
      102, 465, 328
    
      307, 496, 174
    
      174, 277, 307
    
      277, 174, 102
    
      102, 328, 277
    
      465, 102, 492
    
      383, 466, 465
    
      383, 105, 466
    
      383, 465, 492
    
      334, 35, 153
    
      35, 334, 496
    
      334, 153, 266
    
      78, 105, 157
    
      127, 78, 157
    
      173, 102, 174
    
      496, 136, 174
    
      173, 174, 136
    
      496, 131, 136
    
      496, 334, 131
    
      102, 173, 216
    
      102, 216, 492
    
      157, 105, 156
    
      311, 134, 201
    
      254, 201, 134
    
      94, 201, 254
    
      338, 94, 254
    
      254, 63, 338
    
      254, 298, 63
    
      94, 338, 257
    
      94, 257, 202
    
      338, 63, 241
    
      338, 241, 203
    
      241, 63, 332
    
      203, 257, 338
    
      64, 332, 63
    
      241, 204, 203
    
      451, 203, 204
    
      204, 95, 451
    
      95, 204, 73
    
      403, 95, 73
    
      95, 403, 451
    
      311, 404, 134
    
      404, 310, 134
    
      223, 310, 404
    
      404, 211, 223
    
      404, 501, 211
    
      211, 93, 223
    
      93, 211, 152
    
      223, 46, 310
    
      46, 265, 310
    
      310, 265, 472
    
      93, 46, 223
    
      281, 93, 152
    
      452, 500, 502
    
      500, 452, 152
    
      452, 489, 152
    
      152, 489, 281
    
      84, 454, 83
    
      457, 84, 83
    
      19, 20, 409
    
      391, 269, 392
    
      392, 269, 300
    
      269, 361, 300
    
      118, 119, 10
    
      10, 119, 363
    
      282, 170, 200
    
      89, 200, 170
    
      377, 426, 521
    
      453, 521, 426
    
      453, 188, 521
    
      426, 339, 453
    
      453, 339, 405
    
      421, 339, 426
    
      339, 421, 91
    
      235, 405, 339
    
      91, 235, 339
    
      405, 235, 361
    
      361, 230, 405
    
      360, 361, 235
    
      340, 360, 235
    
      421, 340, 91
    
      91, 340, 235
    
      423, 361, 360
    
      340, 421, 280
    
      336, 280, 421
    
      60, 360, 340
    
      360, 60, 423
    
      270, 60, 340
    
      60, 270, 423
    
      340, 295, 270
    
      280, 295, 340
    
      231, 295, 280
    
      423, 300, 361
    
      269, 230, 361
    
      448, 231, 280
    
      280, 336, 448
    
      378, 448, 336
    
      153, 377, 521
    
      521, 188, 522
    
      153, 521, 376
    
      522, 389, 521
    
      521, 389, 376
    
      522, 188, 320
    
      153, 376, 252
    
      252, 266, 153
    
      252, 376, 389
    
      522, 456, 389
    
      34, 266, 252
    
      266, 34, 497
    
      389, 456, 296
    
      296, 252, 389
    
      252, 296, 355
    
      68, 252, 355
    
      68, 34, 252
    
      34, 68, 497
    
      266, 497, 333
    
      295, 231, 69
    
      358, 270, 295
    
      295, 244, 358
    
      295, 69, 244
    
      358, 244, 359
    
      359, 476, 358
    
      219, 244, 69
    
      69, 101, 219
    
      449, 359, 244
    
      219, 420, 244
    
      449, 244, 420
    
      96, 359, 449
    
      420, 219, 135
    
      96, 62, 359
    
      476, 359, 62
    
      475, 476, 62
    
      450, 449, 420
    
      450, 96, 449
    
      144, 443, 286
    
      225, 286, 443
    
      286, 225, 227
    
      78, 225, 443
    
      78, 510, 225
    
      510, 227, 225
    
      227, 510, 462
    
      127, 510, 78
    
      510, 287, 462
    
      462, 287, 408
    
      287, 510, 22
    
      510, 127, 22
    
      288, 408, 287
    
      408, 288, 191
    
      286, 260, 144
    
      289, 144, 260
    
      260, 286, 192
    
      192, 194, 260
    
      351, 289, 260
    
      351, 260, 194
    
      410, 289, 351
    
      194, 193, 351
    
      410, 351, 215
    
      81, 193, 194
    
      215, 464, 410
    
      509, 193, 81
    
      351, 193, 509
    
      351, 509, 215
    
      81, 145, 509
    
      509, 145, 240
    
      509, 240, 215
    
      240, 464, 215
    
      129, 350, 284
    
      347, 129, 284
    
      169, 347, 284
    
      284, 236, 169
    
      283, 169, 236
    
      129, 192, 350
    
      283, 504, 169
    
      129, 347, 504
    
      169, 504, 347
    
      283, 198, 504
    
      129, 504, 147
    
      198, 147, 504
    
      129, 380, 192
    
      380, 129, 147
    
      198, 283, 197
    
      283, 314, 197
    
      258, 147, 198
    
      197, 258, 198
    
      315, 380, 147
    
      258, 315, 147
    
      380, 80, 192
    
      197, 314, 460
    
      381, 80, 380
    
      258, 197, 460
    
      381, 380, 315
    
      315, 258, 381
    
      460, 314, 346
    
      314, 28, 346
    
      458, 258, 460
    
      258, 458, 381
    
      283, 88, 314
    
      88, 342, 314
    
      132, 314, 342
    
      28, 314, 132
    
      132, 459, 28
    
      459, 460, 346
    
      28, 459, 346
    
      460, 345, 458
    
      460, 459, 345
    
      80, 381, 195
    
      458, 345, 195
    
      458, 195, 381
    
      345, 459, 461
    
      459, 132, 461
    
      461, 132, 151
    
      151, 132, 342
    
      236, 245, 283
    
      245, 427, 283
    
      427, 88, 283
    
      341, 151, 342
    
      427, 341, 88
    
      342, 88, 341
    
      427, 33, 341
    
      151, 341, 33
    
      202, 427, 245
    
      202, 245, 311
    
      257, 427, 202
    
      33, 427, 257
    
      202, 311, 201
    
      257, 203, 33
    
      201, 94, 202
    
      350, 192, 286
    
      286, 227, 350
    
      80, 195, 145
    
      82, 145, 195
    
      345, 461, 267
    
      345, 196, 195
    
      345, 267, 196
    
      82, 195, 196
    
      151, 170, 461
    
      151, 229, 170
    
      451, 33, 203
    
      29, 461, 170
    
      461, 29, 267
    
      148, 196, 267
    
      498, 151, 33
    
      33, 451, 498
    
      151, 498, 229
    
      82, 196, 349
    
      89, 229, 498
    
      267, 29, 85
    
      229, 90, 170
    
      267, 85, 148
    
      196, 148, 431
    
      148, 85, 431
    
      90, 229, 89
    
      200, 89, 498
    
      170, 313, 29
    
      29, 313, 85
    
      170, 503, 313
    
      506, 349, 196
    
      431, 506, 196
    
      170, 282, 503
    
      457, 506, 431
    
      85, 457, 431
    
      84, 457, 85
    
      313, 84, 85
    
      395, 349, 506
    
      84, 313, 454
    
      454, 313, 503
    
      454, 503, 282
    
      227, 462, 350
    
      25, 284, 350
    
      284, 27, 236
    
      455, 245, 236
    
      501, 311, 245
    
      27, 284, 146
    
      316, 284, 25
    
      501, 245, 133
    
      284, 316, 146
    
      455, 133, 245
    
      27, 150, 236
    
      25, 350, 463
    
      350, 462, 463
    
      236, 150, 455
    
      404, 311, 501
    
      428, 133, 455
    
      463, 408, 25
    
      462, 408, 463
    
      146, 407, 27
    
      146, 316, 407
    
      428, 379, 133
    
      455, 379, 428
    
      316, 25, 507
    
      133, 32, 501
    
      344, 455, 150
    
      455, 344, 379
    
      407, 316, 348
    
      32, 211, 501
    
      500, 133, 379
    
      32, 133, 500
    
      211, 32, 500
    
      25, 408, 191
    
      27, 343, 150
    
      26, 25, 191
    
      150, 343, 344
    
      27, 407, 505
    
      507, 25, 26
    
      505, 407, 168
    
      168, 407, 348
    
      502, 500, 379
    
      379, 344, 502
    
      343, 27, 87
    
      505, 87, 27
    
      31, 502, 344
    
      12, 298, 163
    
      64, 298, 12
    
      64, 12, 520
    
      120, 520, 12
    
      388, 120, 12
    
      388, 12, 294
    
      103, 19, 304
    
      19, 154, 304
    
      154, 445, 304
    
      41, 445, 154
    
      506, 130, 395
    
      130, 506, 457
    
      447, 38, 331
    
      331, 101, 447
    
      101, 331, 219
    
      219, 331, 135
    
      494, 15, 519
    
      519, 15, 164
    
      15, 73, 164
    
      73, 400, 164
    
      15, 403, 73
    
      383, 441, 105
    
      441, 383, 165
    
      165, 440, 441
    
      156, 105, 441
    
      131, 334, 402
    
      334, 333, 402
    
      333, 334, 266
    
      58, 419, 74
    
      419, 58, 17
    
      41, 40, 38
    
      38, 39, 41
    
      54, 396, 5
    
      297, 86, 296
    
      456, 297, 296
    
      297, 456, 1
    
      282, 499, 454
    
      200, 499, 282
    
      366, 322, 256
    
      366, 530, 322
    
      194, 192, 80
    
      81, 194, 80
    
      81, 80, 145
    
      74, 222, 318
    
      222, 13, 318
    
      13, 222, 319
    
      222, 121, 319
    
      22, 127, 106
    
      157, 106, 127
    
      64, 63, 298
    
      524, 237, 391
    
      205, 98, 308
    
      58, 187, 17
    
      520, 436, 332
    
      497, 68, 333
    
      180, 291, 372
    
      411, 180, 372
    
      291, 356, 372
    
      211, 500, 152
    
      93, 281, 46
    
      191, 288, 79
    
      26, 220, 507
    
      316, 507, 220
    
      434, 433, 108
    
      290, 464, 240
    
      434, 48, 399
    
      434, 166, 48
    
      224, 217, 181
    
      181, 217, 513
    
      353, 294, 214
    
      294, 353, 388
    
      176, 433, 491
    
      530, 366, 439
    
      99, 402, 333
    
      124, 125, 55
    
      474, 118, 62
    
      118, 475, 62
    
      480, 438, 53
    
      412, 209, 110
    
      86, 149, 296
    
      355, 296, 149
    
      511, 1, 477
    
      265, 46, 100
    
      348, 316, 220
    
      220, 168, 348
    
      421, 426, 378
    
      336, 421, 378
    
      64, 520, 332
    
      492, 216, 512
    
      383, 492, 512
    
      512, 165, 383
    
      289, 410, 104
    
      439, 366, 256
    
      176, 435, 490
    
      67, 189, 141
    
      141, 189, 243
    
      189, 471, 243
    
      110, 123, 273
    
      275, 157, 156
    
      529, 528, 185
    
      170, 90, 89
    
      17, 187, 272
    
      343, 312, 344
    
      312, 31, 344
    
      187, 213, 272
    
      502, 31, 171
    
      481, 139, 185
   
    
      0.0170499992371
      -0.0432999992371
      0.00280000305176
    
      0.0401500015259
      -0.0126300001144
      0.00340000915527
    
      0.00215400004387
      -0.0481599998474
      0.0025
    
      0.0115699996948
      -0.0462099990845
      0.00430000305176
    
      0.00693300008774
      -0.0469300003052
      0.00590000915527
    
      0.00917300033569
      -0.0456699981689
      0.0574000091553
    
      -0.00134899997711
      -0.0456199989319
      0.0593000030518
    
      0.0180599994659
      -0.0376399993896
      0.00230000305176
    
      0.0266399993896
      -0.0369399986267
      0.0478000030518
    
      0.0361300010681
      -0.0219599990845
      0.0416999969482
    
      0.0326100006104
      -0.0261399993896
      0.0591000061035
    
      -0.0407799987793
      0.0164400005341
      0.0596999969482
    
      -0.0463800010681
      -0.0217700004578
      0.045
    
      -0.0457099990845
      -0.0223400001526
      0.002
    
      -0.00121099996567
      -0.0454000015259
      0.00230000305176
    
      -0.0473800010681
      -0.0155799999237
      0.058
    
      -0.0370600013733
      -0.0346199989319
      0.0426000061035
    
      -0.0348300018311
      -0.0374099998474
      0.00240000915527
    
      -0.0357299995422
      -0.0360699996948
      0.0556000061035
    
      0.0153100004196
      0.0350600013733
      0.059
    
      0.0110799999237
      0.0376599998474
      0.0581000061035
    
      0.0361199989319
      -0.0243199996948
      0.00369999694824
    
      -0.0023029999733
      0.0418100013733
      0.00319999694824
    
      -0.00354600000381
      0.0395200004578
      0.0591000061035
    
      -0.00534700012207
      -0.0484000015259
      0.0541999969482
    
      -0.0197299995422
      0.0393499984741
      0.00430000305176
    
      -0.0209799995422
      0.0384399986267
      0.00280000305176
    
      -0.0379500007629
      0.0271399993896
      0.00419999694824
    
      -0.0374099998474
      0.0287399997711
      0.0469000091553
    
      -0.0364199981689
      0.0280499992371
      0.0563000030518
    
      -0.0437400016785
      0.00949300003052
      0.00180000305176
    
      -0.0446699981689
      0.0174099998474
      0.00269999694824
    
      -0.0488899993896
      0.00688500022888
      0.00340000915527
    
      -0.0478400001526
      0.0105500001907
      0.048
    
      0.0403100013733
      0.00407700014114
      0.00369999694824
    
      0.0376899986267
      0.0136300001144
      0.00510000610352
    
      0.0261200008392
      -0.0331500015259
      0.0598000030518
    
      0.0187000007629
      -0.0272299995422
      0.0601000061035
    
      0.0343499984741
      0.0152299995422
      0.0586999969482
    
      0.0327200012207
      0.0193899993896
      0.058
    
      0.0290200004578
      0.0205599994659
      0.0601000061035
    
      0.0280499992371
      0.0248199996948
      0.059
    
      0.0290900001526
      0.0250799999237
      0.0575
    
      0.0203600006104
      0.0350200004578
      0.0471000061035
    
      0.0270499992371
      0.0138199996948
      0.0603000030518
    
      0.0165699996948
      0.0359199981689
      0.056
    
      -0.04975
      -0.00572700023651
      0.00219999694824
    
      -0.0215699996948
      -0.0453300018311
      0.00240000915527
    
      -0.0109399995804
      -0.0471199989319
      0.0578000030518
    
      0.0309500007629
      -0.0108800001144
      0.0604000091553
    
      0.0155399999619
      0.0311299991608
      0.06
    
      0.00773199987411
      0.0398300018311
      0.0551999969482
    
      0.00717700004578
      -0.0469500007629
      0.0025
    
      0.0210200004578
      -0.0403600006104
      0.0454000091553
    
      0.0178899993896
      -0.0401599998474
      0.0593000030518
    
      0.0335600013733
      -0.0285900001526
      0.00340000915527
    
      0.0294400005341
      -0.0339900016785
      0.00460000610352
    
      -0.0450999984741
      -0.0168999996185
      0.00169999694824
    
      -0.0358499984741
      -0.0308799991608
      0.00190000915527
    
      0.0396899986267
      -0.0159200000763
      0.00540000915527
    
      0.0402700004578
      -0.0134200000763
      0.0481000061035
    
      0.0367099990845
      -0.0194899997711
      0.0581000061035
    
      0.0385299987793
      -0.0128500003815
      0.0589000091553
    
      -0.0507799987793
      -0.00964400005341
      0.0461999969482
    
      -0.0489500007629
      -0.0175300006866
      0.0456999969482
    
      -0.0477799987793
      -0.0186399993896
      0.00380000305176
    
      -0.0157700004578
      -0.0466800003052
      0.00219999694824
    
      -0.00690299987793
      -0.0478400001526
      0.00230000305176
    
      0.0402999992371
      0.00226300001144
      0.00319999694824
    
      0.0392799987793
      0.00490899991989
      0.0556999969482
    
      -0.045
      0.00764900016785
      0.0595
    
      -0.0412900009155
      0.000330099999905
      0.0599000091553
    
      -0.0476500015259
      -0.00246900010109
      0.0591000061035
    
      -0.0486599998474
      -0.0117700004578
      0.0575
    
      -0.0426300010681
      -0.0285200004578
      0.00230000305176
    
      -0.0394000015259
      -0.0317000007629
      0.057
    
      -0.0267999992371
      -0.038
      0.002
    
      -0.0292700004578
      -0.0412700004578
      0.0545
    
      0.0040720000267
      0.0412200012207
      0.00460000610352
    
      -0.00935599994659
      0.0414300003052
      0.00290000915527
    
      -0.0166299991608
      0.0406800003052
      0.0469000091553
    
      -0.0103599996567
      0.0421100006104
      0.0471000061035
    
      -0.0153100004196
      0.0402299995422
      0.0548000030518
    
      -0.0300200004578
      0.0308899993896
      0.0591999969482
    
      -0.0336800003052
      0.0296499996185
      0.0581000061035
    
      -0.03125
      0.0322900009155
      0.0571999969482
    
      0.0364199981689
      -0.00484299993515
      0.00269999694824
    
      -0.0389700012207
      0.0253600006104
      0.00260000610352
    
      -0.0421300010681
      0.0213199996948
      0.0453000030518
    
      -0.0442200012207
      0.0167800006866
      0.0569000091553
    
      -0.0431399993896
      0.0189899997711
      0.0566000061035
    
      0.0409799995422
      -0.00470200014114
      0.0466000061035
    
      -0.0386300010681
      0.0180599994659
      0.00190000915527
    
      -0.0498199996948
      0.00015039999783
      0.0025
    
      -0.0496599998474
      -0.00104200005531
      0.0444000091553
    
      -0.0494300003052
      -0.00681799983978
      0.0575
    
      0.0397599983215
      -0.00786800003052
      0.0583000030518
    
      0.0346300010681
      0.0194799995422
      0.0475
    
      0.0377799987793
      0.0132700004578
      0.0471000061035
    
      0.0386300010681
      0.00995499992371
      0.00310000610352
    
      -0.0489599990845
      -0.0113599996567
      0.00180000305176
    
      0.0382599983215
      0.00633699989319
      0.0584000091553
    
      0.0259799995422
      0.0305
      0.00430000305176
    
      0.0183799991608
      0.0345200004578
      0.0575
    
      0.00792700004578
      0.0405499992371
      0.0464000091553
    
      0.012220000267
      0.0388600006104
      0.00410000610352
    
      0.00296499991417
      0.0410600013733
      0.00319999694824
    
      -0.0248899993896
      -0.0440999984741
      0.00390000915527
    
      -0.0214099998474
      -0.0447400016785
      0.056
    
      0.0145799999237
      0.0367200012207
      0.0563000030518
    
      -0.00309400010109
      -0.0483400001526
      0.045
    
      -0.00412099981308
      -0.0493199996948
      0.0471999969482
    
      -0.00360400009155
      -0.0475299987793
      0.058
    
      -0.00980399990082
      0.0379900016785
      0.0596000061035
    
      0.00282899999619
      -0.0473600006104
      0.0573000030518
    
      0.0231900005341
      -0.0393899993896
      0.005
    
      0.0254500007629
      -0.0350800018311
      0.0589000091553
    
      0.0361300010681
      -0.0220499992371
      0.0121000061035
    
      0.0357700004578
      -0.0203999996185
      0.059
    
      0.0329099998474
      -0.0249400005341
      0.0596000061035
    
      -0.0468499984741
      -0.02375
      0.0465
    
      -0.0465200004578
      -0.0219300003052
      0.00290000915527
    
      -0.0227600002289
      -0.0456399993896
      0.0469000091553
    
      5.68200014532e-05
      -0.0489199981689
      0.0461000061035
    
      0.0311599998474
      -0.0315
      0.003
    
      0.0348499984741
      -0.0255699996948
      0.003
    
      0.000429699987173
      0.0404099998474
      0.003
    
      0.00140799999237
      0.0416800003052
      0.00360000610352
    
      0.00138100004196
      0.0410800018311
      0.0546999969482
    
      -0.0241700000763
      0.0366399993896
      0.0381000061035
    
      -0.0205699996948
      0.0362000007629
      0.0591999969482
    
      0.0348100013733
      0.0180599994659
      0.00319999694824
    
      -0.0390299987793
      0.0267299995422
      0.0476000061035
    
      -0.0469300003052
      0.0128199996948
      0.00430000305176
    
      -0.0493899993896
      -0.00578100013733
      0.0121000061035
    
      0.0389700012207
      0.00175600004196
      0.0588000030518
    
      0.0312399997711
      0.0238600006104
      0.00319999694824
    
      0.0339399986267
      0.0186700000763
      0.0559000091553
    
      -0.0094139995575
      0.0217900009155
      0.0601999969482
    
      0.0263400001526
      -0.0368100013733
      0.003
    
      0.0296599998474
      -0.0345400009155
      0.0471999969482
    
      -0.00694600009918
      -0.0486100006104
      0.0025
    
      -0.0440699996948
      -0.0277999992371
      0.0473000030518
    
      0.0322700004578
      0.0215400009155
      0.0546000061035
    
      0.00487799978256
      0.0402900009155
      0.0354000091553
    
      -0.0102299995422
      0.0411100006104
      0.0498000030518
    
      -0.0317099990845
      0.0332999992371
      0.00480000305176
    
      -0.0276200008392
      0.0349900016785
      0.0438000030518
    
      -0.0287399997711
      0.0338400001526
      0.0564000091553
    
      0.0402999992371
      -0.000121799997985
      0.003
    
      -0.0422799987793
      0.0221499996185
      0.00440000915527
    
      -0.0433600006104
      0.0192999992371
      0.0503000030518
    
      -0.0492900009155
      0.00478700017929
      0.0025
    
      0.03975
      0.00702600002289
      0.00569999694824
    
      0.0221800003052
      0.0305799999237
      0.059
    
      0.0129300003052
      0.0375400009155
      0.0426999969482
    
      0.0106700000763
      0.0390499992371
      0.00319999694824
    
      0.00622499990463
      0.0405400009155
      0.0035
    
      0.00411299991608
      0.0395299987793
      0.0583000030518
    
      -0.00971199989319
      -0.0477599983215
      0.0396000061035
    
      -0.00850399971008
      -0.0491399993896
      0.0474000091553
    
      0.00696000003815
      -0.0464799995422
      0.0156000061035
    
      0.0215400009155
      -0.0408199996948
      0.00340000915527
    
      -0.0439900016785
      -0.0256200008392
      0.0375
    
      -0.0467200012207
      -0.0187800006866
      0.0574000091553
    
      0.0165799999237
      0.0365400009155
      0.00310000610352
    
      -0.0128999996185
      -0.0467299995422
      0.0573000030518
    
      0.0257600002289
      -0.0311100006104
      0.00240000915527
    
      -0.0319599990845
      0.0323800010681
      0.00280000305176
    
      -0.035
      0.0293199996948
      0.0296999969482
    
      -0.0415299987793
      0.0221000003815
      0.0558000030518
    
      -0.0449500007629
      0.0159200000763
      0.00240000915527
    
      0.0290200004578
      0.0272600002289
      0.0471999969482
    
      0.0278600006104
      0.0280799999237
      0.00340000915527
    
      0.0301599998474
      0.0258999996185
      0.004
    
      0.0188199996948
      0.0348600006104
      0.0503000030518
    
      -0.0293099994659
      -0.0396599998474
      0.0583000030518
    
      -0.0466899986267
      -0.00449100017548
      0.00169999694824
    
      -0.0193299999237
      -0.0463100013733
      0.00369999694824
    
      -0.0170499992371
      -0.0470099983215
      0.00240000915527
    
      -0.01425
      -0.0477299995422
      0.00240000915527
    
      -0.0184500007629
      -0.0459099998474
      0.0445
    
      0.0248799991608
      0.0268400001526
      0.0596000061035
    
      0.00620900011063
      0.0399700012207
      0.0513000030518
    
      0.0264099998474
      -0.0216800003052
      0.0603000030518
    
      0.0250100002289
      -0.0374900016785
      0.00269999694824
    
      0.0224799995422
      -0.0391199989319
      0.0391999969482
    
      -0.0308799991608
      -0.0365900001526
      0.002
    
      0.0393300018311
      -0.0126199998856
      0.00990000915527
    
      -0.0039849998951
      -0.0484399986267
      0.00230000305176
    
      -0.0416100006104
      -0.0313099994659
      0.0473000030518
    
      -0.0143599996567
      0.0406599998474
      0.003
    
      -0.0149600000381
      0.0399300003052
      0.0421999969482
    
      -0.00723600006104
      0.0421500015259
      0.0463000030518
    
      -0.01
      0.0415699996948
      0.0456999969482
    
      -0.0204699993134
      0.0384900016785
      0.0505
    
      -0.0243400001526
      0.0366899986267
      0.0554000091553
    
      -0.0344700012207
      0.0299899997711
      0.0449000091553
    
      -0.0327900009155
      0.0312000007629
      0.0431999969482
    
      0.0182099990845
      0.0311200008392
      0.00290000915527
    
      -0.0443899993896
      0.0161700000763
      0.0573000030518
    
      -0.0496500015259
      -0.000456800013781
      0.0358000030518
    
      -0.0484000015259
      0.00572700023651
      0.0389000091553
    
      -0.0497799987793
      0.00134599995613
      0.0496000061035
    
      -0.0500400009155
      -0.00614499998093
      0.0551999969482
    
      0.0331699981689
      0.0200900001526
      0.0459000091553
    
      0.0366199989319
      0.0134399995804
      0.056
    
      0.0128500003815
      0.0377999992371
      0.003
    
      -0.000861100018024
      -0.0487400016785
      0.003
    
      -0.00829800033569
      -0.0481399993896
      0.0446000061035
    
      9.97700020671e-05
      -0.0490299987793
      0.0471999969482
    
      -0.0496899986267
      0.00293499994278
      0.00310000610352
    
      0.0254099998474
      -0.0376899986267
      0.00340000915527
    
      -0.0303700008392
      -0.0405299987793
      0.00219999694824
    
      -0.0409300003052
      -0.0319200000763
      0.0459000091553
    
      -0.000865999996662
      0.0420200004578
      0.0471000061035
    
      0.0229200000763
      0.0324500007629
      0.00319999694824
    
      -0.0151899995804
      -0.0480600013733
      0.0461000061035
    
      0.0271000003815
      0.0274099998474
      0.0449000091553
    
      0.0387599983215
      0.00302099990845
      0.0585
    
      -0.0281599998474
      0.0351100006104
      0.00290000915527
    
      0.00776999998093
      -0.0468199996948
      0.0503000030518
    
      -0.0452000007629
      -0.0245699996948
      0.00269999694824
    
      -0.0501800003052
      -0.00240400004387
      0.003
    
      -0.0136300001144
      -0.0472200012207
      0.0441000061035
    
      -0.00167499995232
      0.0410499992371
      0.01
    
      -0.0480699996948
      -0.0155900001526
      0.00180000305176
    
      -0.00870100021362
      0.0408600006104
      0.0104000091553
    
      0.0176399993896
      -0.0433800010681
      0.00460000610352
    
      -0.0443800010681
      0.0174400005341
      0.0553000030518
    
      0.0381599998474
      -0.0171299991608
      0.0373000030518
    
      0.0390900001526
      0.00671400022507
      0.05
    
      0.0305
      0.0236800003052
      0.0561000061035
    
      0.0305400009155
      -0.0277399997711
      0.0599000091553
    
      0.0245100002289
      0.0309200000763
      0.049
    
      0.0404700012207
      -0.0102100000381
      0.0464000091553
    
      -0.0398800010681
      0.0238400001526
      0.0103000030518
    
      0.0313199996948
      -0.0302399997711
      0.0436000061035
    
      -0.0181499996185
      -0.0459500007629
      0.0363000030518
    
      0.0262000007629
      -0.0364199981689
      0.05
    
      -0.000302799999714
      0.0411699981689
      0.0498000030518
    
      -0.0498699989319
      -0.00919900035858
      0.0496000061035
    
      -0.0134600000381
      0.0366300010681
      0.00260000610352
    
      -0.00702199983597
      -0.0487200012207
      0.00269999694824
    
      0.0399300003052
      -0.00311599993706
      0.057
    
      -0.0453499984741
      0.0145699996948
      0.0121999969482
    
      -0.0407799987793
      -0.0309500007629
      0.0498000030518
    
      0.0346399993896
      -0.0243099994659
      0.0571000061035
    
      0.0277299995422
      -0.0342700004578
      0.0374000091553
    
      -0.0311499996185
      -0.0399799995422
      0.0489000091553
    
      -0.0107100000381
      -0.0481199989319
      0.0493000030518
    
      -0.0230699996948
      -0.0445
      0.0494000091553
    
      0.0408800010681
      0.00153999996185
      0.00419999694824
    
      -0.0485900001526
      -0.01525
      0.0544000091553
    
      -0.0496399993896
      -0.00759100008011
      0.0404000091553
    
      0.0297000007629
      0.0252199993134
      0.0491999969482
    
      0.0147100000381
      -0.0437099990845
      0.0411000061035
    
      -0.0502599983215
      0.00379200005531
      0.0465
    
      -0.0300799999237
      0.0342299995422
      0.0458000030518
    
      0.0306399993896
      -0.0241299991608
      0.0025
    
      -0.00590399980545
      0.0411599998474
      0.0436000061035
    
      -0.0399599990845
      -0.0239200000763
      0.00180000305176
    
      -0.000982599973679
      -0.0477200012207
      0.00819999694824
    
      -0.00486199998856
      -0.0490499992371
      0.00390000915527
    
      0.0133900003433
      0.0375600013733
      0.0541000061035
    
      -0.0496100006104
      -0.00980099964142
      0.00230000305176
    
      0.0397400016785
      0.00736800003052
      0.004
    
      -0.0318299999237
      0.0322099990845
      0.0553000030518
    
      -0.00334599995613
      -0.0484300003052
      0.0489000091553
    
      0.0377999992371
      -0.0185799999237
      0.0456000061035
    
      0.0398300018311
      -0.012470000267
      0.0495
    
      0.0392400016785
      -0.0115
      0.00280000305176
    
      -0.0318099994659
      -0.03975
      0.00360000610352
    
      -0.00434999990463
      -0.0494000015259
      0.0464000091553
    
      -0.0236800003052
      -0.0435999984741
      0.0118000030518
    
      0.00739200019836
      0.0394599990845
      0.003
    
      0.0245100002289
      0.0303500003815
      0.0116999969482
    
      0.0275499992371
      0.0284200000763
      0.00590000915527
    
      0.0219599990845
      0.0324300003052
      0.0393000030518
    
      0.0357000007629
      0.0175300006866
      0.0474000091553
    
      0.0405900001526
      0.00189199995995
      0.0483000030518
    
      -0.0495400009155
      1.81799996644e-05
      0.00219999694824
    
      -0.0421199989319
      0.0200499992371
      0.0579000091553
    
      -0.0413400001526
      0.0216499996185
      0.0396000061035
    
      -0.0295900001526
      0.0339399986267
      0.0128000030518
    
      0.0356199989319
      0.00550699996948
      0.00280000305176
    
      -0.00748299980164
      0.0411500015259
      0.0331000061035
    
      -0.00729899978638
      0.0419199981689
      0.00340000915527
    
      -0.0101800003052
      0.0415999984741
      0.00319999694824
    
      0.00377900004387
      0.0404199981689
      0.0444000091553
    
      0.00652699995041
      0.0407599983215
      0.0478000030518
    
      -0.0104799995422
      -0.04825
      0.00240000915527
    
      -0.0312700004578
      -0.0394000015259
      0.0371999969482
    
      -0.0247299995422
      -0.0432000007629
      0.0416000061035
    
      -0.0430400009155
      -0.0275300006866
      0.0446999969482
    
      0.0404500007629
      -0.00357999992371
      0.0511999969482
    
      0.0408400001526
      -0.00276900005341
      0.00319999694824
    
      0.0407099990845
      -0.00694799995422
      0.00310000610352
    
      -0.0477700004578
      -0.0163799991608
      0.0423000030518
    
      0.0386500015259
      -0.0165499992371
      0.0503000030518
    
      0.0390400009155
      -0.0178500003815
      0.0468000030518
    
      0.0376500015259
      -0.0185300006866
      0.0149000091553
    
      -0.0126300001144
      -0.0472299995422
      0.0371999969482
    
      -0.0476199989319
      0.00664599990845
      0.00190000915527
    
      0.0213400001526
      0.0318700008392
      0.0585
    
      0.0342700004578
      0.0182199993134
      0.05
    
      0.00673500013351
      -0.0346699981689
      0.0599000091553
    
      0.0314200000763
      0.0235300006866
      0.00580000305176
    
      0.0346800003052
      0.0165100002289
      0.0423000030518
    
      0.0330800018311
      0.0217900009155
      0.0476999969482
    
      -0.0500400009155
      -0.00762599992752
      0.004
    
      -0.0485499992371
      0.00478299999237
      0.0124000091553
    
      -0.0437999992371
      0.0178299999237
      0.00240000915527
    
      -0.0369099998474
      0.0268299999237
      0.0576000061035
    
      -0.0385600013733
      0.0269200000763
      0.0463000030518
    
      -0.0265499992371
      0.0367099990845
      0.0461000061035
    
      -0.0272800006866
      0.0360299987793
      0.004
    
      -0.0359300003052
      -0.0350200004578
      0.0578000030518
    
      -0.0443100013733
      -0.0244500007629
      0.00190000915527
    
      -0.0467000007629
      -0.0199699993134
      0.002
    
      0.04025
      -0.0133999996185
      0.00490000915527
    
      0.0307299995422
      -0.0295499992371
      0.0585
    
      0.00796199989319
      -0.0474399986267
      0.0464000091553
    
      0.000912000000477
      -0.0486100006104
      0.00430000305176
    
      -0.00224399995804
      -0.0479000015259
      0.0363000030518
    
      -0.00870300006866
      -0.0478199996948
      0.0141000061035
    
      0.0291700000763
      0.0257700004578
      0.0534000091553
    
      0.0192399997711
      0.0341699981689
      0.0563000030518
    
      0.0255200004578
      0.0307800006866
      0.0055
    
      0.0289300003052
      0.0255699996948
      0.0376999969482
    
      0.0289300003052
      0.0255599994659
      0.0113000030518
    
      0.0367400016785
      0.00678499984741
      0.0598000030518
    
      -0.0494300003052
      -0.0159899997711
      0.0471999969482
    
      0.0387799987793
      0.00891800022125
      0.00319999694824
    
      0.0378400001526
      0.0125799999237
      0.00360000610352
    
      0.0359099998474
      0.0146300001144
      0.0129000091553
    
      0.0403199996948
      0.00538999986649
      0.0473000030518
    
      0.0370400009155
      0.0123800001144
      0.0513000030518
    
      -0.0511500015259
      -0.00218000006676
      0.0466000061035
    
      0.0399799995422
      -0.00454500007629
      0.0431999969482
    
      0.0413899993896
      -0.00609700012207
      0.0478000030518
    
      -0.0445
      0.0190900001526
      0.0465
    
      -0.0414300003052
      0.02375
      0.0469000091553
    
      -0.0421599998474
      0.0213999996185
      0.00280000305176
    
      -0.0443499984741
      0.0183299999237
      0.00319999694824
    
      -0.0292399997711
      0.0343899993896
      0.0499000091553
    
      -0.0355900001526
      0.0303799991608
      0.0471000061035
    
      -0.0304500007629
      0.0333300018311
      0.0306999969482
    
      -0.0292800006866
      0.0345999984741
      0.00310000610352
    
      -0.0163099994659
      0.0393300018311
      0.057
    
      -0.0162199993134
      0.0395299987793
      0.0129000091553
    
      -0.0030680000782
      0.0418899993896
      0.0461000061035
    
      -0.0311000003815
      -0.0398300018311
      0.0446000061035
    
      -0.0438899993896
      -0.0286000003815
      0.0464000091553
    
      0.0386599998474
      -0.00144599997997
      0.0595
    
      0.0407999992371
      -0.000341600000858
      0.00340000915527
    
      -0.00877299976349
      -0.0485900001526
      0.0025
    
      -0.0480299987793
      -0.0177600002289
      0.00280000305176
    
      0.0396599998474
      -0.0114300003052
      0.0556999969482
    
      0.0394900016785
      -0.00910400009155
      0.0579000091553
    
      0.0402900009155
      -0.0135200004578
      0.0474000091553
    
      0.0395600013733
      -0.0152600002289
      0.0465
    
      0.0279699993134
      -0.0318299999237
      0.0594000091553
    
      0.0306299991608
      -0.0285200004578
      0.0595
    
      0.0332299995422
      -0.0295400009155
      0.0045
    
      0.0325499992371
      -0.0234200000763
      0.0601000061035
    
      0.0137100000381
      -0.0451399993896
      0.0461000061035
    
      0.0119200000763
      -0.0453300018311
      0.00260000610352
    
      0.0373199996948
      -0.00675899982452
      0.0601000061035
    
      -0.00779699993134
      -0.0474500007629
      0.0576999969482
    
      -0.0166399993896
      -0.04625
      0.0103000030518
    
      -0.0160799999237
      -0.0474000015259
      0.00290000915527
    
      -0.01175
      -0.0482900009155
      0.00280000305176
    
      -0.00924300003052
      -0.0484500007629
      0.00460000610352
    
      0.0201800003052
      0.03375
      0.0121999969482
    
      -0.0239200000763
      -0.0322900009155
      0.0596999969482
    
      0.0410600013733
      -0.000306100010872
      0.00510000610352
    
      0.0389399986267
      0.00590000009537
      0.0131999969482
    
      0.0388699989319
      0.00742299985886
      0.0461000061035
    
      -0.0463600006104
      0.0144600000381
      0.0035
    
      -0.0229799995422
      0.0374799995422
      0.045
    
      -0.0254099998474
      0.0373199996948
      0.047
    
      0.0136000003815
      0.0384099998474
      0.0473000030518
    
      0.0175400009155
      0.0365
      0.00360000610352
    
      -0.0232600002289
      -0.04525
      0.046
    
      -0.0164699993134
      -0.0468899993896
      0.0498000030518
    
      -0.0375800018311
      -0.03375
      0.0119000091553
    
      -0.0433600006104
      -0.0261599998474
      0.0126000061035
    
      -0.0453600006104
      -0.0259699993134
      0.0461999969482
    
      0.0412200012207
      -0.00414200019836
      0.00469999694824
    
      0.0359900016785
      -0.0237999992371
      0.0496999969482
    
      0.0365900001526
      -0.0236900005341
      0.0468000030518
    
      0.0383899993896
      -0.0203199996948
      0.0475
    
      0.0381399993896
      -0.0191000003815
      0.0065
    
      0.0248700008392
      -0.0368400001526
      0.0138000030518
    
      -0.0138100004196
      0.0395900001526
      0.0584000091553
    
      0.0083140001297
      -0.0445099983215
      0.0591999969482
    
      0.00511000013351
      -0.0469199981689
      0.0421000061035
    
      0.00426399993896
      -0.0481599998474
      0.00360000610352
    
      -0.00884200000763
      -0.0468100013733
      0.0585
    
      -0.0473800010681
      -0.0173799991608
      0.057
    
      -0.0476199989319
      -0.0166000003815
      0.0116000061035
    
      0.03375
      0.0119099998474
      0.00290000915527
    
      -0.0487599983215
      -0.00848499965668
      0.0581999969482
    
      -0.0501199989319
      -0.00108800005913
      0.00430000305176
    
      0.0398300018311
      -0.00976500034332
      0.0428000030518
    
      -0.02575
      0.0354000015259
      0.0025
    
      -0.0320800018311
      0.0327799987793
      0.00369999694824
    
      -0.0129600000381
      0.0413400001526
      0.00380000305176
    
      0.00507600021362
      0.0375400009155
      0.0595
    
      0.00292000007629
      0.0414099998474
      0.0464000091553
    
      -0.0148999996185
      -0.0477999992371
      0.0025
    
      -0.00896899986267
      -0.0491300010681
      0.046
    
      0.0193099994659
      0.0345099983215
      0.0548000030518
    
      -0.0213299999237
      -0.0413899993896
      0.002
    
      -0.0274300003052
      -0.0433199996948
      0.0463000030518
    
      -0.0312299995422
      -0.0411199989319
      0.0471000061035
    
      -0.04175
      -0.0297099990845
      0.054
    
      0.0336300010681
      0.0192700004578
      0.054
    
      -0.0391800003052
      -0.0334000015259
      0.00290000915527
    
      0.0393800010681
      -0.000960799992085
      0.0586000061035
    
      0.0404099998474
      0.00210500001907
      0.0466000061035
    
      0.0376599998474
      -0.0181599998474
      0.0558000030518
    
      0.0397400016785
      -0.01625
      0.0476000061035
    
      -0.0140900001526
      -0.0481599998474
      0.0473000030518
    
      0.02725
      0.028
      0.00310000610352
    
      0.0388300018311
      0.00604799985886
      0.0396999969482
    
      -0.0458600006104
      0.013470000267
      0.0426999969482
    
      -0.0463199996948
      0.0150799999237
      0.00390000915527
    
      -0.0322999992371
      0.0272399997711
      0.00219999694824
    
      0.0318799991608
      0.0215300006866
      0.00310000610352
    
      -0.0268500003815
      0.0351300010681
      0.0571000061035
    
      -0.00647800016403
      0.0415299987793
      0.00290000915527
    
      -0.0227900009155
      -0.0430200004578
      0.0584000091553
    
      -0.0158599996567
      -0.0452900009155
      0.0586000061035
    
      -0.0340099983215
      -0.0366500015259
      0.0581000061035
    
      -0.046
      -0.0226100006104
      0.0493000030518
    
      0.0330600013733
      -0.0277700004578
      0.014
    
      0.0245699996948
      -0.0388400001526
      0.0466999969482
    
      0.0187800006866
      -0.0425499992371
      0.0471999969482
    
      0.0156599998474
      0.0368300018311
      0.003
    
      0.0137700004578
      0.0377700004578
      0.00310000610352
    
      0.0155699996948
      0.0364399986267
      0.0136000061035
    
      0.00603700017929
      0.0398699989319
      0.011
    
      0.0249200000763
      0.0298999996185
      0.0565
    
      0.0242399997711
      0.0295499992371
      0.0585
    
      0.0249300003052
      0.03125
      0.0466999969482
    
      0.0372299995422
      0.00991899967194
      0.0581000061035
    
      0.0397400016785
      0.00777500009537
      0.0475
    
      0.03975
      -0.00512099981308
      0.0583000030518
    
      0.0394199981689
      -0.00582700014114
      0.0591000061035
    
      -0.0496599998474
      -2.54599992186e-05
      0.0561999969482
    
      -0.0482700004578
      0.00751200008392
      0.00230000305176
    
      0.0403899993896
      -0.00610400009155
      0.0244000091553
    
      -0.0382099990845
      0.0241800003052
      0.0588000030518
    
      -0.0448300018311
      0.0180100002289
      0.0045
    
      0.0408600006104
      -0.00839099979401
      0.0035
    
      -0.0274300003052
      0.0342900009155
      0.058
    
      -0.0281800003052
      0.0360499992371
      0.0473000030518
    
      -0.0346300010681
      0.0311100006104
      0.0479000091553
    
      -0.0325900001526
      0.0329900016785
      0.0466999969482
    
      -0.0365900001526
      0.0281800003052
      0.0508000030518
    
      -0.010720000267
      0.0415699996948
      0.00519999694824
    
      -0.0151899995804
      0.0407700004578
      0.00480000305176
    
      0.00197699999809
      0.0418199996948
      0.0473000030518
    
      0.0210599994659
      0.0340200004578
      0.00560000610352
    
      0.0161599998474
      0.0367400016785
      0.0055
    
      -0.02775
      -0.0424199981689
      0.00240000915527
    
      -0.0412299995422
      -0.0286900005341
      0.058
    
      -0.0366699981689
      -0.0315799999237
      0.0591000061035
    
      -0.0440200004578
      -0.0263099994659
      0.00440000915527
    
      -0.00234400010109
      -0.0486899986267
      0.0025
    
      -0.0491100006104
      -0.0134899997711
      0.00240000915527
    
      -0.0488899993896
      -0.0146499996185
      0.004
    
      0.0357999992371
      -0.0168099994659
      0.06
    
      0.0382599983215
      -0.0154399995804
      0.058
    
      0.0392700004578
      -0.0120100002289
      0.0581000061035
    
      0.0389900016785
      -0.0181900005341
      0.00440000915527
    
      -0.0107700004578
      -0.00897000026703
      0.0
    
      0.0298899993896
      -0.0319699993134
      0.0561000061035
    
      0.0262099990845
      -0.0360499992371
      0.0451999969482
    
      0.0282600002289
      -0.0348400001526
      0.00290000915527
    
      0.0143800001144
      -0.0440299987793
      0.0551999969482
    
      0.0150100002289
      -0.0434599990845
      0.0106000061035
    
      0.00955000019073
      -0.0422700004578
      0.00230000305176
    
      0.0308199996948
      0.000663100004196
      0.0604000091553
    
      -0.0150699996948
      -0.0439900016785
      0.0593000030518
    
      -0.0155100002289
      -0.0468400001526
      0.0548000030518
    
      -0.0146999998093
      -0.0475299987793
      0.00480000305176
    
      -0.0489900016785
      0.00299799990654
      0.002
    
      -0.0325200004578
      -0.0380299987793
      0.0576999969482
    
      -0.0258400001526
      -0.0402700004578
      0.0591000061035
    
      0.0208199996948
      0.0344900016785
      0.00360000610352
    
      0.0314799995422
      0.0228199996948
      0.0546000061035
    
      -0.0459099998474
      -0.0138199996948
      0.0593000030518
    
      -0.04125
      -0.0219200000763
      0.0594000091553
    
      0.0349300003052
      0.0187099990845
      0.00460000610352
    
      0.0399799995422
      0.005742000103
      0.0035
    
      -0.0475299987793
      0.00814900016785
      0.0571999969482
    
      -0.0436199989319
      0.0158800001144
      0.0588000030518
    
      -0.0482000007629
      0.00873700046539
      0.003
    
      -0.0489799995422
      0.00585400009155
      0.00460000610352
    
      -0.0462000007629
      0.0139099998474
      0.00269999694824
    
      -0.0397599983215
      0.0235
      0.0576999969482
    
      -0.0325600013733
      0.0315599994659
      0.0376000061035
    
      -0.0355600013733
      0.0292000007629
      0.00280000305176
    
      -0.0209099998474
      0.0375200004578
      0.058
    
      -0.0241200008392
      0.0375699996948
      0.00340000915527
    
      -0.00595800018311
      0.0411300010681
      0.0565
    
      -0.00530700016022
      0.0422799987793
      0.0474000091553
    
      -0.0035039999485
      0.0420099983215
      0.00480000305176
    
      0.0381500015259
      -0.0182399997711
      0.003
    
      0.0188400001526
      0.0349700012207
      0.003
    
      -0.0201399993896
      -0.0466100006104
      0.0464000091553
    
      -0.0353899993896
      -0.0366500015259
      0.0495
    
      -0.0353600006104
      -0.0370499992371
      0.00390000915527
    
      -0.0305
      -0.0397599983215
      0.0159000091553
    
      -0.0358499984741
      -0.0376699981689
      0.0466000061035
    
      -0.0445099983215
      -0.0249500007629
      0.0556999969482
    
      -0.0447599983215
      -0.0216800003052
      0.0584000091553
    
      -0.0481100006104
      -0.0209899997711
      0.0466000061035
    
      0.0401500015259
      -0.00308299994469
      0.01
    
      0.0407000007629
      -0.00979199981689
      0.00569999694824
    
      -0.0346100006104
      0.0234300003052
      0.0598000030518
    
      0.0330499992371
      -0.0297099990845
      0.0476000061035
    
      0.0365
      -0.0238299999237
      0.0055
    
      0.0219699993134
      -0.0391500015259
      0.0565
    
      0.0236800003052
      -0.0394500007629
      0.0475
    
      0.0213799991608
      -0.0405099983215
      0.00280000305176
    
      0.0232299995422
      -0.0395
      0.00319999694824
    
      0.0124099998474
      -0.0464500007629
      0.047
