
  
 
   
    
      473, 219, 376
    
      473, 159, 219
    
      219, 159, 454
    
      159, 473, 173
    
      173, 287, 159
    
      159, 22, 454
    
      160, 159, 287
    
      345, 287, 173
    
      159, 160, 22
    
      268, 454, 22
    
      248, 268, 22
    
      473, 376, 228
    
      155, 376, 219
    
      473, 346, 173
    
      173, 346, 411
    
      411, 346, 279
    
      411, 345, 173
    
      454, 268, 34
    
      268, 453, 34
    
      279, 253, 411
    
      253, 279, 286
    
      225, 228, 376
    
      155, 274, 376
    
      376, 221, 225
    
      221, 376, 331
    
      376, 274, 331
    
      228, 225, 224
    
      228, 224, 223
    
      222, 228, 223
    
      222, 303, 228
    
      72, 228, 303
    
      149, 222, 223
    
      370, 228, 72
    
      228, 370, 288
    
      229, 228, 288
    
      230, 228, 229
    
      228, 230, 92
    
      224, 151, 223
    
      472, 224, 225
    
      3, 223, 151
    
      224, 157, 151
    
      472, 225, 221
    
      372, 149, 223
    
      3, 372, 223
    
      230, 229, 423
    
      224, 472, 157
    
      95, 288, 370
    
      90, 157, 472
    
      157, 90, 221
    
      151, 157, 486
    
      221, 146, 157
    
      3, 148, 372
    
      65, 157, 146
    
      65, 486, 157
    
      228, 92, 226
    
      226, 371, 228
    
      322, 371, 226
    
      279, 76, 286
    
      279, 346, 414
    
      76, 279, 414
    
      473, 228, 96
    
      346, 473, 282
    
      346, 282, 414
    
      374, 282, 473
    
      374, 473, 373
    
      228, 232, 96
    
      282, 389, 414
    
      89, 373, 473
    
      342, 473, 96
    
      473, 445, 89
    
      374, 520, 282
    
      265, 445, 473
    
      342, 265, 473
    
      373, 521, 374
    
      96, 239, 342
    
      421, 282, 520
    
      374, 521, 252
    
      389, 282, 267
    
      234, 96, 232
    
      460, 282, 421
    
      371, 232, 228
    
      234, 239, 96
    
      389, 267, 522
    
      282, 460, 267
    
      374, 252, 166
    
      117, 389, 522
    
      166, 520, 374
    
      522, 267, 460
    
      63, 232, 371
    
      371, 322, 63
    
      89, 156, 373
    
      232, 369, 234
    
      521, 283, 252
    
      414, 389, 431
    
      431, 76, 414
    
      183, 521, 373
    
      183, 373, 156
    
      296, 265, 342
    
      454, 34, 412
    
      412, 34, 413
    
      383, 219, 454
    
      219, 380, 155
    
      380, 219, 425
    
      378, 219, 383
    
      219, 378, 425
    
      377, 155, 380
    
      155, 377, 332
    
      383, 454, 412
    
      379, 380, 425
    
      412, 35, 383
    
      379, 425, 378
    
      412, 413, 35
    
      332, 433, 155
    
      336, 379, 378
    
      378, 383, 275
    
      336, 378, 275
    
      546, 332, 377
    
      380, 379, 382
    
      375, 332, 546
    
      546, 154, 375
    
      379, 336, 191
    
      383, 138, 275
    
      383, 35, 138
    
      397, 191, 336
    
      381, 382, 379
    
      275, 138, 397
    
      397, 336, 275
    
      380, 364, 377
    
      382, 364, 380
    
      191, 426, 379
    
      426, 264, 379
    
      379, 264, 381
    
      55, 364, 382
    
      55, 381, 264
    
      382, 381, 55
    
      546, 377, 545
    
      377, 364, 470
    
      470, 545, 377
    
      364, 55, 470
    
      246, 23, 46
    
      46, 23, 502
    
      502, 23, 302
    
      277, 46, 502
    
      302, 183, 502
    
      23, 357, 302
    
      183, 302, 356
    
      356, 302, 357
    
      46, 513, 246
    
      163, 23, 246
    
      246, 513, 189
    
      23, 164, 357
    
      356, 357, 283
    
      46, 277, 47
    
      47, 401, 46
    
      164, 283, 357
    
      182, 46, 401
    
      182, 401, 341
    
      341, 273, 182
    
      513, 46, 70
    
      43, 513, 70
    
      291, 513, 43
    
      46, 152, 70
    
      484, 46, 182
    
      291, 343, 513
    
      484, 152, 46
    
      180, 43, 70
    
      43, 180, 291
    
      180, 405, 291
    
      291, 129, 343
    
      103, 513, 343
    
      205, 484, 182
    
      405, 44, 291
    
      44, 129, 291
    
      205, 182, 67
    
      67, 182, 340
    
      296, 340, 182
    
      340, 435, 67
    
      513, 179, 189
    
      513, 103, 179
    
      442, 179, 103
    
      179, 498, 189
    
      498, 339, 189
    
      339, 338, 189
    
      338, 339, 271
    
      497, 338, 271
    
      497, 136, 338
    
      136, 53, 338
    
      53, 310, 338
    
      179, 442, 498
    
      339, 188, 271
    
      339, 498, 270
    
      270, 188, 339
    
      304, 310, 53
    
      304, 135, 310
    
      293, 310, 135
    
      293, 135, 254
    
      164, 358, 283
    
      254, 186, 293
    
      246, 313, 163
    
      133, 186, 254
    
      526, 23, 163
    
      526, 163, 313
    
      246, 189, 516
    
      313, 246, 516
    
      164, 23, 40
    
      189, 338, 516
    
      310, 516, 338
    
      40, 358, 164
    
      293, 516, 310
    
      516, 293, 543
    
      187, 516, 543
    
      293, 186, 543
    
      40, 524, 358
    
      523, 524, 40
    
      186, 542, 543
    
      187, 525, 516
    
      165, 523, 40
    
      523, 165, 421
    
      516, 525, 122
    
      319, 122, 525
    
      319, 98, 122
    
      116, 122, 98
    
      367, 319, 525
    
      98, 319, 367
    
      181, 516, 122
    
      456, 516, 181
    
      347, 516, 456
    
      40, 516, 347
    
      347, 131, 40
    
      40, 501, 165
    
      184, 40, 131
    
      501, 40, 184
    
      171, 122, 116
    
      122, 312, 181
    
      417, 347, 456
    
      130, 347, 417
    
      347, 130, 131
    
      130, 132, 131
    
      456, 503, 417
    
      503, 456, 181
    
      131, 132, 184
    
      312, 314, 181
    
      312, 122, 26
    
      26, 122, 171
    
      501, 184, 444
    
      132, 444, 184
    
      444, 48, 501
    
      501, 48, 420
    
      153, 444, 132
    
      307, 256, 262
    
      60, 262, 256
    
      60, 256, 214
    
      214, 198, 60
    
      214, 256, 316
    
      256, 237, 316
    
      256, 327, 237
    
      105, 237, 327
    
      144, 60, 198
    
      85, 262, 60
    
      85, 60, 144
    
      85, 144, 99
    
      100, 262, 85
    
      85, 363, 100
    
      85, 99, 363
    
      198, 61, 144
    
      99, 144, 61
    
      99, 61, 220
    
      470, 100, 363
    
      363, 99, 545
    
      99, 220, 545
    
      256, 307, 278
    
      326, 327, 256
    
      256, 278, 326
    
      324, 327, 326
    
      327, 324, 143
    
      278, 307, 88
    
      88, 307, 259
    
      143, 105, 327
    
      143, 359, 105
    
      315, 359, 143
    
      315, 143, 238
    
      360, 359, 315
    
      315, 238, 360
    
      278, 427, 326
    
      278, 88, 87
    
      262, 100, 139
    
      262, 439, 307
    
      307, 439, 216
    
      139, 439, 262
    
      307, 216, 245
    
      139, 440, 439
    
      307, 245, 259
    
      440, 139, 100
    
      100, 335, 440
    
      216, 215, 245
    
      439, 440, 476
    
      216, 439, 217
    
      440, 335, 426
    
      215, 216, 217
    
      426, 495, 440
    
      217, 306, 215
    
      215, 306, 245
    
      440, 494, 476
    
      439, 86, 217
    
      440, 495, 494
    
      217, 58, 306
    
      217, 86, 58
    
      86, 333, 58
    
      192, 494, 495
    
      426, 192, 495
    
      56, 86, 439
    
      476, 56, 439
    
      56, 476, 494
    
      193, 56, 494
    
      494, 140, 193
    
      333, 86, 56
    
      56, 295, 333
    
      295, 56, 57
    
      333, 295, 58
    
      58, 295, 492
    
      195, 492, 295
    
      295, 57, 195
    
      492, 195, 491
    
      491, 195, 437
    
      192, 493, 494
    
      493, 140, 494
    
      493, 192, 496
    
      192, 191, 496
    
      428, 56, 193
    
      140, 211, 193
    
      493, 496, 384
    
      140, 329, 211
    
      493, 329, 140
    
      84, 493, 384
    
      193, 211, 209
    
      56, 428, 438
    
      82, 57, 56
    
      82, 56, 83
    
      83, 56, 438
    
      428, 193, 209
    
      57, 82, 194
    
      141, 194, 82
    
      428, 209, 438
    
      58, 492, 294
    
      294, 396, 58
    
      396, 306, 58
    
      306, 396, 299
    
      306, 299, 245
    
      299, 218, 245
    
      218, 259, 245
    
      269, 241, 345
    
      287, 345, 241
    
      345, 411, 269
    
      241, 514, 287
    
      514, 160, 287
    
      430, 514, 241
    
      430, 241, 479
    
      430, 78, 514
    
      78, 430, 479
    
      301, 479, 241
    
      481, 301, 241
    
      514, 78, 22
    
      514, 22, 160
    
      78, 174, 22
    
      479, 301, 78
    
      78, 301, 452
    
      174, 78, 452
    
      301, 481, 79
    
      241, 77, 481
    
      174, 248, 22
    
      452, 248, 174
    
      301, 309, 452
    
      248, 452, 309
    
      100, 55, 335
    
      335, 55, 264
    
      55, 100, 470
    
      335, 264, 426
    
      198, 214, 145
    
      145, 199, 198
    
      214, 316, 145
    
      467, 145, 316
    
      316, 237, 467
    
      466, 467, 237
    
      466, 237, 105
    
      359, 466, 105
    
      445, 502, 89
    
      502, 156, 89
    
      502, 445, 277
    
      47, 277, 445
    
      445, 265, 47
    
      47, 265, 401
    
      341, 401, 265
    
      402, 341, 265
    
      273, 341, 402
    
      358, 252, 283
    
      166, 252, 358
    
      358, 524, 166
    
      520, 166, 524
    
      524, 523, 520
    
      520, 523, 421
    
      5, 33, 257
    
      33, 517, 257
    
      185, 30, 354
    
      120, 403, 455
    
      120, 455, 416
    
      404, 120, 416
    
      403, 518, 455
    
      416, 515, 404
    
      515, 416, 141
    
      528, 162, 504
    
      149, 276, 222
    
      303, 222, 276
    
      32, 25, 123
    
      171, 123, 25
    
      123, 350, 32
    
      183, 156, 502
    
      242, 53, 136
    
      52, 242, 136
    
      136, 497, 52
    
      52, 497, 280
    
      271, 280, 497
    
      37, 38, 176
    
      292, 37, 176
    
      176, 240, 292
    
      29, 350, 399
    
      355, 350, 29
    
      355, 29, 281
    
      281, 28, 355
    
      28, 354, 355
    
      354, 28, 185
    
      192, 426, 191
    
      521, 356, 283
    
      521, 183, 356
    
      522, 165, 501
    
      460, 165, 522
    
      501, 420, 522
    
      117, 522, 420
    
      130, 417, 255
    
      503, 255, 417
    
      475, 474, 326
    
      427, 475, 326
    
      474, 324, 326
    
      142, 324, 474
    
      142, 143, 324
    
      532, 143, 142
    
      238, 143, 532
    
      172, 351, 168
    
      172, 167, 351
    
      168, 119, 172
    
      103, 361, 441
    
      103, 343, 361
    
      103, 441, 442
    
      129, 361, 343
    
      453, 268, 309
    
      309, 268, 248
    
      320, 24, 504
    
      320, 500, 24
    
      320, 504, 298
    
      320, 298, 137
    
      137, 297, 320
    
      297, 176, 320
    
      176, 38, 320
    
      320, 249, 500
    
      398, 249, 320
    
      320, 242, 398
    
      320, 260, 242
    
      260, 320, 337
    
      365, 337, 320
    
      49, 365, 320
    
      49, 50, 365
    
      320, 400, 49
    
      395, 137, 298
    
      137, 395, 297
    
      24, 127, 504
    
      297, 107, 176
    
      505, 395, 298
    
      297, 395, 108
    
      108, 107, 297
    
      298, 446, 505
    
      298, 504, 446
    
      261, 395, 505
    
      395, 261, 115
    
      115, 461, 395
    
      108, 395, 537
    
      537, 395, 461
    
      535, 115, 261
    
      17, 537, 461
    
      11, 108, 537
    
      240, 176, 107
    
      530, 240, 107
    
      530, 107, 108
    
      534, 530, 108
    
      320, 458, 400
    
      399, 50, 49
    
      49, 400, 27
    
      400, 458, 4
    
      400, 4, 257
    
      419, 400, 257
    
      400, 419, 27
    
      29, 399, 49
    
      281, 29, 49
    
      28, 281, 49
    
      49, 185, 28
    
      27, 30, 49
    
      49, 30, 185
    
      531, 4, 458
    
      5, 257, 4
    
      419, 257, 517
    
      50, 399, 123
    
      123, 399, 350
    
      127, 24, 449
    
      449, 41, 127
    
      41, 178, 127
    
      254, 337, 365
    
      50, 422, 365
    
      284, 249, 398
    
      242, 52, 398
    
      260, 337, 443
    
      254, 443, 337
    
      398, 52, 280
    
      260, 134, 242
    
      190, 254, 365
    
      190, 365, 366
    
      365, 266, 366
    
      284, 398, 280
    
      422, 266, 365
    
      500, 249, 285
    
      304, 134, 260
    
      443, 304, 260
    
      171, 50, 123
    
      97, 50, 171
    
      50, 97, 422
    
      249, 284, 51
    
      285, 249, 51
    
      500, 285, 499
    
      54, 366, 266
    
      366, 542, 190
    
      266, 422, 367
    
      190, 133, 254
    
      500, 498, 24
    
      449, 24, 498
    
      498, 500, 499
    
      134, 53, 242
    
      285, 51, 270
    
      270, 499, 285
    
      271, 51, 284
    
      280, 271, 284
    
      290, 320, 38
    
      38, 406, 290
    
      406, 408, 290
    
      320, 368, 458
    
      290, 489, 320
    
      308, 320, 489
    
      320, 308, 196
    
      196, 59, 320
    
      368, 172, 458
    
      415, 172, 368
    
      455, 415, 368
    
      119, 458, 172
    
      172, 415, 167
    
      518, 415, 455
    
      458, 119, 31
    
      320, 59, 235
    
      368, 320, 235
    
      142, 290, 408
    
      368, 416, 455
    
      408, 407, 142
    
      532, 142, 407
    
      474, 489, 290
    
      142, 474, 290
    
      489, 218, 308
    
      436, 196, 308
    
      489, 474, 475
    
      489, 490, 218
    
      490, 489, 323
    
      489, 475, 323
    
      323, 87, 490
    
      325, 323, 475
    
      294, 59, 196
    
      218, 299, 308
    
      196, 436, 294
    
      308, 299, 436
    
      475, 427, 325
    
      490, 259, 218
    
      334, 416, 368
    
      492, 59, 294
    
      492, 235, 59
    
      368, 235, 437
    
      436, 396, 294
    
      436, 299, 396
    
      416, 334, 141
    
      104, 311, 206
    
      311, 104, 292
    
      37, 292, 104
    
      104, 206, 207
    
      244, 206, 311
    
      104, 207, 71
    
      37, 104, 250
    
      147, 244, 311
    
      311, 292, 410
    
      147, 311, 202
    
      202, 311, 150
    
      250, 104, 317
    
      487, 150, 311
    
      410, 236, 311
    
      410, 124, 236
    
      8, 124, 410
    
      292, 300, 410
    
      8, 410, 300
    
      344, 250, 317
    
      317, 175, 344
    
      124, 8, 36
    
      124, 36, 236
    
      71, 145, 104
    
      145, 467, 104
    
      104, 466, 317
    
      466, 104, 467
    
      466, 158, 317
    
      317, 158, 175
    
      158, 238, 175
    
      238, 158, 360
    
      158, 466, 359
    
      199, 145, 71
    
      359, 360, 158
    
      71, 61, 199
    
      468, 311, 236
    
      468, 236, 36
    
      8, 409, 36
    
      393, 487, 311
    
      468, 247, 311
    
      36, 409, 247
    
      507, 409, 8
    
      507, 448, 409
    
      507, 8, 9
    
      8, 300, 177
    
      177, 9, 8
    
      292, 240, 300
    
      448, 507, 111
    
      177, 20, 9
    
      16, 300, 240
    
      300, 16, 177
    
      20, 177, 19
    
      450, 247, 409
    
      247, 450, 311
    
      450, 409, 448
    
      448, 110, 450
    
      110, 447, 450
    
      2, 450, 447
    
      510, 311, 450
    
      510, 450, 2
    
      21, 447, 110
    
      2, 447, 21
    
      276, 393, 311
    
      510, 2, 506
    
      506, 2, 21
    
      311, 391, 276
    
      311, 510, 536
    
      536, 510, 506
    
      71, 207, 69
    
      71, 197, 61
    
      206, 488, 207
    
      393, 276, 149
    
      206, 244, 331
    
      331, 488, 206
    
      207, 200, 69
    
      243, 71, 69
    
      200, 207, 488
    
      146, 244, 147
    
      243, 197, 71
    
      487, 393, 148
    
      433, 243, 69
    
      64, 146, 147
    
      202, 64, 147
    
      150, 487, 3
    
      150, 3, 151
    
      69, 200, 433
    
      487, 148, 3
    
      197, 243, 424
    
      197, 424, 61
    
      488, 62, 200
    
      64, 65, 146
    
      276, 391, 68
    
      434, 68, 391
    
      68, 434, 485
    
      311, 263, 391
    
      391, 263, 434
    
      311, 536, 231
    
      263, 311, 231
    
      125, 231, 536
    
      125, 305, 231
    
      126, 125, 536
    
      538, 126, 536
    
      465, 305, 125
    
      528, 231, 305
    
      305, 18, 528
    
      18, 305, 529
    
      125, 126, 511
    
      465, 529, 305
    
      536, 539, 538
    
      539, 536, 21
    
      465, 125, 289
    
      125, 511, 512
    
      289, 464, 465
    
      126, 538, 7
    
      7, 538, 6
    
      7, 511, 126
    
      528, 18, 162
    
      539, 540, 538
    
      10, 540, 539
    
      540, 10, 14
    
      13, 10, 539
    
      14, 128, 540
    
      128, 14, 13
    
      10, 13, 14
    
      6, 538, 535
    
      289, 6, 535
    
      6, 289, 451
    
      231, 528, 527
    
      527, 161, 231
    
      527, 178, 161
    
      102, 231, 161
    
      231, 102, 362
    
      362, 113, 231
    
      113, 392, 231
    
      508, 161, 178
    
      95, 231, 392
    
      113, 93, 392
    
      93, 113, 321
    
      113, 66, 321
    
      203, 66, 113
    
      94, 203, 113
    
      94, 113, 91
    
      227, 91, 113
    
      113, 394, 227
    
      113, 201, 394
    
      394, 201, 63
    
      63, 322, 394
    
      322, 227, 394
    
      423, 203, 94
    
      423, 321, 66
    
      66, 203, 423
    
      161, 508, 318
    
      161, 469, 102
    
      469, 161, 318
    
      362, 390, 113
    
      113, 390, 201
    
      508, 441, 318
    
      441, 508, 442
    
      390, 483, 201
    
      45, 469, 318
    
      441, 361, 318
    
      67, 201, 483
    
      201, 67, 471
    
      471, 67, 233
    
      67, 204, 233
    
      201, 471, 369
    
      318, 361, 129
    
      102, 180, 362
    
      102, 405, 180
    
      405, 102, 469
    
      129, 45, 318
    
      405, 469, 45
    
      73, 482, 251
    
      482, 73, 348
    
      33, 348, 73
    
      457, 482, 348
    
      482, 457, 351
    
      33, 73, 170
    
      251, 482, 80
    
      251, 258, 73
    
      73, 258, 432
    
      80, 81, 251
    
      251, 81, 453
    
      251, 453, 309
    
      170, 73, 349
    
      121, 349, 73
    
      432, 258, 241
    
      432, 241, 478
    
      79, 258, 251
    
      301, 251, 309
    
      77, 241, 258
    
      79, 481, 258
    
      413, 453, 81
    
      258, 480, 77
    
      301, 79, 251
    
      480, 258, 481
    
      349, 121, 353
    
      168, 457, 348
    
      351, 457, 168
    
      349, 517, 170
    
      170, 517, 33
    
      33, 5, 348
    
      531, 168, 348
    
      351, 418, 482
    
      519, 418, 351
    
      351, 167, 519
    
      118, 121, 73
    
      121, 118, 353
    
      118, 419, 353
    
      482, 418, 403
    
      403, 418, 518
    
      385, 80, 482
    
      212, 80, 385
    
      212, 81, 80
    
      385, 482, 328
    
      403, 120, 482
    
      328, 482, 210
    
      82, 210, 482
    
      404, 82, 482
    
      385, 213, 212
    
      210, 211, 328
    
      385, 328, 329
    
      404, 482, 120
    
      328, 211, 329
    
      81, 212, 413
    
      515, 82, 404
    
      211, 210, 209
    
      30, 118, 73
    
      388, 73, 432
    
      352, 73, 388
    
      169, 73, 352
    
      388, 432, 478
    
      269, 388, 478
    
      388, 269, 286
    
      169, 30, 73
    
      354, 169, 352
    
      354, 352, 355
    
      388, 286, 15
    
      169, 354, 30
    
      241, 269, 478
    
      253, 286, 269
    
      352, 350, 355
    
      388, 477, 352
    
      477, 388, 208
    
      352, 477, 101
    
      101, 26, 352
    
      101, 477, 387
    
      352, 26, 25
    
      208, 388, 15
    
      25, 32, 352
    
      477, 75, 387
    
      75, 477, 330
    
      208, 74, 477
    
      352, 32, 350
    
      330, 477, 386
    
      255, 101, 387
    
      74, 386, 477
    
      75, 330, 459
    
      74, 208, 431
    
      330, 386, 431
    
      74, 431, 386
    
      255, 314, 101
    
      76, 431, 208
    
      15, 76, 208
    
      429, 387, 75
    
      314, 255, 503
    
      130, 255, 387
    
      429, 130, 387
    
      429, 75, 48
    
      130, 429, 153
    
      444, 153, 429
    
      516, 40, 23
    
      516, 23, 313
    
      384, 496, 138
    
      397, 138, 496
    
      191, 397, 496
    
      366, 54, 543
    
      54, 187, 543
    
      542, 366, 543
    
      187, 54, 525
    
      54, 266, 525
    
      266, 367, 525
    
      127, 527, 504
    
      527, 528, 504
    
      127, 178, 527
    
      37, 406, 38
    
      406, 37, 250
    
      408, 406, 250
    
      250, 344, 408
    
      407, 408, 344
    
      344, 175, 407
    
      532, 407, 175
    
      532, 175, 238
    
      26, 101, 312
    
      314, 312, 101
    
      209, 210, 272
    
      272, 438, 209
    
      272, 83, 438
    
      210, 82, 272
    
      83, 272, 82
    
      538, 462, 535
    
      462, 115, 535
    
      462, 538, 541
    
      462, 541, 110
    
      112, 462, 110
    
      17, 462, 112
    
      537, 17, 112
    
      112, 106, 537
    
      106, 11, 537
    
      11, 106, 533
    
      362, 70, 390
    
      390, 70, 152
    
      152, 484, 390
    
      390, 484, 483
    
      483, 484, 205
    
      67, 483, 205
    
      118, 27, 419
    
      118, 30, 27
    
      221, 331, 244
    
      221, 244, 146
    
      443, 254, 135
    
      304, 443, 135
    
      349, 419, 517
    
      349, 353, 419
    
      116, 97, 171
    
      422, 97, 116
    
      98, 422, 116
    
      422, 98, 367
    
      180, 70, 362
    
      243, 433, 332
    
      332, 375, 243
    
      375, 154, 243
    
      154, 424, 243
    
      178, 41, 508
    
      41, 449, 508
    
      442, 508, 449
    
      470, 363, 545
    
      23, 526, 313
    
      4, 348, 5
    
      4, 531, 348
    
      51, 271, 188
    
      270, 51, 188
    
      413, 34, 453
    
      61, 198, 199
    
      485, 303, 276
    
      411, 253, 269
    
      504, 162, 42
    
      504, 42, 446
    
      18, 42, 162
    
      18, 464, 42
    
      464, 18, 529
    
      186, 190, 542
    
      133, 190, 186
    
      460, 421, 165
    
      261, 505, 289
    
      342, 239, 340
    
      340, 296, 342
    
      435, 340, 239
    
      535, 261, 289
    
      227, 322, 226
    
      91, 227, 226
    
      94, 91, 226
    
      226, 92, 94
    
      230, 94, 92
    
      423, 94, 230
    
      538, 540, 541
    
      540, 128, 541
    
      541, 128, 110
    
      72, 231, 370
    
      87, 323, 278
    
      323, 325, 278
    
      427, 278, 325
    
      231, 95, 370
    
      270, 498, 499
    
      15, 286, 76
    
      506, 21, 536
    
      21, 110, 128
    
      128, 13, 21
    
      13, 539, 21
    
      462, 114, 115
    
      369, 471, 234
    
      109, 534, 108
    
      507, 9, 463
    
      265, 296, 402
    
      471, 233, 234
    
      507, 112, 111
    
      177, 109, 533
    
      529, 465, 464
    
      331, 274, 488
    
      534, 16, 530
    
      9, 20, 463
    
      31, 119, 531
    
      289, 505, 446
    
      289, 446, 42
    
      289, 42, 464
    
      511, 451, 512
    
      108, 11, 109
    
      486, 65, 64
    
      134, 304, 53
    
      90, 472, 221
    
      77, 480, 481
    
      12, 534, 109
    
      503, 181, 314
    
      288, 93, 229
    
      392, 93, 288
    
      93, 321, 229
    
      321, 423, 229
    
      19, 177, 533
    
      544, 533, 106
    
      109, 11, 533
    
      44, 405, 45
    
      129, 44, 45
    
      544, 19, 533
    
      39, 0, 509
    
      509, 0, 1
    
      16, 240, 530
    
      1, 39, 509
    
      39, 1, 0
    
      274, 155, 200
    
      212, 35, 413
    
      35, 212, 138
    
      493, 213, 385
    
      493, 385, 329
    
      72, 263, 231
    
      72, 303, 263
    
      200, 155, 433
    
      149, 372, 393
    
      26, 171, 25
    
      88, 259, 87
    
      87, 259, 490
    
      153, 132, 130
    
      115, 114, 461
    
      330, 431, 389
    
      117, 330, 389
    
      459, 330, 117
    
      491, 235, 492
    
      235, 491, 437
    
      369, 232, 201
    
      63, 201, 232
    
      200, 62, 274
    
      195, 57, 368
    
      368, 57, 334
    
      424, 220, 61
    
      68, 485, 276
    
      511, 7, 6
    
      6, 451, 511
    
      212, 384, 138
    
      212, 213, 384
    
      418, 167, 415
    
      418, 519, 167
    
      518, 418, 415
    
      48, 75, 420
    
      75, 459, 420
    
      420, 459, 117
    
      531, 119, 168
    
      498, 442, 449
    
      368, 437, 195
    
      148, 393, 372
    
      125, 451, 289
    
      151, 202, 150
    
      151, 486, 202
    
      515, 141, 82
    
      303, 485, 434
    
      434, 263, 303
    
      545, 424, 546
    
      424, 545, 220
    
      546, 424, 154
    
      84, 213, 493
    
      239, 234, 233
    
      233, 204, 239
    
      435, 239, 204
    
      177, 16, 12
    
      109, 177, 12
    
      17, 114, 462
    
      125, 512, 451
    
      486, 64, 202
    
      141, 334, 194
    
      31, 531, 458
    
      84, 384, 213
    
      110, 111, 112
    
      36, 247, 468
    
      435, 204, 67
    
      182, 273, 296
    
      429, 48, 444
    
      12, 16, 534
    
      288, 95, 392
    
      194, 334, 57
    
      111, 110, 448
    
      507, 463, 112
    
      106, 112, 463
    
      106, 463, 544
    
      19, 544, 463
    
      463, 20, 19
    
      62, 488, 274
    
      114, 17, 461
    
      402, 296, 273
   
    
      -0.0217000007629
      -0.0443800010681
      0.0676999969482
    
      -0.0216800003052
      -0.0443600006104
      0.0676999969482
    
      -0.0212000007629
      -0.0449399986267
      0.0386999969482
    
      0.0182999992371
      -0.0460499992371
      0.0446000061035
    
      -0.0199599990845
      0.0346100006104
      0.0566000061035
    
      -0.0198099994659
      0.0353600006104
      0.053
    
      -0.0215100002289
      -0.0445800018311
      0.0301000061035
    
      -0.0214300003052
      -0.0446699981689
      0.0305
    
      -0.0199599990845
      -0.0449799995422
      0.0441999969482
    
      -0.0215100002289
      -0.0443400001526
      0.044
    
      -0.0216900005341
      -0.0445099983215
      0.0369000091553
    
      -0.0219099998474
      -0.0444000015259
      0.0455
    
      -0.0219400005341
      -0.0443400001526
      0.046
    
      -0.0216700000763
      -0.0445
      0.0379000091553
    
      -0.0217900009155
      -0.0445
      0.0378000030518
    
      0.0193299999237
      0.0355800018311
      0.0133000030518
    
      -0.0218299999237
      -0.0445200004578
      0.0478000030518
    
      -0.022
      -0.0443400001526
      0.0425
    
      -0.0216700000763
      -0.0444000015259
      0.023
    
      -0.0218099994659
      -0.0444300003052
      0.0445
    
      -0.0217399997711
      -0.0443600006104
      0.0445
    
      -0.0215
      -0.0447000007629
      0.0381000061035
    
      0.0197299995422
      0.0340699996948
      0.0536999969482
    
      -0.000216900005937
      0.00636199998856
      0.000300003051758
    
      -0.0228099994659
      -0.0363600006104
      0.0105
    
      -0.0198500003815
      0.0356899986267
      0.0045
    
      -0.0172099990845
      0.0357400016785
      0.00330000305176
    
      -0.0204500007629
      0.0344599990845
      0.0335
    
      -0.0206299991608
      0.0348600006104
      0.0201999969482
    
      -0.02075
      0.0347400016785
      0.0163000030518
    
      -0.0200599994659
      0.0352200012207
      0.0293000030518
    
      -0.0198299999237
      0.0354300003052
      0.0606999969482
    
      -0.0199500007629
      0.0356699981689
      0.00940000915527
    
      -0.0192700004578
      0.0354900016785
      0.0486000061035
    
      0.0197399997711
      0.0339099998474
      0.0695999908447
    
      0.0199400005341
      0.0335600013733
      0.0771999969482
    
      -0.0181599998474
      -0.0454900016785
      0.0434000091553
    
      -0.0207199993134
      -0.0449199981689
      0.0685999908447
    
      -0.0217999992371
      -0.0362000007629
      0.0695000152588
    
      -0.0216900005341
      -0.0443300018311
      0.0676999969482
    
      0.0128900003433
      0.0198899993896
      0.00140000915527
    
      -0.0224300003052
      -0.0435400009155
      0.00680000305176
    
      -0.0219400005341
      -0.0441500015259
      0.0231999969482
    
      -0.00406799983978
      -0.0433800010681
      0.000800003051758
    
      -0.00906299972534
      -0.0446500015259
      0.0015
    
      -0.00921199989319
      -0.0448199996948
      0.00190000915527
    
      0.00955500030518
      -0.0377799987793
      0.000699996948242
    
      0.0172800006866
      -0.0330900001526
      0.0015
    
      0.0165900001526
      0.0355299987793
      0.0025
    
      -0.0214300003052
      0.0306499996185
      0.0251000061035
    
      -0.0218799991608
      0.0298899993896
      0.0065
    
      -0.0226700000763
      -0.0307099990845
      0.00230000305176
    
      -0.0228999996185
      -0.0170599994659
      0.00269999694824
    
      -0.0224500007629
      -0.00854399967194
      0.00210000610352
    
      -0.0220900001526
      0.0199899997711
      0.00230000305176
    
      0.0187299995422
      -0.0248400001526
      0.0809000091553
    
      -0.0103900003433
      0.0284599990845
      0.0826999969482
    
      -0.0200400009155
      0.0302299995422
      0.0818000030518
    
      -0.0204500007629
      0.0130200004578
      0.0821999969482
    
      -0.0217199993134
      0.0179200000763
      0.0796999969482
    
      0.00797399997711
      -0.0408199996948
      0.0819000091553
    
      0.0152700004578
      -0.0453800010681
      0.0815000152588
    
      0.0185900001526
      -0.0464099998474
      0.0655
    
      0.0182199993134
      -0.0458499984741
      0.00869999694824
    
      0.0183700008392
      -0.0462099990845
      0.0484000091553
    
      0.0184799995422
      -0.0462700004578
      0.0485
    
      0.0174799995422
      -0.0461199989319
      0.0181999969482
    
      0.0160499992371
      -0.0454799995422
      0.00169999694824
    
      0.0176800003052
      -0.0461100006104
      0.0318000030518
    
      0.0175300006866
      -0.0464199981689
      0.0741999969482
    
      0.00541099977493
      -0.0447799987793
      0.000800003051758
    
      0.0134899997711
      -0.0461899986267
      0.0791999969482
    
      0.0183199996948
      -0.0456899986267
      0.0241999969482
    
      -0.0117600002289
      0.0361100006104
      0.035
    
      0.0180799999237
      0.0358100013733
      0.007
    
      0.0170799999237
      0.0359000015259
      0.00330000305176
    
      0.0195900001526
      0.0353400001526
      0.0111000061035
    
      0.0186599998474
      0.0351899986267
      0.0498000030518
    
      0.0190400009155
      0.0345400009155
      0.0516999969482
    
      0.0186599998474
      0.0351599998474
      0.0529000091553
    
      0.0139499998093
      0.0350400009155
      0.0734000091553
    
      0.0186900005341
      0.03475
      0.0714000091553
    
      -0.0168700008392
      0.0349799995422
      0.0821999969482
    
      -0.0129799995422
      0.0347400016785
      0.0825000152588
    
      0.0166200008392
      0.0339199981689
      0.0811999969482
    
      0.0156700000763
      -0.0334799995422
      0.0823000030518
    
      -0.0158100004196
      0.0128699998856
      0.0825999908447
    
      -0.0214300003052
      -0.0241700000763
      0.0810999908447
    
      -0.0209200000763
      -0.0233299999237
      0.0815000152588
    
      0.0185499992371
      -0.0185699996948
      0.00369999694824
    
      0.0183700008392
      -0.0455299987793
      0.0498000030518
    
      0.0177399997711
      -0.0460299987793
      0.0144000091553
    
      0.0183700008392
      -0.0452200012207
      0.0161000061035
    
      0.0179400005341
      -0.0461699981689
      0.0201000061035
    
      0.0180200004578
      -0.0460200004578
      0.0163000030518
    
      0.0182600002289
      -0.0459199981689
      0.0226999969482
    
      0.0179500007629
      -0.0402000007629
      0.00610000610352
    
      -0.0221700000763
      0.0289899997711
      0.00280000305176
    
      -0.0217800006866
      0.0265
      0.00230000305176
    
      0.0165200004578
      -0.0434000015259
      0.0820000152588
    
      0.0175900001526
      -0.0269300003052
      0.0820000152588
    
      -0.00533400011063
      0.0358400001526
      0.00410000610352
    
      -0.00340700006485
      -0.0453699989319
      0.00430000305176
    
      -0.0187299995422
      -0.0433100013733
      0.00160000610352
    
      -0.00579600000381
      -0.0459500007629
      0.0755999908447
    
      -0.0144600000381
      -0.0442999992371
      0.0810999908447
    
      -0.0218400001526
      -0.0444399986267
      0.0444000091553
    
      -0.0218999996185
      -0.0436300010681
      0.0506999969482
    
      -0.0219699993134
      -0.0439199981689
      0.0469000091553
    
      -0.0218899993896
      -0.0444000015259
      0.0456999969482
    
      -0.0216900005341
      -0.0445999984741
      0.0411000061035
    
      -0.0217399997711
      -0.0443899993896
      0.0426000061035
    
      -0.0218700008392
      -0.0444199981689
      0.0431000061035
    
      0.0154799995422
      -0.0459000015259
      0.0151000061035
    
      -0.022
      -0.0443400001526
      0.0414000091553
    
      -0.022
      -0.0441800003052
      0.0386999969482
    
      -0.0216100006104
      0.0284099998474
      0.00230000305176
    
      0.0196900005341
      0.0349399986267
      0.00360000610352
    
      -0.01975
      0.0354700012207
      0.0339000091553
    
      -0.0198500003815
      0.0352599983215
      0.0618000030518
    
      -0.0188199996948
      0.0355299987793
      0.0791999969482
    
      -0.0185599994659
      0.0355
      0.0354000091553
    
      -0.0185400009155
      0.0300799999237
      0.00210000610352
    
      -0.0207600002289
      0.0350999984741
      0.0055
    
      -0.0184400005341
      -0.0455
      0.044
    
      -0.0189599990845
      -0.0448100013733
      0.0264000091553
    
      -0.0212299995422
      -0.0447000007629
      0.0296000061035
    
      -0.0224599990845
      -0.0432799987793
      0.00969999694824
    
      -0.0217900009155
      -0.0445
      0.0391000061035
    
      -0.0111899995804
      -0.0444199981689
      0.00160000610352
    
      0.0106700000763
      0.0353600006104
      0.0025
    
      0.0123000001907
      0.0332900009155
      0.00210000610352
    
      0.0146700000763
      0.0353199996948
      0.00230000305176
    
      -0.0225100002289
      0.00722100019455
      0.00230000305176
    
      -0.0230499992371
      -0.00750699996948
      0.00280000305176
    
      -0.02225
      0.00141199994087
      0.00210000610352
    
      -0.0223700008392
      -0.0133299999237
      0.00210000610352
    
      -0.0221599998474
      -0.0276599998474
      0.0453000030518
    
      0.02
      0.0322900009155
      0.0799000091553
    
      0.0147600002289
      -0.0114799995422
      0.0828000030518
    
      0.01175
      0.0302399997711
      0.0823000030518
    
      -0.0195100002289
      0.0342599983215
      0.0818000030518
    
      -0.0216000003815
      -0.0399799995422
      0.0803000030518
    
      -0.0203099994659
      -0.0424399986267
      0.0810999908447
    
      0.0122399997711
      -0.0428199996948
      0.0820000152588
    
      0.000963999986649
      -0.0456300010681
      0.0805999908447
    
      0.0184799995422
      -0.0461599998474
      0.0501999969482
    
      0.0151700000763
      -0.0462700004578
      0.0493000030518
    
      0.0183999996185
      -0.0462200012207
      0.0436999969482
    
      0.0182999992371
      -0.0460499992371
      0.0386999969482
    
      0.0149300003052
      -0.0463100013733
      0.0455
    
      0.0183500003815
      -0.0459199981689
      0.0466000061035
    
      0.0107399997711
      -0.0449900016785
      0.000900009155273
    
      0.0147100000381
      0.0355400009155
      0.00240000915527
    
      0.0189099998474
      -0.0461500015259
      0.0794000091553
    
      0.0187000007629
      -0.0404000015259
      0.0698000030518
    
      0.0182900009155
      -0.0189799995422
      0.00240000915527
    
      0.0184400005341
      -0.04575
      0.0491999969482
    
      -0.0181100006104
      -0.0449199981689
      0.0800999908447
    
      0.0199300003052
      0.0290300006866
      0.0505
    
      0.0198400001526
      0.0339199981689
      0.0499000091553
    
      -0.0161200008392
      -0.0447200012207
      0.0104000091553
    
      -0.0219300003052
      -0.0441599998474
      0.022
    
      -0.00643200016022
      0.00561899995804
      0.000199996948242
    
      0.0146599998474
      0.0044279999733
      0.0015
    
      0.0183299999237
      0.0271499996185
      0.00280000305176
    
      0.0187299995422
      0.0101099996567
      0.003
    
      -0.0196399993896
      0.0350900001526
      0.0730000152588
    
      -0.0194599990845
      0.0354199981689
      0.0634000091553
    
      -0.0189599990845
      0.0357700004578
      0.0261000061035
    
      -0.0188199996948
      0.0355099983215
      0.0446000061035
    
      -0.0209200000763
      0.0337200012207
      0.0025
    
      -0.0198400001526
      0.0345800018311
      0.0665000152588
    
      0.0198199996948
      0.0312800006866
      0.0346999969482
    
      0.0193500003815
      0.0344599990845
      0.0534000091553
    
      -0.0211499996185
      -0.0449900016785
      0.0791999969482
    
      -0.0219099998474
      -0.0398899993896
      0.0595
    
      -0.0216599998474
      -0.0444300003052
      0.0453000030518
    
      -0.0219500007629
      -0.0440600013733
      0.0101000061035
    
      -0.0206100006104
      -0.0415699996948
      0.00140000915527
    
      -0.00182700002193
      -0.045
      0.00130000305176
    
      -0.00853199958801
      0.0338499984741
      0.00240000915527
    
      0.0168899993896
      -0.0414000015259
      0.0015
    
      0.0178700008392
      -0.0136300001144
      0.002
    
      0.01525
      0.0333699989319
      0.00210000610352
    
      -0.0205100002289
      0.0346300010681
      0.0246000061035
    
      -0.0221100006104
      0.0084390001297
      0.00210000610352
    
      -0.0212199993134
      0.0202299995422
      0.00190000915527
    
      -0.0224500007629
      -0.0313500003815
      0.00190000915527
    
      -0.0185300006866
      -0.0306700000763
      0.000699996948242
    
      -0.0225799999237
      0.0101599998474
      0.00269999694824
    
      0.0191599998474
      0.0202099990845
      0.0798000030518
    
      0.0176599998474
      0.0203799991608
      0.0808000030518
    
      0.00574100017548
      0.03075
      0.0825000152588
    
      -0.0196900005341
      0.0325
      0.0816999969482
    
      -0.02075
      0.0274899997711
      0.0819000091553
    
      -0.0217099990845
      0.00660200023651
      0.0793000030518
    
      0.0176399993896
      -0.0462400016785
      0.0800000152588
    
      0.00830300045013
      -0.0449000015259
      0.0815999908447
    
      0.0111999998093
      -0.0453600006104
      0.0811999969482
    
      0.0184099998474
      -0.0463800010681
      0.0679000091553
    
      0.0172800006866
      -0.0458400001526
      0.00590000915527
    
      0.0157899999619
      -0.0462900009155
      0.0475
    
      0.0174400005341
      -0.0460900001526
      0.0176000061035
    
      0.0177999992371
      -0.0458199996948
      0.00230000305176
    
      0.0148800001144
      -0.0451300010681
      0.00130000305176
    
      0.0133500003815
      -0.0462400016785
      0.0609000091553
    
      0.01425
      -0.0463699989319
      0.0714000091553
    
      0.0183799991608
      0.0357400016785
      0.00910000610352
    
      -0.00455000019073
      0.0345499992371
      0.0823000030518
    
      -0.00584399986267
      0.0348600006104
      0.0815999908447
    
      0.00572200012207
      0.0339199981689
      0.0820999908447
    
      0.0182299995422
      0.0346399993896
      0.0788000030518
    
      0.0159300003052
      0.0341699981689
      0.0811999969482
    
      -0.002117000103
      -0.0448100013733
      0.0814000091553
    
      -0.0203799991608
      0.00129600000381
      0.0820999908447
    
      -0.0165799999237
      -0.00266899991035
      0.0820999908447
    
      -0.0175100002289
      0.00711299991608
      0.0824000091553
    
      -0.0214599990845
      -0.0165900001526
      0.0808000030518
    
      0.0196399993896
      0.00600600004196
      0.0699000091553
    
      0.0178199996948
      -0.0454799995422
      0.0810999908447
    
      0.0185699996948
      -0.0455900001526
      0.0516999969482
    
      0.0183799991608
      -0.0453699989319
      0.0331000061035
    
      0.0184300003052
      -0.0452900009155
      0.0408000030518
    
      0.0184099998474
      -0.0451800003052
      0.0454000091553
    
      0.0183500003815
      -0.0445400009155
      0.0466000061035
    
      0.0183199996948
      -0.0455499992371
      0.0141000061035
    
      0.0176200008392
      -0.0460299987793
      0.0131000061035
    
      0.0181100006104
      -0.0420499992371
      0.0198000030518
    
      0.0182900009155
      -0.0452700004578
      0.0193000030518
    
      0.0183299999237
      -0.0453300018311
      0.0171000061035
    
      0.00978499984741
      -0.0460999984741
      0.0226000061035
    
      0.0183199996948
      -0.0453300018311
      0.00730000305176
    
      0.018
      -0.0458300018311
      0.00319999694824
    
      0.0183199996948
      -0.0456100006104
      0.00430000305176
    
      -0.0215200004578
      0.0248299999237
      0.0804000091553
    
      -0.0171200008392
      -0.0454399986267
      0.044
    
      -0.0113400001526
      -0.0445299987793
      0.0810999908447
    
      -0.0205400009155
      -0.0445999984741
      0.0806999969482
    
      0.0181900005341
      -0.0451699981689
      0.00260000610352
    
      -0.0217800006866
      -0.0445200004578
      0.0519000091553
    
      0.0187800006866
      0.0351100006104
      0.0469000091553
    
      -0.0229500007629
      -0.00945600032806
      0.00740000915527
    
      0.0183999996185
      -0.0464599990845
      0.0781999969482
    
      0.0157299995422
      -0.0462599983215
      0.0529000091553
    
      -0.0206299991608
      -0.0101899995804
      0.0818000030518
    
      -0.0114600000381
      -0.0226299991608
      0.000199996948242
    
      -0.0169099998474
      -0.0450200004578
      0.0424000091553
    
      0.0195
      0.0344199981689
      0.0555
    
      -0.0229300003052
      -0.0258400001526
      0.00880000305176
    
      -0.0198999996185
      -0.0450999984741
      0.0755000152588
    
      0.0153100004196
      0.0352700004578
      0.0574000091553
    
      0.0185
      0.00548600006104
      0.00319999694824
    
      0.0194699993134
      0.0352200012207
      0.0235
    
      -0.0227299995422
      0.00541300010681
      0.00269999694824
    
      0.00176999998093
      0.0357200012207
      0.00319999694824
    
      -0.00832400035858
      -0.0402900009155
      0.0810999908447
    
      -0.0201399993896
      0.0346300010681
      0.0491000061035
    
      0.0165900001526
      0.0352799987793
      0.0496999969482
    
      -0.021
      -0.0201299991608
      0.0814000091553
    
      -0.0228600006104
      -0.00225200009346
      0.00869999694824
    
      -0.0221000003815
      -0.0439799995422
      0.0325
    
      0.0111099996567
      -0.0201499996185
      0.0825000152588
    
      0.0154799995422
      -0.0461199989319
      0.0285
    
      0.0183999996185
      -0.00944299983978
      0.0804000091553
    
      0.0181200008392
      -0.0350600013733
      0.00240000915527
    
      -0.0223299999237
      0.0218299999237
      0.003
    
      0.0194099998474
      0.0285300006866
      0.00419999694824
    
      0.01975
      0.0339199981689
      0.0613000030518
    
      0.0191900005341
      0.0352900009155
      0.0281999969482
    
      -0.0225499992371
      -0.0344099998474
      0.002
    
      -0.02225
      -0.0269599990845
      0.00190000915527
    
      -0.0108800001144
      0.0349399986267
      0.0821999969482
    
      0.0180300006866
      -0.0397799987793
      0.00169999694824
    
      0.0186700000763
      -0.0460699996948
      0.0641000061035
    
      0.0202000007629
      0.0259300003052
      0.0789000091553
    
      0.0163799991608
      -0.0462099990845
      0.0346999969482
    
      0.0168299999237
      -0.0306100006104
      0.00140000915527
    
      -0.0203700008392
      -0.0290599994659
      0.0814000091553
    
      0.0197700004578
      0.0348400001526
      0.0184000091553
    
      -0.0227700004578
      -0.02275
      0.00269999694824
    
      -0.0207399997711
      0.0345600013733
      0.0183000030518
    
      0.0192900009155
      0.0210200004578
      0.00540000915527
    
      0.01775
      0.00136899995804
      0.00219999694824
    
      -0.0229099998474
      -0.0263600006104
      0.003
    
      -0.0228600006104
      -0.0338499984741
      0.00260000610352
    
      0.0194099998474
      0.0354300003052
      0.0174000091553
    
      0.0197700004578
      0.0341699981689
      0.0449000091553
    
      0.0182700004578
      -0.0456199989319
      0.0211999969482
    
      -0.0218500003815
      -0.0443300018311
      0.0266999969482
    
      -0.0215300006866
      -0.0334199981689
      0.0775999908447
    
      -0.00947000026703
      -0.0437999992371
      0.00140000915527
    
      -0.0199400005341
      -0.0447700004578
      0.0568000030518
    
      -0.0213199996948
      0.00715199995041
      0.002
    
      -0.0213999996185
      0.0102899999619
      0.0813000030518
    
      -0.0199400005341
      0.0241900005341
      0.0820999908447
    
      0.0179200000763
      -0.0404700012207
      0.00180000305176
    
      -0.0219699993134
      -0.0345999984741
      0.0511000061035
    
      -0.0224300003052
      -0.0368499984741
      0.0314000091553
    
      -0.0213400001526
      -0.00228299999237
      0.0813000030518
    
      -0.0210799999237
      -0.0448800010681
      0.0486999969482
    
      0.0188999996185
      0.0349300003052
      0.0528000030518
    
      0.0149099998474
      -0.00905399990082
      0.00130000305176
    
      0.0182099990845
      -0.0458699989319
      0.0286999969482
    
      -0.0228099994659
      -0.00350200009346
      0.0025
    
      -0.0171399993896
      -0.0447900009155
      0.0243000030518
    
      -0.0208600006104
      0.00383400011063
      0.0820000152588
    
      -0.0157100000381
      -0.0190699996948
      0.0815000152588
    
      -0.0216599998474
      -0.00739699983597
      0.0795000152588
    
      0.0192399997711
      0.0346800003052
      0.0563000030518
    
      -0.0212800006866
      0.000436199992895
      0.00190000915527
    
      -0.0121499996185
      -0.0457400016785
      0.0435
    
      -0.0117899999619
      0.0349300003052
      0.0025
    
      -0.00758599996567
      0.00939000034332
      0.000199996948242
    
      -0.00496199989319
      0.0354199981689
      0.003
    
      -0.0192999992371
      -0.0441500015259
      0.0809000091553
    
      -0.00696199989319
      -0.0448100013733
      0.0811999969482
    
      -0.0184699993134
      -0.0452099990845
      0.0785999908447
    
      -0.0150200004578
      -0.0445200004578
      0.0035
    
      -0.0215699996948
      0.0256100006104
      0.00240000915527
    
      -0.0217800006866
      0.0256700000763
      0.0700000152588
    
      0.0178199996948
      -0.0461399993896
      0.0191999969482
    
      0.0181700000763
      -0.0457200012207
      0.0115
    
      -0.0214799995422
      -0.0273199996948
      0.0810000152588
    
      -0.0205300006866
      -0.0381399993896
      0.0810999908447
    
      -0.0215200004578
      -0.0294400005341
      0.0810999908447
    
      -0.0197600002289
      -0.0341199989319
      0.0813000030518
    
      -0.0153400001526
      -0.0422000007629
      0.0811999969482
    
      0.00291799998283
      0.0346399993896
      0.0808000030518
    
      0.0102299995422
      0.0338800010681
      0.0820000152588
    
      0.0186800003052
      0.0358400001526
      0.00530000305176
    
      0.0185799999237
      -0.0459300003052
      0.0591999969482
    
      0.0188700008392
      -0.0454900016785
      0.0745999908447
    
      -0.0191499996185
      0.0186200008392
      0.0824000091553
    
      -0.0202600002289
      0.0313099994659
      0.0815999908447
    
      0.0177999992371
      -0.013529999733
      0.0811999969482
    
      0.0197800006866
      0.0208099994659
      0.0789000091553
    
      -0.0226900005341
      0.00473500013351
      0.0106000061035
    
      -0.0202999992371
      -0.0116499996185
      0.00140000915527
    
      -0.0215400009155
      -0.0312399997711
      0.0015
    
      0.0176700000763
      -0.0434900016785
      0.00169999694824
    
      0.0179200000763
      -0.0388400001526
      0.00169999694824
    
      0.0180400009155
      -0.0387299995422
      0.00310000610352
    
      -0.013970000267
      -0.0432099990845
      0.00160000610352
    
      -0.0211900005341
      -0.0449500007629
      0.0780000152588
    
      0.0195100002289
      0.0347599983215
      0.0386000061035
    
      0.0197700004578
      0.0301800003052
      0.0211999969482
    
      0.00260800004005
      0.0322099990845
      0.00180000305176
    
      -0.0188799991608
      0.0353699989319
      0.0569000091553
    
      -0.0191000003815
      0.0354700012207
      0.0413000030518
    
      -0.0202999992371
      0.0354099998474
      0.012
    
      -0.0191299991608
      0.0353899993896
      0.0713000030518
    
      -0.0159899997711
      0.0359399986267
      0.0134000091553
    
      -0.0194200000763
      0.0355299987793
      0.0371000061035
    
      -0.0199699993134
      0.0354700012207
      0.0235
    
      -0.0203400001526
      0.0354900016785
      0.0173000030518
    
      0.0176800003052
      -0.0068109998703
      0.00190000915527
    
      0.0150200004578
      -0.00218700003624
      0.00140000915527
    
      0.0178700008392
      0.00859099960327
      0.0025
    
      -0.017
      -0.0445099983215
      0.0809000091553
    
      -0.0186599998474
      -0.0446599998474
      0.0805999908447
    
      -0.0149499998093
      -0.0442299995422
      0.00180000305176
    
      0.00646000003815
      -0.0458100013733
      0.00460000610352
    
      0.0175799999237
      -0.0400800018311
      0.0818000030518
    
      0.0191100006104
      -0.0289799995422
      0.0803000030518
    
      -0.0222900009155
      0.0173700008392
      0.00830000305176
    
      -0.0224500007629
      0.015279999733
      0.00290000915527
    
      -0.0220499992371
      0.0249500007629
      0.00240000915527
    
      -0.0209099998474
      0.0287600002289
      0.0790000152588
    
      0.0182700004578
      -0.0459000015259
      0.005
    
      0.0182700004578
      -0.0454900016785
      0.0228000030518
    
      0.0183400001526
      -0.0449900016785
      0.0116999969482
    
      0.0183799991608
      -0.0460800018311
      0.0426999969482
    
      0.0186800003052
      -0.0113999996185
      0.00410000610352
    
      0.0189400005341
      0.00613199996948
      0.00480000305176
    
      0.0188899993896
      -0.0460400009155
      0.0781999969482
    
      0.0185300006866
      -0.0378300018311
      0.0528000030518
    
      0.0188999996185
      -0.0397200012207
      0.0786999969482
    
      0.0198400001526
      0.015970000267
      0.0775999908447
    
      0.0191700000763
      0.00411199998856
      0.0788000030518
    
      0.0192900009155
      -0.015970000267
      0.0776999969482
    
      0.0188400001526
      -0.0121599998474
      0.0799000091553
    
      0.0190400009155
      -0.0151199998856
      0.0795000152588
    
      0.0201800003052
      0.0291700000763
      0.0770000152588
    
      0.0179599990845
      0.0335200004578
      0.0806999969482
    
      0.00940299987793
      0.0344700012207
      0.0805000152588
    
      0.0179500007629
      0.0358400001526
      0.00640000915527
    
      0.0106400003433
      0.0357999992371
      0.00319999694824
    
      0.0148100004196
      0.0357400016785
      0.0191000061035
    
      0.0196499996185
      0.0334900016785
      0.0055
    
      0.01175
      -0.0458600006104
      0.0025
    
      0.0144099998474
      -0.0461800003052
      0.033
    
      0.0177099990845
      -0.0460900001526
      0.0211999969482
    
      0.0156300001144
      -0.0462799987793
      0.0419000091553
    
      0.0173799991608
      -0.046
      0.0106000061035
    
      -0.0223700008392
      -0.0420099983215
      0.0421999969482
    
      -0.0212700004578
      0.00552299976349
      0.0816999969482
    
      0.0199200000763
      0.0266800003052
      0.0798000030518
    
      -0.0229400005341
      -0.0175400009155
      0.009
    
      -0.0210100002289
      0.0339399986267
      0.0121000061035
    
      -0.0211100006104
      0.0306900005341
      0.047
    
      0.0170799999237
      -0.0372900009155
      0.0015
    
      0.0180699996948
      -0.0391899986267
      0.00180000305176
    
      -0.0186900005341
      0.0354500007629
      0.0770000152588
    
      -0.0186200008392
      0.0355499992371
      0.0800999908447
    
      -0.00692100000381
      -0.0447900009155
      0.0015
    
      -0.0215799999237
      -0.0439300003052
      0.0740000152588
    
      -0.0215300006866
      -0.0439300003052
      0.0788000030518
    
      -0.0215300006866
      -0.0434500007629
      0.0773000030518
    
      -0.0194300003052
      -0.0448499984741
      0.0426999969482
    
      -0.0188999996185
      -0.0449399986267
      0.0461999969482
    
      0.0196900005341
      0.0346300010681
      0.029
    
      0.0199099998474
      0.0334300003052
      0.0729000091553
    
      0.0194099998474
      0.0342299995422
      0.0730000152588
    
      0.0197399997711
      0.0334900016785
      0.00980000305176
    
      -0.0198199996948
      0.0343499984741
      0.0745999908447
    
      -0.0196900005341
      0.0344300003052
      0.0800999908447
    
      0.00168599998951
      0.0350299987793
      0.0025
    
      -0.0191399993896
      0.0352999992371
      0.0750999908447
    
      -0.0202000007629
      0.0346899986267
      0.0396000061035
    
      0.0185100002289
      0.0352400016785
      0.00290000915527
    
      0.0187199993134
      0.0204200000763
      0.00290000915527
    
      -0.0223199996948
      0.02625
      0.00290000915527
    
      0.0181599998474
      -0.0459700012207
      0.0184000091553
    
      0.0185400009155
      -0.04625
      0.0800000152588
    
      0.0195699996948
      0.00396099996567
      0.0771999969482
    
      0.018
      0.00474900007248
      0.0805000152588
    
      -0.0214699993134
      -0.0305300006866
      0.0811999969482
    
      -0.00508199977875
      0.0340900001526
      0.0825000152588
    
      0.0148599996567
      0.0356599998474
      0.00269999694824
    
      0.0190200004578
      0.0346300010681
      0.0501999969482
    
      0.0193999996185
      0.0355999984741
      0.00719999694824
    
      0.0147899999619
      0.0354900016785
      0.0415
    
      0.0185699996948
      -0.0463800010681
      0.0718000030518
    
      0.0177700004578
      -0.0461500015259
      0.0303000030518
    
      0.0178899993896
      -0.0456100006104
      0.00190000915527
    
      -0.0216200008392
      0.00201099991798
      0.0809000091553
    
      -0.0211900005341
      0.0264899997711
      0.0815999908447
    
      -0.0105100002289
      0.0346800003052
      0.0825000152588
    
      0.00600500011444
      -0.00395199990273
      0.0826999969482
    
      0.0150200004578
      -0.00338800001144
      0.0825999908447
    
      -0.0199799995422
      -0.0440499992371
      0.00240000915527
    
      -0.0219300003052
      -0.0435299987793
      0.00219999694824
    
      -0.0230200004578
      -0.000156000003219
      0.00290000915527
    
      0.0157600002289
      0.0354000015259
      0.00240000915527
    
      0.0183199996948
      -0.0261000003815
      0.003
    
      -0.0221800003052
      -0.0439599990845
      0.024
    
      -0.0213099994659
      -0.0448300018311
      0.0395
    
      -0.0214099998474
      -0.0446199989319
      0.0419000091553
    
      -0.0224699993134
      -0.0434000015259
      0.00360000610352
    
      -0.0202900009155
      -0.0447400016785
      0.0404000091553
    
      -0.0212099990845
      -0.0446399993896
      0.0273000030518
    
      0.0193400001526
      0.0345800018311
      0.0539000091553
    
      0.0193799991608
      0.0343800010681
      0.066
    
      0.0201499996185
      0.0314599990845
      0.0646000061035
    
      -0.0198099994659
      0.0344199981689
      0.0780999908447
    
      -0.00481500005722
      0.0336699981689
      0.00219999694824
    
      -0.0185699996948
      0.0355299987793
      0.0659000091553
    
      -0.0202299995422
      0.0336500015259
      0.0618000030518
    
      0.0187399997711
      0.0358400001526
      0.00369999694824
    
      0.0190900001526
      0.0268099994659
      0.00340000915527
    
      -0.022
      -0.0441500015259
      0.0426000061035
    
      -0.0219200000763
      -0.0444300003052
      0.04
    
      -0.02175
      -0.0443100013733
      0.0439000091553
    
      -0.0216100006104
      -0.0444399986267
      0.024
    
      -0.02125
      -0.0444599990845
      0.0249000091553
    
      -0.0128000001907
      -0.0451500015259
      0.0804000091553
    
      -0.00722200012207
      -0.0454500007629
      0.0805000152588
    
      -0.0164200000763
      -0.0456599998474
      0.0431000061035
    
      -0.00910900020599
      -0.0449199981689
      0.00310000610352
    
      0.0186100006104
      -0.0364199981689
      0.0811999969482
    
      0.0181200008392
      -0.0458400001526
      0.00390000915527
    
      0.0183600006104
      -0.0455099983215
      0.0495
    
      0.0187999992371
      -0.00402699995041
      0.0156999969482
    
      -0.0215599994659
      -0.0354300003052
      0.0808000030518
    
      -0.0215100002289
      -0.0310300006866
      0.0809000091553
    
      0.00924300003052
      0.003992000103
      0.0830000152588
    
      0.0112600002289
      0.0359900016785
      0.00580000305176
    
      0.0187000007629
      0.0353300018311
      0.0373000030518
    
      0.0189300003052
      0.0347700004578
      0.051
    
      0.0186599998474
      0.0352299995422
      0.0504000091553
    
      0.0187000007629
      0.0351699981689
      0.0506000061035
    
      -0.0119499998093
      0.0358300018311
      0.0741999969482
    
      0.0143000001907
      -0.0457200012207
      0.00190000915527
    
      0.0131000003815
      -0.0450600013733
      0.001
    
      0.0178400001526
      -0.0462200012207
      0.0313000030518
    
      0.0184799995422
      -0.0461300010681
      0.0479000091553
    
      0.014970000267
      -0.0463100013733
      0.0441000061035
    
      0.0181499996185
      -0.0462999992371
      0.0645
    
      -0.0216299991608
      -0.0265699996948
      0.0799000091553
    
      -0.0214500007629
      -0.0231900005341
      0.0810000152588
    
      -0.0211399993896
      0.0260499992371
      0.0816999969482
    
      -0.0210900001526
      0.0228799991608
      0.0816999969482
    
      0.0147899999619
      0.0321599998474
      0.0819000091553
    
      0.0123500003815
      0.0112100000381
      0.0826999969482
    
      0.0156700000763
      0.00626200008392
      0.0820999908447
    
      0.0189899997711
      0.0285200004578
      0.0804000091553
    
      -0.022
      -0.0202299995422
      0.00190000915527
    
      -0.0224200000763
      -0.0406699981689
      0.002
    
      -0.0228199996948
      -0.0363699989319
      0.00230000305176
    
      -0.0228799991608
      -0.0321399993896
      0.00840000915527
    
      0.0169400005341
      0.0335499992371
      0.00240000915527
    
      0.0166299991608
      -0.0225499992371
      0.00140000915527
    
      -0.00350099992752
      0.0352000007629
      0.0025
    
      -0.0224799995422
      -0.0408300018311
      0.0229000091553
    
      -0.0220599994659
      -0.0441500015259
      0.0284000091553
    
      -0.0211499996185
      -0.0448199996948
      0.0369000091553
    
      -0.0215300006866
      -0.0443899993896
      0.0431000061035
    
      -0.0215699996948
      -0.0441199989319
      0.00430000305176
    
      -0.0217399997711
      -0.0443600006104
      0.0676999969482
    
      -0.0201000003815
      -0.0448199996948
      0.038
    
      -0.0212299995422
      -0.04475
      0.0278000030518
    
      -0.0211100006104
      -0.0447299995422
      0.0268000030518
    
      -0.013029999733
      -0.0390299987793
      0.000600006103516
    
      0.0195
      0.0344500007629
      0.0496999969482
    
      -0.0190900001526
      0.0353199996948
      0.0810000152588
    
      -0.0143999996185
      0.0189799995422
      0.00110000610352
    
      -0.0196800003052
      0.0354199981689
      0.0459000091553
    
      -0.0195400009155
      0.0352299995422
      0.0760999908447
    
      -0.0193899993896
      0.0353699989319
      0.0740999908447
    
      0.0188600006104
      0.0133699998856
      0.00290000915527
    
      0.0184200000763
      -0.00524800014496
      0.00269999694824
    
      0.0194899997711
      0.0321399993896
      0.00330000305176
    
      0.0180100002289
      0.0167000007629
      0.00240000915527
    
      0.0181900005341
      0.0122100000381
      0.0025
    
      -0.0213400001526
      0.0236399993896
      0.00210000610352
    
      -0.00501399993896
      0.0131300001144
      0.0
    
      -0.0187099990845
      -0.0447299995422
      0.018
    
      -0.0185499992371
      -0.0446399993896
      0.0216000061035
    
      -0.0214200000763
      -0.0444500007629
      0.024
    
      -0.0218999996185
      -0.0445600013733
      0.0484000091553
    
      -0.0197999992371
      0.0353600006104
      0.0604000091553
    
      -0.0215699996948
      -0.0440200004578
      0.0804000091553
    
      -0.0218099994659
      -0.0444399986267
      0.0448000030518
    
      -0.0218999996185
      -0.0442599983215
      0.0466000061035
    
      -0.0219699993134
      -0.0443300018311
      0.0334000091553
    
      -0.0188899993896
      -0.0447999992371
      0.0328000030518
    
      -0.0219799995422
      -0.0441899986267
      0.0446999969482
    
      -0.0216200008392
      -0.0445699996948
      0.0343000030518
    
      -0.0215300006866
      -0.0446199989319
      0.0356000061035
    
      -0.0219200000763
      -0.0444199981689
      0.0371000061035
    
      -0.0217900009155
      -0.0445
      0.0386999969482
    
      -0.0223400001526
      0.0117600002289
      0.00230000305176
    
      -0.0216000003815
      0.0144600000381
      0.002
    
      -0.0217900009155
      -0.0444099998474
      0.0443000030518
    
      0.0185400009155
      -0.0441699981689
      0.0810000152588
    
      0.0189300003052
      -0.0452299995422
      0.0793000030518
