
  
 
   
    
      57, 89, 385
    
      89, 121, 385
    
      89, 106, 121
    
      106, 89, 321
    
      193, 321, 89
    
      385, 121, 120
    
      385, 349, 57
    
      65, 385, 120
    
      65, 120, 490
    
      384, 57, 349
    
      385, 56, 349
    
      65, 386, 385
    
      214, 385, 386
    
      214, 489, 385
    
      56, 385, 489
    
      57, 384, 58
    
      173, 57, 58
    
      349, 56, 131
    
      488, 349, 131
    
      349, 66, 384
    
      66, 488, 384
    
      131, 56, 489
    
      66, 349, 488
    
      488, 341, 384
    
      384, 341, 58
    
      284, 173, 58
    
      58, 341, 284
    
      361, 173, 284
    
      89, 57, 213
    
      173, 213, 57
    
      361, 360, 173
    
      360, 425, 173
    
      425, 426, 173
    
      213, 190, 89
    
      164, 213, 173
    
      89, 190, 523
    
      436, 89, 523
    
      537, 89, 436
    
      528, 190, 213
    
      164, 536, 213
    
      213, 410, 528
    
      164, 173, 426
    
      144, 164, 426
    
      536, 330, 213
    
      410, 213, 330
    
      164, 500, 536
    
      55, 500, 164
    
      144, 55, 164
    
      89, 537, 96
    
      302, 89, 96
    
      345, 89, 302
    
      347, 190, 528
    
      273, 528, 410
    
      53, 330, 536
    
      528, 273, 347
    
      53, 536, 212
    
      273, 410, 54
    
      54, 410, 330
    
      536, 500, 212
    
      273, 54, 501
    
      54, 330, 501
    
      329, 523, 190
    
      523, 329, 436
    
      190, 347, 387
    
      190, 452, 329
    
      302, 96, 255
    
      302, 255, 345
    
      537, 4, 96
    
      3, 537, 436
    
      4, 537, 3
    
      295, 436, 329
    
      303, 255, 96
    
      345, 255, 97
    
      97, 535, 345
    
      348, 89, 345
    
      535, 348, 345
    
      535, 16, 348
    
      120, 499, 490
    
      516, 321, 193
    
      59, 120, 121
    
      106, 275, 121
    
      106, 321, 275
    
      382, 321, 516
    
      193, 497, 516
    
      321, 496, 275
    
      496, 321, 382
    
      499, 120, 215
    
      498, 215, 120
    
      120, 304, 498
    
      495, 121, 275
    
      495, 123, 121
    
      59, 121, 123
    
      215, 407, 499
    
      304, 120, 59
    
      215, 498, 216
    
      304, 383, 498
    
      123, 383, 304
    
      383, 216, 498
    
      304, 59, 123
    
      122, 497, 193
    
      319, 89, 348
    
      319, 438, 89
    
      443, 193, 89
    
      193, 443, 480
    
      193, 480, 122
    
      319, 294, 438
    
      388, 438, 294
    
      294, 319, 300
    
      294, 437, 388
    
      294, 539, 437
    
      77, 480, 443
    
      88, 89, 438
    
      89, 88, 447
    
      89, 198, 443
    
      89, 405, 198
    
      447, 351, 89
    
      405, 89, 351
    
      388, 88, 438
    
      388, 318, 88
    
      137, 443, 198
    
      137, 77, 443
    
      525, 318, 388
    
      525, 388, 437
    
      437, 526, 525
    
      525, 118, 318
    
      526, 118, 525
    
      171, 137, 198
    
      88, 318, 187
    
      88, 352, 447
    
      259, 447, 352
    
      351, 447, 259
    
      405, 351, 343
    
      362, 88, 187
    
      28, 343, 351
    
      28, 351, 259
    
      198, 405, 280
    
      280, 405, 343
    
      88, 362, 240
    
      198, 280, 171
    
      171, 280, 481
    
      134, 259, 352
    
      68, 259, 134
    
      28, 259, 68
    
      132, 28, 68
    
      159, 352, 88
    
      88, 112, 159
    
      88, 240, 112
    
      159, 134, 352
    
      375, 134, 159
    
      133, 280, 343
    
      240, 86, 112
    
      375, 224, 134
    
      240, 362, 86
    
      133, 343, 28
    
      375, 133, 224
    
      68, 134, 224
    
      482, 481, 280
    
      362, 87, 86
    
      233, 482, 280
    
      132, 224, 133
    
      233, 280, 168
    
      224, 132, 68
    
      133, 28, 132
    
      40, 86, 87
    
      143, 112, 86
    
      86, 40, 143
    
      280, 432, 168
    
      432, 280, 70
    
      133, 375, 70
    
      133, 70, 280
    
      143, 40, 30
    
      143, 401, 112
    
      30, 401, 143
    
      333, 112, 401
    
      168, 432, 69
    
      69, 233, 168
    
      113, 159, 112
    
      510, 375, 159
    
      510, 159, 113
    
      112, 142, 113
    
      233, 69, 225
    
      194, 333, 401
    
      84, 142, 112
    
      112, 333, 84
    
      194, 84, 333
    
      70, 12, 432
    
      12, 71, 432
    
      71, 69, 432
    
      70, 375, 265
    
      375, 510, 265
    
      142, 237, 113
    
      510, 113, 398
    
      398, 113, 237
    
      169, 225, 69
    
      169, 487, 225
    
      265, 448, 70
    
      12, 70, 448
    
      510, 398, 427
    
      402, 71, 12
    
      71, 402, 39
    
      71, 39, 69
    
      169, 69, 39
    
      510, 260, 265
    
      260, 510, 427
    
      39, 431, 169
    
      515, 448, 265
    
      260, 515, 265
    
      12, 448, 404
    
      515, 404, 448
    
      39, 402, 403
    
      402, 12, 283
    
      404, 283, 12
    
      283, 403, 402
    
      72, 431, 39
    
      260, 363, 515
    
      515, 363, 404
    
      279, 230, 276
    
      75, 279, 276
    
      276, 313, 75
    
      63, 276, 230
    
      279, 278, 230
    
      230, 278, 231
    
      231, 229, 230
    
      230, 229, 434
    
      63, 230, 434
    
      478, 75, 313
    
      434, 229, 493
    
      229, 231, 529
    
      231, 311, 529
    
      279, 75, 136
    
      75, 478, 136
    
      136, 478, 137
    
      480, 478, 313
    
      77, 137, 478
    
      278, 74, 231
    
      311, 231, 74
    
      74, 251, 311
    
      219, 63, 434
    
      434, 493, 219
    
      137, 479, 136
    
      278, 279, 483
    
      76, 483, 279
    
      76, 279, 136
    
      170, 76, 136
    
      278, 483, 74
    
      483, 8, 74
    
      170, 136, 479
    
      481, 170, 479
    
      481, 482, 170
    
      170, 355, 76
    
      355, 170, 482
    
      233, 355, 482
    
      76, 204, 483
    
      204, 393, 483
    
      483, 393, 8
    
      442, 76, 355
    
      442, 355, 232
    
      182, 8, 393
    
      76, 392, 204
    
      392, 76, 269
    
      76, 205, 269
    
      76, 442, 46
    
      76, 46, 205
    
      442, 268, 46
    
      442, 15, 268
    
      232, 15, 442
    
      268, 15, 518
    
      392, 153, 204
    
      205, 506, 269
    
      506, 507, 269
    
      115, 269, 507
    
      267, 392, 269
    
      267, 269, 115
    
      258, 46, 268
    
      0, 205, 46
    
      205, 0, 506
    
      487, 232, 355
    
      487, 355, 233
    
      412, 182, 393
    
      276, 63, 381
    
      63, 219, 381
    
      62, 381, 219
    
      62, 150, 381
    
      61, 313, 276
    
      276, 381, 492
    
      61, 125, 313
    
      381, 249, 492
    
      381, 150, 249
    
      382, 313, 125
    
      414, 249, 150
    
      382, 125, 124
    
      124, 125, 494
    
      125, 60, 494
    
      492, 220, 276
    
      220, 126, 276
    
      126, 61, 276
    
      218, 61, 126
    
      435, 61, 218
    
      492, 98, 220
    
      492, 249, 98
    
      98, 491, 220
    
      125, 61, 435
    
      340, 435, 218
    
      165, 340, 218
    
      378, 491, 98
    
      378, 98, 379
    
      60, 125, 435
    
      340, 165, 383
    
      216, 383, 165
    
      495, 60, 435
    
      60, 495, 494
    
      340, 123, 435
    
      123, 495, 435
    
      491, 378, 127
    
      380, 126, 220
    
      491, 380, 220
    
      218, 19, 165
    
      126, 192, 218
    
      380, 217, 126
    
      449, 218, 192
    
      218, 449, 19
    
      256, 192, 126
    
      256, 126, 217
    
      19, 449, 521
    
      19, 521, 21
    
      336, 217, 380
    
      407, 19, 21
    
      336, 380, 6
    
      336, 20, 217
    
      449, 192, 104
    
      521, 449, 104
    
      520, 521, 104
    
      521, 520, 21
    
      217, 450, 256
    
      20, 450, 217
    
      192, 406, 104
    
      192, 256, 451
    
      192, 23, 406
    
      491, 277, 380
    
      277, 491, 127
    
      380, 277, 179
    
      78, 51, 503
    
      117, 503, 51
    
      270, 78, 503
    
      52, 117, 51
    
      51, 317, 52
    
      78, 270, 366
    
      366, 332, 78
    
      332, 307, 78
    
      52, 310, 117
    
      211, 366, 270
    
      310, 334, 117
    
      117, 271, 503
    
      117, 334, 271
    
      51, 316, 317
    
      317, 342, 52
    
      316, 297, 317
    
      310, 52, 163
    
      52, 342, 295
    
      52, 295, 163
    
      295, 342, 303
    
      272, 334, 310
    
      310, 119, 272
    
      317, 300, 342
    
      300, 317, 297
    
      271, 334, 53
    
      97, 303, 342
    
      452, 310, 163
    
      310, 452, 119
    
      452, 387, 119
    
      119, 387, 272
    
      334, 272, 501
    
      353, 342, 300
    
      342, 353, 97
    
      294, 297, 316
    
      316, 539, 294
    
      473, 211, 270
    
      307, 332, 474
    
      332, 366, 368
    
      305, 332, 368
    
      366, 211, 477
    
      477, 368, 366
    
      474, 332, 305
    
      236, 477, 211
    
      473, 236, 211
    
      140, 368, 477
    
      473, 428, 236
    
      477, 236, 138
    
      138, 140, 477
    
      504, 270, 503
    
      369, 270, 504
    
      270, 369, 473
    
      503, 271, 47
    
      503, 101, 504
    
      503, 48, 101
    
      207, 503, 47
    
      48, 503, 207
    
      271, 274, 47
    
      454, 369, 504
    
      441, 454, 504
    
      428, 473, 369
    
      271, 53, 212
    
      454, 11, 369
    
      55, 47, 274
    
      274, 271, 212
    
      207, 47, 391
    
      212, 500, 274
    
      55, 274, 500
    
      49, 504, 101
    
      441, 504, 49
    
      48, 207, 162
    
      391, 162, 207
    
      188, 101, 48
    
      370, 428, 369
    
      370, 369, 11
    
      339, 307, 474
    
      539, 316, 526
    
      78, 114, 51
    
      78, 79, 114
    
      51, 114, 116
    
      79, 78, 307
    
      51, 50, 316
    
      116, 50, 51
    
      79, 307, 141
    
      116, 430, 50
    
      141, 307, 339
    
      50, 338, 316
    
      430, 116, 235
    
      316, 338, 526
    
      338, 50, 172
    
      430, 172, 50
    
      234, 235, 116
    
      79, 141, 41
    
      42, 234, 116
    
      253, 116, 114
    
      199, 114, 79
    
      79, 41, 199
    
      116, 29, 42
    
      29, 116, 326
    
      203, 114, 199
    
      116, 253, 107
    
      99, 253, 114
    
      116, 107, 326
    
      114, 331, 99
    
      41, 200, 199
    
      155, 114, 203
    
      100, 114, 155
    
      114, 100, 331
    
      326, 44, 29
    
      184, 200, 41
    
      184, 41, 508
    
      199, 200, 43
    
      43, 201, 199
    
      201, 266, 199
    
      203, 199, 395
    
      199, 266, 395
    
      513, 100, 155
    
      513, 331, 100
    
      155, 203, 14
    
      474, 83, 367
    
      367, 339, 474
    
      83, 474, 305
    
      339, 367, 475
    
      475, 141, 339
    
      25, 475, 367
    
      476, 141, 475
    
      476, 475, 25
    
      476, 41, 141
    
      508, 41, 476
    
      149, 290, 416
    
      458, 290, 149
    
      290, 289, 416
    
      290, 95, 289
    
      10, 289, 95
    
      372, 10, 95
    
      95, 357, 372
    
      412, 372, 357
    
      313, 382, 516
    
      497, 313, 516
    
      313, 497, 122
    
      189, 149, 460
    
      417, 460, 149
    
      460, 417, 459
    
      457, 460, 459
    
      148, 457, 459
    
      94, 148, 459
    
      429, 305, 368
    
      82, 429, 368
    
      140, 82, 368
    
      229, 529, 314
    
      252, 314, 529
    
      322, 229, 314
    
      229, 322, 493
    
      322, 314, 9
    
      9, 183, 322
    
      493, 322, 219
    
      322, 183, 296
    
      322, 296, 413
    
      219, 322, 309
    
      309, 322, 413
    
      309, 62, 219
    
      291, 74, 371
    
      8, 371, 74
    
      74, 291, 251
    
      371, 8, 182
    
      324, 427, 237
    
      427, 324, 260
    
      237, 427, 398
    
      324, 363, 260
    
      275, 124, 494
    
      124, 275, 496
    
      495, 275, 494
    
      496, 382, 124
    
      249, 180, 98
    
      249, 530, 180
    
      530, 249, 250
    
      414, 250, 249
    
      98, 180, 379
    
      135, 403, 239
    
      283, 239, 403
    
      239, 283, 472
    
      283, 85, 472
    
      283, 404, 85
    
      363, 85, 404
    
      363, 472, 85
    
      403, 135, 39
    
      72, 39, 135
    
      341, 488, 67
    
      67, 284, 341
    
      284, 67, 361
    
      518, 258, 268
    
      273, 272, 347
    
      387, 347, 272
    
      272, 273, 501
    
      480, 77, 478
    
      80, 139, 236
    
      139, 138, 236
    
      96, 295, 303
    
      479, 137, 171
    
      479, 171, 481
    
      480, 313, 122
    
      154, 99, 327
    
      99, 331, 327
    
      99, 154, 253
    
      513, 327, 331
    
      154, 446, 253
    
      446, 107, 253
    
      202, 107, 446
    
      202, 326, 107
    
      49, 101, 439
    
      439, 101, 524
    
      101, 152, 524
    
      101, 188, 152
    
      44, 32, 29
    
      29, 32, 31
    
      40, 29, 31
    
      92, 468, 359
    
      329, 163, 295
    
      329, 452, 163
    
      359, 328, 288
    
      328, 174, 288
    
      146, 174, 328
    
      146, 420, 174
    
      146, 328, 344
    
      420, 146, 344
    
      62, 181, 150
    
      414, 150, 181
    
      237, 142, 364
    
      84, 364, 142
    
      2, 286, 178
    
      285, 2, 178
    
      242, 285, 178
    
      178, 532, 242
    
      338, 172, 318
    
      118, 338, 318
    
      338, 118, 526
    
      236, 428, 281
    
      370, 281, 428
    
      401, 514, 194
    
      514, 84, 194
    
      47, 55, 424
    
      505, 47, 424
    
      505, 206, 47
    
      391, 47, 206
    
      46, 373, 0
    
      258, 373, 46
    
      371, 182, 357
    
      182, 412, 357
    
      312, 176, 419
    
      466, 419, 176
    
      463, 73, 422
    
      463, 175, 73
    
      25, 24, 476
    
      476, 24, 508
    
      508, 24, 246
    
      246, 397, 508
    
      94, 246, 148
    
      192, 451, 23
    
      257, 23, 451
    
      380, 519, 6
    
      179, 519, 380
    
      455, 529, 251
    
      529, 311, 251
    
      294, 300, 297
    
      235, 362, 187
    
      362, 235, 234
    
      234, 87, 362
    
      335, 312, 468
    
      506, 0, 394
    
      506, 394, 507
    
      507, 394, 115
    
      255, 303, 97
    
      208, 185, 454
    
      11, 454, 185
    
      185, 467, 11
    
      454, 441, 208
    
      165, 19, 215
    
      216, 165, 215
    
      407, 215, 19
    
      157, 127, 379
    
      127, 378, 379
    
      127, 157, 298
    
      127, 298, 277
    
      277, 298, 282
    
      179, 277, 282
    
      320, 372, 204
    
      393, 204, 372
    
      320, 204, 153
    
      372, 412, 393
    
      145, 144, 426
    
      145, 426, 425
    
      407, 522, 129
    
      499, 407, 129
    
      191, 520, 104
    
      406, 191, 104
    
      436, 295, 3
    
      538, 3, 295
    
      3, 538, 4
    
      96, 538, 295
    
      387, 452, 190
    
      319, 348, 300
    
      348, 353, 300
    
      451, 256, 450
    
      123, 340, 383
    
      430, 235, 187
    
      172, 430, 187
    
      187, 318, 172
    
      401, 30, 31
    
      31, 30, 40
    
      243, 286, 422
    
      53, 334, 330
    
      501, 330, 334
    
      489, 214, 376
    
      266, 201, 409
    
      409, 13, 266
    
      266, 13, 395
    
      377, 65, 221
    
      377, 386, 65
    
      48, 17, 188
    
      48, 162, 17
    
      29, 40, 42
    
      40, 87, 42
    
      234, 42, 87
    
      513, 155, 195
    
      14, 195, 155
    
      226, 15, 232
    
      226, 232, 431
    
      15, 226, 27
    
      518, 15, 27
    
      4, 538, 96
    
      535, 97, 353
    
      16, 535, 353
    
      21, 520, 522
    
      21, 522, 407
    
      490, 499, 129
    
      539, 526, 437
    
      45, 153, 392
    
      267, 45, 392
    
      391, 206, 540
    
      540, 162, 391
    
      200, 509, 160
    
      200, 160, 43
    
      397, 509, 200
    
      184, 397, 200
    
      20, 336, 6
    
      6, 450, 20
    
      487, 169, 232
    
      169, 431, 232
    
      225, 487, 233
    
      202, 44, 326
    
      509, 397, 246
    
      72, 226, 431
    
      203, 395, 254
    
      186, 254, 395
    
      14, 203, 254
    
      11, 292, 466
    
      467, 292, 11
    
      157, 301, 298
    
      397, 184, 508
    
      7, 531, 532
    
      16, 353, 348
    
      55, 144, 424
    
      179, 282, 7
    
      261, 400, 358
    
      64, 261, 358
    
      64, 358, 453
    
      64, 453, 189
    
      453, 358, 93
    
      189, 408, 64
    
      93, 18, 453
    
      189, 453, 18
    
      18, 93, 290
    
      189, 18, 458
    
      290, 458, 18
    
      189, 102, 408
    
      458, 149, 189
    
      189, 460, 102
    
      457, 408, 102
    
      457, 102, 460
    
      95, 290, 93
    
      455, 358, 400
    
      455, 315, 358
    
      315, 357, 358
    
      357, 93, 358
    
      371, 357, 315
    
      95, 93, 357
    
      315, 455, 291
    
      291, 371, 315
    
      455, 400, 350
    
      251, 291, 455
    
      252, 455, 350
    
      455, 252, 529
    
      400, 461, 350
    
      252, 350, 9
    
      314, 252, 9
    
      9, 350, 245
    
      461, 245, 350
    
      9, 245, 183
    
      461, 400, 147
    
      245, 461, 147
    
      261, 418, 400
    
      418, 261, 308
    
      196, 418, 308
    
      147, 400, 418
    
      245, 323, 183
    
      245, 418, 323
    
      418, 209, 323
    
      209, 418, 354
    
      245, 147, 418
    
      346, 323, 209
    
      390, 346, 209
    
      346, 390, 502
    
      502, 390, 209
    
      323, 346, 296
    
      323, 296, 183
    
      181, 502, 209
    
      209, 414, 181
    
      414, 209, 250
    
      413, 296, 346
    
      502, 181, 309
    
      413, 346, 309
    
      346, 502, 309
    
      62, 309, 181
    
      354, 530, 209
    
      250, 209, 530
    
      156, 418, 196
    
      418, 440, 354
    
      299, 418, 156
    
      37, 156, 196
    
      440, 418, 299
    
      299, 263, 440
    
      299, 156, 109
    
      263, 180, 440
    
      263, 379, 180
    
      530, 354, 440
    
      440, 180, 530
    
      36, 156, 37
    
      38, 156, 36
    
      264, 156, 38
    
      156, 264, 109
    
      299, 109, 110
    
      263, 157, 379
    
      35, 109, 264
    
      109, 35, 110
    
      263, 262, 157
    
      110, 158, 299
    
      110, 35, 158
    
      264, 512, 35
    
      35, 512, 158
    
      262, 301, 157
    
      111, 264, 38
    
      38, 36, 445
    
      337, 263, 299
    
      337, 262, 263
    
      158, 2, 299
    
      299, 2, 285
    
      337, 299, 285
    
      264, 197, 512
    
      2, 158, 287
    
      511, 111, 38
    
      38, 1, 511
    
      262, 337, 464
    
      262, 464, 301
    
      282, 301, 464
    
      301, 282, 298
    
      462, 38, 445
    
      1, 38, 462
    
      37, 444, 36
    
      34, 287, 158
    
      512, 34, 158
    
      421, 264, 111
    
      197, 264, 421
    
      421, 111, 511
    
      34, 512, 197
    
      36, 444, 399
    
      399, 462, 445
    
      445, 36, 399
    
      464, 337, 242
    
      285, 242, 337
    
      282, 464, 531
    
      282, 531, 7
    
      242, 532, 464
    
      532, 531, 464
    
      287, 286, 2
    
      244, 1, 462
    
      1, 244, 511
    
      463, 286, 287
    
      463, 287, 34
    
      34, 344, 463
    
      421, 344, 197
    
      34, 197, 344
    
      288, 421, 511
    
      288, 511, 244
    
      421, 420, 344
    
      462, 399, 91
    
      244, 462, 91
    
      288, 174, 421
    
      420, 421, 174
    
      463, 344, 175
    
      463, 422, 286
    
      175, 344, 328
    
      244, 359, 288
    
      92, 359, 244
    
      91, 399, 92
    
      244, 91, 92
    
      399, 444, 335
    
      176, 335, 444
    
      335, 468, 399
    
      92, 399, 468
    
      176, 312, 335
    
      325, 444, 37
    
      325, 176, 444
    
      176, 325, 466
    
      64, 433, 261
    
      261, 527, 308
    
      527, 261, 433
    
      429, 196, 308
    
      82, 196, 429
    
      408, 24, 64
    
      196, 80, 37
    
      196, 82, 139
    
      80, 196, 139
    
      37, 80, 325
    
      408, 457, 24
    
      24, 457, 148
    
      325, 80, 370
    
      281, 370, 80
    
      308, 81, 429
    
      148, 246, 24
    
      236, 281, 80
    
      138, 139, 82
    
      11, 325, 370
    
      325, 11, 466
    
      82, 140, 138
    
      527, 83, 308
    
      83, 81, 308
    
      25, 433, 64
    
      64, 24, 25
    
      25, 367, 433
    
      527, 367, 83
    
      367, 527, 433
    
      305, 429, 81
    
      81, 83, 305
    
      5, 293, 456
    
      128, 5, 456
    
      293, 5, 223
    
      67, 293, 223
    
      293, 67, 167
    
      131, 293, 167
    
      167, 67, 488
    
      167, 488, 131
    
      223, 5, 247
    
      67, 223, 361
    
      128, 210, 5
    
      128, 26, 210
    
      293, 131, 222
    
      223, 247, 177
    
      361, 223, 470
    
      241, 470, 223
    
      470, 241, 145
    
      376, 222, 131
    
      223, 177, 541
    
      223, 541, 241
    
      376, 214, 222
    
      214, 166, 222
    
      166, 214, 386
    
      131, 489, 376
    
      360, 470, 145
    
      360, 361, 470
    
      425, 360, 145
    
      524, 5, 210
    
      524, 247, 5
    
      439, 210, 26
    
      439, 524, 210
    
      241, 469, 145
    
      152, 177, 247
    
      247, 524, 152
    
      469, 424, 145
    
      241, 541, 540
    
      152, 188, 177
    
      188, 541, 177
    
      540, 206, 241
    
      241, 206, 469
    
      541, 188, 17
    
      49, 439, 26
    
      541, 17, 162
    
      206, 505, 469
    
      162, 540, 541
    
      145, 424, 144
    
      424, 469, 505
    
      377, 166, 386
    
      128, 456, 22
    
      293, 105, 456
    
      103, 105, 293
    
      222, 103, 293
    
      222, 221, 103
    
      103, 221, 130
    
      166, 221, 222
    
      130, 221, 490
    
      65, 490, 221
    
      166, 377, 221
    
      456, 257, 22
    
      105, 257, 456
    
      191, 105, 103
    
      522, 191, 103
    
      130, 522, 103
    
      451, 22, 257
    
      257, 105, 23
    
      522, 130, 129
    
      129, 130, 490
    
      105, 406, 23
    
      191, 406, 105
    
      22, 451, 415
    
      451, 450, 415
    
      522, 520, 191
    
      450, 6, 415
    
      26, 441, 49
    
      22, 415, 533
    
      533, 415, 6
    
      26, 208, 441
    
      128, 227, 26
    
      128, 22, 248
    
      227, 389, 26
    
      22, 533, 248
    
      227, 423, 389
    
      208, 26, 389
    
      227, 128, 228
    
      128, 248, 228
    
      90, 389, 423
    
      227, 465, 423
    
      6, 519, 533
    
      208, 389, 185
    
      90, 185, 389
    
      90, 467, 185
    
      465, 419, 423
    
      423, 419, 90
    
      419, 467, 90
    
      248, 533, 178
    
      533, 519, 178
    
      248, 484, 228
    
      465, 227, 468
    
      359, 468, 227
    
      243, 248, 178
    
      419, 465, 312
    
      468, 312, 465
    
      467, 419, 292
    
      484, 73, 228
    
      292, 419, 466
    
      228, 328, 227
    
      227, 328, 359
    
      484, 248, 422
    
      243, 422, 248
    
      228, 73, 328
    
      73, 484, 422
    
      532, 178, 519
    
      243, 178, 286
    
      73, 175, 328
    
      7, 532, 519
    
      179, 7, 519
    
      534, 151, 471
    
      33, 534, 471
    
      534, 356, 151
    
      471, 365, 33
    
      151, 356, 416
    
      471, 324, 365
    
      514, 33, 365
    
      416, 356, 149
    
      324, 237, 365
    
      149, 356, 417
    
      356, 94, 417
    
      459, 417, 94
    
      364, 365, 237
    
      514, 365, 84
    
      365, 364, 84
    
      238, 324, 471
    
      238, 363, 324
    
      356, 534, 108
    
      94, 356, 108
    
      33, 154, 534
    
      32, 33, 514
    
      409, 108, 534
    
      154, 327, 534
    
      327, 195, 534
    
      33, 32, 202
    
      202, 446, 33
    
      33, 446, 154
    
      108, 509, 94
    
      32, 514, 31
    
      254, 534, 195
    
      409, 534, 186
    
      254, 186, 534
    
      396, 108, 409
    
      160, 509, 108
    
      160, 108, 396
    
      31, 514, 401
    
      186, 13, 409
    
      513, 195, 327
    
      14, 254, 195
    
      409, 201, 396
    
      160, 396, 201
    
      32, 44, 202
    
      13, 186, 395
    
      201, 43, 160
    
      94, 509, 246
    
      472, 238, 471
    
      472, 363, 238
    
      151, 416, 411
    
      416, 289, 411
    
      471, 239, 472
    
      306, 471, 151
    
      373, 471, 306
    
      373, 239, 471
    
      306, 151, 161
    
      411, 320, 151
    
      486, 239, 373
    
      10, 320, 411
    
      45, 161, 151
    
      151, 320, 45
    
      373, 517, 486
    
      374, 239, 486
    
      289, 10, 411
    
      485, 374, 486
    
      135, 239, 374
    
      374, 485, 72
    
      72, 135, 374
    
      27, 486, 517
    
      27, 485, 486
    
      10, 372, 320
    
      161, 394, 306
    
      306, 0, 373
    
      0, 306, 394
    
      373, 258, 517
    
      517, 518, 27
    
      258, 518, 517
    
      226, 485, 27
    
      72, 485, 226
    
      394, 161, 115
    
      115, 161, 267
    
      161, 45, 267
    
      153, 45, 320
   
    
      0.0249799995422
      0.0465
      0.0176999969482
    
      -0.011279999733
      -0.0487999992371
      0.0375
    
      0.0201399993896
      -0.0485900001526
      0.0383000030518
    
      -0.0381500015259
      -0.0171900005341
      0.00110000610352
    
      -0.0381599998474
      -0.0159499998093
      0.001
    
      -0.02575
      -0.0547999992371
      0.0168000030518
    
      0.0287700004578
      -0.0509099998474
      0.0293999938965
    
      0.0277700004578
      -0.0495600013733
      0.0376999969482
    
      0.0260300006866
      0.0372799987793
      0.036
    
      0.0277000007629
      -0.00482000017166
      0.0368999938965
    
      0.0187999992371
      0.0452799987793
      0.0356999969482
    
      -0.0375699996948
      -0.0522799987793
      0.0365
    
      0.0124899997711
      0.0427099990845
      0.001
    
      -0.0401599998474
      0.0427799987793
      0.0278000030518
    
      -0.0403300018311
      0.0428400001526
      0.0251000061035
    
      0.0256000003815
      0.0448300018311
      0.004
    
      -0.0394300003052
      0.00132899999619
      0.00110000610352
    
      -0.0364799995422
      -0.0546199989319
      0.00960000610352
    
      0.000877399981022
      0.0424199981689
      0.0373000030518
    
      0.0294899997711
      -0.0493300018311
      0.00319999694824
    
      0.0289799995422
      -0.0509399986267
      0.0276999969482
    
      0.0292199993134
      -0.0507900009155
      0.00369999694824
    
      0.02475
      -0.0521100006104
      0.0255
    
      0.0284300003052
      -0.05175
      0.0155
    
      -0.0378300018311
      0.0394700012207
      0.0368000030518
    
      -0.0397200012207
      0.0333499984741
      0.0368999938965
    
      -0.0324399986267
      -0.0545499992371
      0.0258999938965
    
      0.0240300006866
      0.0455200004578
      0.00389999389648
    
      0.00875800037384
      0.0354599990845
      0.002
    
      -0.0407999992371
      0.0408800010681
      0.00330000305176
    
      -0.0391300010681
      0.0408800010681
      0.000600006103516
    
      -0.0390600013733
      0.0416800003052
      0.00180000305176
    
      -0.0389500007629
      0.0422000007629
      0.004
    
      -0.0329700012207
      0.0433400001526
      0.00819999694824
    
      0.00717000007629
      -0.0493300018311
      0.0383000030518
    
      0.0108199996948
      -0.0466399993896
      0.0383000030518
    
      -0.0246399993896
      -0.0456199989319
      0.0376000061035
    
      -0.0318199996948
      -0.0442000007629
      0.038
    
      -0.0157600002289
      -0.0462700004578
      0.0373000030518
    
      0.0215100002289
      0.0440800018311
      0.000899993896484
    
      -0.0401699981689
      0.0402900009155
      0.000699996948242
    
      -0.0410299987793
      0.0378699989319
      0.0358999938965
    
      -0.0409300003052
      0.0389700012207
      0.00130000305176
    
      -0.0405299987793
      0.0420699996948
      0.0333000030518
    
      -0.0404700012207
      0.0418699989319
      0.00739999389648
    
      0.0234899997711
      0.0459799995422
      0.0293999938965
    
      0.0254500007629
      0.0456100006104
      0.0126999969482
    
      -0.0372599983215
      -0.0527900009155
      0.00460000610352
    
      -0.0371399993896
      -0.0536199989319
      0.0118000030518
    
      -0.0368499984741
      -0.0542000007629
      0.0248999938965
    
      -0.0414399986267
      0.0285799999237
      0.0025
    
      -0.0412400016785
      0.0170300006866
      0.00830000305176
    
      -0.0390499992371
      -0.0166200008392
      0.003
    
      -0.0374000015259
      -0.04525
      0.00139999389648
    
      -0.0373100013733
      -0.0416699981689
      0.00119999694824
    
      -0.0368699989319
      -0.0525699996948
      0.00160000610352
    
      0.00761899995804
      -0.0517700004578
      0.00160000610352
    
      -0.0151899995804
      -0.0468499984741
      0.00160000610352
    
      -0.0158299999237
      -0.0523300018311
      0.00139999389648
    
      0.0277800006866
      -0.0417700004578
      0.0015
    
      0.0293099994659
      -0.0347799987793
      0.00210000610352
    
      0.0294899997711
      -0.0258400001526
      0.00530000305176
    
      0.0286200008392
      -0.014470000267
      0.0366999969482
    
      0.0290100002289
      -0.00733400011063
      0.0325
    
      -0.0290400009155
      0.0326199989319
      0.0376000061035
    
      0.0196299991608
      -0.0513499984741
      0.00169999694824
    
      -0.00327200007439
      -0.0520999984741
      0.0015
    
      -0.0128299999237
      -0.0534399986267
      0.00219999694824
    
      0.00678399991989
      0.0365999984741
      0.0015
    
      0.0239799995422
      0.0418400001526
      0.00119999694824
    
      0.00975199985504
      0.0409500007629
      0.00160000610352
    
      0.0194200000763
      0.0427099990845
      0.000800003051758
    
      0.0226399993896
      0.045
      0.00160000610352
    
      0.00409100008011
      -0.0510200004578
      0.0371000061035
    
      0.0264400005341
      0.0290799999237
      0.0358000030518
    
      0.0287099990845
      0.013779999733
      0.00469999694824
    
      0.0270599994659
      0.0379799995422
      0.0103000030518
    
      0.0276299991608
      0.0205599994659
      0.0025
    
      -0.0407900009155
      0.00119900000095
      0.0308999938965
    
      -0.0414500007629
      0.0301200008392
      0.0338000030518
    
      -0.0366599998474
      -0.0459599990845
      0.0375
    
      -0.0381699981689
      -0.0041360001564
      0.0368000030518
    
      -0.0378400001526
      -0.0300900001526
      0.0368999938965
    
      -0.0389700012207
      0.00382399988174
      0.0366000061035
    
      -0.0263600006104
      0.0425400009155
      0.000899993896484
    
      0.00865200042725
      0.0452799987793
      0.00110000610352
    
      -0.0383699989319
      0.0394300003052
      0.000399993896484
    
      -0.0404900016785
      0.0389300003052
      0.000699996948242
    
      -0.0273400001526
      0.0245599994659
      0.0005
    
      -0.0246800003052
      -0.00771999979019
      0.0
    
      -0.0348100013733
      -0.0528600006104
      0.0351999969482
    
      -0.0170900001526
      -0.0503899993896
      0.0373000030518
    
      -0.0171800003052
      -0.0509599990845
      0.0371000061035
    
      0.0182700004578
      0.0436100006104
      0.0375
    
      -0.0299099998474
      0.0426599998474
      0.0351999969482
    
      0.0182600002289
      0.0445800018311
      0.037
    
      -0.0376300010681
      -0.0126499996185
      0.00119999694824
    
      -0.0391100006104
      -0.00258200001717
      0.0015
    
      0.0282900009155
      -0.0382599983215
      0.0358999938965
    
      -0.0405200004578
      0.0417000007629
      0.0186999969482
    
      -0.0405499992371
      0.0412200012207
      0.022
    
      -0.0371899986267
      -0.0536399993896
      0.0173000030518
    
      -0.0225900001526
      0.0414000015259
      0.0368000030518
    
      0.0231399993896
      -0.0522400016785
      0.00680000305176
    
      0.0290400009155
      -0.0511199989319
      0.00880000305176
    
      0.0252999992371
      -0.0523400001526
      0.0126999969482
    
      0.0208199996948
      -0.0253799991608
      0.0015
    
      -0.0406699981689
      0.0414199981689
      0.0123000030518
    
      -0.0369599990845
      0.0426199989319
      0.033
    
      0.00879599952698
      -0.0446699981689
      0.0376000061035
    
      0.0133299999237
      -0.04625
      0.0381999969482
    
      -0.00451900005341
      -0.0478100013733
      0.0373999938965
    
      -0.0303099994659
      0.0402299995422
      0.000300003051758
    
      -0.0184699993134
      0.0421599998474
      0.0005
    
      -0.0413800010681
      0.03375
      0.0241999969482
    
      0.0251900005341
      0.0459599990845
      0.024
    
      -0.0415499992371
      0.0346599998474
      0.005
    
      -0.0387599983215
      -0.0292800006866
      0.00619999694824
    
      -0.04075
      0.02475
      0.00130000305176
    
      -0.0380200004578
      -0.0341199989319
      0.00180000305176
    
      0.0235
      -0.0488499984741
      0.00169999694824
    
      0.0242900009155
      -0.0372999992371
      0.0015
    
      0.0281200008392
      0.00363800001144
      0.00269999694824
    
      0.0289099998474
      -0.04
      0.00169999694824
    
      0.0290900001526
      -0.0265900001526
      0.00219999694824
    
      0.0292299995422
      -0.0281900005341
      0.0025
    
      0.0291900005341
      -0.0452200012207
      0.0203999938965
    
      0.0282099990845
      -0.0459300003052
      0.037
    
      -0.00289400005341
      -0.0533600006104
      0.0275
    
      0.0268799991608
      -0.0513300018311
      0.00210000610352
    
      0.0246100006104
      -0.0517299995422
      0.00289999389648
    
      0.00101699995995
      -0.0525999984741
      0.00210000610352
    
      0.00905099964142
      0.0372900009155
      0.00180000305176
    
      0.0113900003433
      0.0384300003052
      0.00189999389648
    
      0.000800499975681
      0.0367200012207
      0.00130000305176
    
      0.0184400005341
      0.0450499992371
      0.00160000610352
    
      0.0280100002289
      0.0272800006866
      0.0045
    
      0.02725
      0.0258299999237
      0.00260000610352
    
      -0.0380099983215
      -0.0362799987793
      0.0366999969482
    
      -0.0372299995422
      -0.0386100006104
      0.0371000061035
    
      -0.0384000015259
      -0.0307199993134
      0.0365
    
      -0.0412200012207
      0.0314099998474
      0.0358999938965
    
      -0.0231499996185
      0.0422900009155
      0.000600006103516
    
      -0.0380099983215
      0.0404900016785
      0.000399993896484
    
      -0.0354300003052
      -0.0532900009155
      0.0015
    
      -0.0326399993896
      -0.0537099990845
      0.00219999694824
    
      -0.00135899996758
      -0.0505400009155
      0.0378000030518
    
      0.0247099990845
      -0.00822399997711
      0.0378999938965
    
      -0.0327000007629
      0.0415
      0.0361999969482
    
      -0.0099329996109
      0.0434700012207
      0.036
    
      0.0283299999237
      -0.0222700004578
      0.0366999969482
    
      0.00548299980164
      0.0457400016785
      0.0296000061035
    
      -0.0360400009155
      -0.0548600006104
      0.0146999969482
    
      0.02525
      0.0457700004578
      0.0308999938965
    
      -0.0395
      0.0428600006104
      0.0166000061035
    
      -0.0403899993896
      0.0418699989319
      0.0238000030518
    
      -0.00728800010681
      -0.0383600006104
      0.0383000030518
    
      0.0266599998474
      -0.0457000007629
      0.0381000061035
    
      0.0136099996567
      -0.0472200012207
      0.0383000030518
    
      -0.0170599994659
      0.0394099998474
      0.000699996948242
    
      -0.0400400009155
      0.0422700004578
      0.0335
    
      0.0229699993134
      0.0464099998474
      0.0263000030518
    
      -0.0368400001526
      -0.0543100013733
      0.00869999694824
    
      -0.0383600006104
      -0.0248899993896
      0.00180000305176
    
      -0.0352000007629
      -0.0516699981689
      0.00119999694824
    
      0.0291700000763
      -0.0449300003052
      0.002
    
      0.0161700000763
      -0.0519599990845
      0.00230000305176
    
      -0.00637400007248
      -0.0531300010681
      0.00239999389648
    
      0.0245499992371
      0.0400499992371
      0.00219999694824
    
      0.0246100006104
      0.0433100013733
      0.00110000610352
    
      0.0273999996185
      0.03575
      0.00410000610352
    
      0.0268099994659
      0.0306900005341
      0.00289999389648
    
      -0.0412099990845
      0.0314899997711
      0.0015
    
      -0.0238199996948
      -0.0526100006104
      0.00139999389648
    
      -0.00251900005341
      -0.0504000015259
      0.0378000030518
    
      0.00261100006104
      -0.0506599998474
      0.0376000061035
    
      -0.0314599990845
      -0.0514399986267
      0.0368999938965
    
      -0.0337799987793
      -0.0547700004578
      0.0111999969482
    
      0.0220699996948
      -0.0500600013733
      0.0368999938965
    
      0.0286299991608
      -0.0492599983215
      0.0373000030518
    
      0.0272000007629
      -0.0357400016785
      0.0371000061035
    
      0.028
      -0.0194400005341
      0.0371000061035
    
      0.0255300006866
      0.0410400009155
      0.0365
    
      0.0277900009155
      -0.00787300014496
      0.0371000061035
    
      -0.0406399993896
      0.0406500015259
      0.0358999938965
    
      -0.0372099990845
      -0.0527799987793
      0.0351999969482
    
      -0.0395999984741
      0.0430400009155
      0.0271999969482
    
      -0.0398600006104
      0.0322000007629
      0.00119999694824
    
      -0.0364399986267
      -0.0546500015259
      0.0115
    
      -0.0141099996567
      0.0413100013733
      0.0371000061035
    
      -0.0367299995422
      -0.0290699996948
      0.00110000610352
    
      0.0282399997711
      -0.0518199996948
      0.00810000610352
    
      0.0291499996185
      -0.0506199989319
      0.0155
    
      0.0237700004578
      -0.000844099998474
      0.00169999694824
    
      -0.0307099990845
      0.0422299995422
      0.000800003051758
    
      -0.0393400001526
      0.04325
      0.0238000030518
    
      -0.0315400009155
      -0.0302800006866
      0.0376000061035
    
      0.00394199991226
      -0.0487900009155
      0.0381000061035
    
      0.0206800003052
      0.0268500003815
      0.002
    
      -0.0408800010681
      0.0404399986267
      0.032
    
      -0.0407599983215
      0.04125
      0.0351999969482
    
      -0.0403800010681
      0.0421800003052
      0.032
    
      -0.0400299987793
      0.0422700004578
      0.00960000610352
    
      -0.0404599990845
      0.0416800003052
      0.0266000061035
    
      0.0258400001526
      0.0441500015259
      0.031
    
      0.0256399993896
      0.0448400001526
      0.0168999938965
    
      -0.0364799995422
      -0.054
      0.00569999694824
    
      -0.0373199996948
      -0.0529700012207
      0.00930000305176
    
      -0.0370999984741
      -0.0530400009155
      0.0321999969482
    
      0.0265200004578
      -0.0214799995422
      0.0376999969482
    
      -0.0317700004578
      -0.0549300003052
      0.0211000061035
    
      -0.0387999992371
      -0.0352200012207
      0.0353000030518
    
      -0.0372400016785
      -0.0486199989319
      0.0015
    
      -0.0333300018311
      -0.0435999984741
      0.00110000610352
    
      0.0128299999237
      -0.0518899993896
      0.002
    
      0.0281800003052
      -0.048
      0.00160000610352
    
      0.0290300006866
      -0.0447200012207
      0.00169999694824
    
      0.0291200008392
      -0.0505
      0.0266999969482
    
      0.0294400005341
      -0.0447599983215
      0.005
    
      0.029
      -0.00932999992371
      0.0361000061035
    
      0.0289400005341
      -0.0387299995422
      0.0313999938965
    
      0.0207999992371
      -0.0518400001526
      0.00269999694824
    
      0.011220000267
      -0.0524000015259
      0.003
    
      -0.0210499992371
      -0.0540200004578
      0.005
    
      0.0060560002327
      0.0381599998474
      0.00160000610352
    
      0.0249899997711
      0.0421500015259
      0.00139999389648
    
      0.0247600002289
      0.0451199989319
      0.0025
    
      -0.0105600004196
      -0.0522400016785
      0.0346999969482
    
      0.00251300001144
      -0.0515299987793
      0.0358999938965
    
      0.0281399993896
      0.00400099992752
      0.0355
    
      0.0287800006866
      0.0035490000248
      0.0306999969482
    
      0.0272999992371
      0.0202099990845
      0.035
    
      0.0257000007629
      0.0434099998474
      0.00230000305176
    
      0.0258500003815
      0.0401500015259
      0.00260000610352
    
      -0.0410999984741
      0.0367799987793
      0.0015
    
      -0.0413199996948
      0.0343699989319
      0.0015
    
      -0.0380699996948
      -0.0399599990845
      0.0363999938965
    
      -0.0153999996185
      0.0431699981689
      0.001
    
      0.00623199987411
      0.0453899993896
      0.00189999389648
    
      0.0127299995422
      0.0456199989319
      0.00269999694824
    
      -0.0342299995422
      0.0362400016785
      0.000600006103516
    
      -0.0333100013733
      -0.0541899986267
      0.00569999694824
    
      0.0240100002289
      -0.0490699996948
      0.038
    
      0.0143100004196
      -0.0506300010681
      0.037
    
      -0.0105600004196
      -0.0499599990845
      0.0375
    
      0.0255799999237
      -0.00788999986649
      0.0376999969482
    
      -0.0379900016785
      0.0411699981689
      0.0363999938965
    
      -0.0332999992371
      -0.0549300003052
      0.0141000061035
    
      0.01125
      -0.0513499984741
      0.0348999938965
    
      0.0278999996185
      -0.0300400009155
      0.0363999938965
    
      0.0275200004578
      -0.02775
      0.0371000061035
    
      0.0265100002289
      0.0182800006866
      0.0366000061035
    
      0.0267299995422
      0.00218899989128
      0.037
    
      -0.0405900001526
      0.0409099998474
      0.0158999938965
    
      -0.0397999992371
      0.0432200012207
      0.026
    
      -0.0381899986267
      -0.00515899991989
      0.001
    
      0.0290300006866
      -0.0509700012207
      0.0236000061035
    
      0.02775
      -0.0522400016785
      0.0185
    
      0.0246900005341
      0.0460999984741
      0.00860000610352
    
      0.00521299982071
      0.0345499992371
      0.00180000305176
    
      0.000245600000024
      0.0441399993896
      0.001
    
      -0.0245200004578
      0.00851900005341
      0.0376999969482
    
      0.02575
      -0.0468400001526
      0.0383999938965
    
      0.0253999996185
      -0.0439399986267
      0.0383000030518
    
      0.00376900005341
      -0.0461899986267
      0.0376000061035
    
      -0.000319299995899
      0.0430400009155
      0.000800003051758
    
      -0.0404000015259
      0.0423400001526
      0.029
    
      0.0252000007629
      0.0460400009155
      0.0276000061035
    
      0.0253199996948
      0.0451100006104
      0.00680000305176
    
      0.0256900005341
      0.0448899993896
      0.0235
    
      -0.0390299987793
      -0.0363899993896
      0.0333999938965
    
      -0.0376199989319
      -0.0465200004578
      0.00369999694824
    
      -0.0377999992371
      -0.0374500007629
      0.00169999694824
    
      -0.0374099998474
      -0.0393199996948
      0.00130000305176
    
      -0.0372299995422
      -0.0507799987793
      0.00169999694824
    
      0.0286499996185
      -0.0296299991608
      0.00169999694824
    
      0.0294099998474
      -0.0076360001564
      0.0128000030518
    
      0.0288099994659
      -0.0480600013733
      0.0373000030518
    
      0.0275499992371
      0.0248700008392
      0.0308999938965
    
      0.0288199996948
      0.0185499992371
      0.0118000030518
    
      0.0240100002289
      0.0365499992371
      0.00260000610352
    
      -0.0376300010681
      -0.04625
      0.0368999938965
    
      0.0278299999237
      -0.0485200004578
      0.0385
    
      0.0101700000763
      0.0449300003052
      0.001
    
      -0.0174200000763
      -0.0532000007629
      0.00160000610352
    
      0.0229699993134
      -0.0485400009155
      0.0383999938965
    
      0.0153800001144
      -0.0499599990845
      0.0376000061035
    
      0.0141599998474
      -0.0488899993896
      0.0381999969482
    
      -0.0053189997673
      -0.0503100013733
      0.0375
    
      0.0111400003433
      0.04475
      0.0361999969482
    
      0.00736800003052
      0.0438300018311
      0.0368999938965
    
      0.0256399993896
      0.0238899993896
      0.0371000061035
    
      -0.0359099998474
      -0.0526300010681
      0.0363999938965
    
      -0.00433900022507
      -0.0535099983215
      0.00569999694824
    
      -0.0394799995422
      0.0117700004578
      0.00119999694824
    
      -0.0384799995422
      -0.0179200000763
      0.00160000610352
    
      0.0279599990845
      -0.00974600028992
      0.037
    
      -0.0403100013733
      0.0107700004578
      0.00219999694824
    
      0.0279200000763
      -0.0474399986267
      0.0385
    
      0.0194400005341
      -0.0434599990845
      0.0383000030518
    
      -0.0395200004578
      0.00493699979782
      0.00139999389648
    
      0.0271700000763
      -0.0475
      0.0386999969482
    
      -0.0359700012207
      -0.00439200019836
      0.00110000610352
    
      -0.0388400001526
      -0.00874499988556
      0.00160000610352
    
      0.0278400001526
      -0.0429099998474
      0.0015
    
      -0.0393199996948
      -0.00276900005341
      0.036
    
      0.0211499996185
      0.0466800003052
      0.0196999969482
    
      -0.0407099990845
      0.0170100002289
      0.0351000061035
    
      -0.0334799995422
      -0.00683900022507
      0.0371999969482
    
      0.0282000007629
      -0.0130399999619
      0.037
    
      -0.0381599998474
      -0.0325099983215
      0.0025
    
      0.0268700008392
      0.0196700000763
      0.0358999938965
    
      -0.02625
      -0.0517599983215
      0.0363000030518
    
      0.0288099994659
      -0.00173599994183
      0.0035
    
      0.0276900005341
      0.000556400001049
      0.0365
    
      0.0245799999237
      0.0331899986267
      0.0373999938965
    
      -0.0407599983215
      0.0181599998474
      0.002
    
      -0.0402599983215
      0.00629799985886
      0.00330000305176
    
      -0.0397299995422
      0.0279099998474
      0.00119999694824
    
      -0.0375299987793
      0.00514799976349
      0.001
    
      0.0222399997711
      0.0456399993896
      0.0323999938965
    
      0.0247000007629
      -0.0189200000763
      0.00160000610352
    
      0.0283999996185
      -0.0058220000267
      0.0366000061035
    
      0.0260900001526
      -0.014220000267
      0.0376999969482
    
      -0.000912699997425
      0.0447200012207
      0.00169999694824
    
      -0.0356199989319
      -0.0506800003052
      0.0376000061035
    
      -0.0407900009155
      0.0409099998474
      0.00910000610352
    
      -0.0396100006104
      0.0430099983215
      0.0203999938965
    
      -0.00140499997139
      -0.0508100013733
      0.0373000030518
    
      -0.0378100013733
      -0.0243700008392
      0.00110000610352
    
      -0.0371199989319
      -0.0435099983215
      0.00119999694824
    
      -0.0404900016785
      0.0416899986267
      0.0206000061035
    
      -0.0401899986267
      0.00249399995804
      0.035
    
      -0.0305900001526
      0.0417999992371
      0.000600006103516
    
      -0.0377099990845
      -0.0407000007629
      0.00189999389648
    
      -0.0280599994659
      -0.0510200004578
      0.0368999938965
    
      0.0290699996948
      -0.0504900016785
      0.0291999969482
    
      0.0239699993134
      -0.0479099998474
      0.0383000030518
    
      -0.0410999984741
      0.0272600002289
      0.00160000610352
    
      -0.0404099998474
      0.0202999992371
      0.036
    
      0.02925
      -0.0421399993896
      0.00210000610352
    
      -0.0124799995422
      -0.0529000015259
      0.00160000610352
    
      -0.0395800018311
      -0.00444799995422
      0.00260000610352
    
      0.0134799995422
      0.0351800003052
      0.002
    
      0.00193599998951
      -0.0502099990845
      0.0378999938965
    
      -0.0375299987793
      -0.0012840000391
      0.00110000610352
    
      0.0273899993896
      -0.0159200000763
      0.0373999938965
    
      -0.0374599990845
      -0.0354399986267
      0.00119999694824
    
      -0.0384300003052
      0.00185500001907
      0.00110000610352
    
      -0.000189300000668
      -0.0515200004578
      0.00160000610352
    
      0.0256499996185
      -0.0019659999609
      0.0376000061035
    
      0.00615399980545
      0.0302399997711
      0.00139999389648
    
      -0.00650299978256
      0.0337299995422
      0.001
    
      -0.0395200004578
      0.000751800000668
      0.00130000305176
    
      0.0249500007629
      -0.0300599994659
      0.0378999938965
    
      0.0267000007629
      0.0397999992371
      0.00369999694824
    
      -0.0184200000763
      0.0438400001526
      0.034
    
      0.0239400005341
      0.0430200004578
      0.0375
    
      0.015279999733
      0.0347599983215
      0.038
    
      -0.00935200023651
      -0.0509700012207
      0.0368999938965
    
      -0.0254200000763
      -0.0535499992371
      0.00169999694824
    
      -0.0202800006866
      -0.0536100006104
      0.00189999389648
    
      -0.0390400009155
      0.0355299987793
      0.00110000610352
    
      0.00662599992752
      0.0450299987793
      0.00119999694824
    
      -0.0226900005341
      0.0426699981689
      0.001
    
      -0.0203799991608
      0.0433300018311
      0.00189999389648
    
      -0.0395800018311
      -0.0166100006104
      0.0348999938965
    
      -0.0394799995422
      0.0178199996948
      0.0366000061035
    
      -0.039
      -0.0175300006866
      0.036
    
      -0.0382299995422
      -0.0495999984741
      0.0356000061035
    
      -0.0374799995422
      -0.0498600006104
      0.0373000030518
    
      0.0254300003052
      0.0349500007629
      0.0368000030518
    
      0.0244099998474
      0.0453699989319
      0.0358999938965
    
      0.0221800003052
      0.0465
      0.0125
    
      0.0191499996185
      0.0454300003052
      0.00239999389648
    
      -0.00503100013733
      0.0402999992371
      0.00119999694824
    
      0.00864799976349
      -0.0523800010681
      0.00219999694824
    
      0.0185300006866
      -0.0517900009155
      0.00210000610352
    
      0.0284200000763
      -0.0437799987793
      0.0361999969482
    
      0.0277299995422
      -0.0432599983215
      0.0368999938965
    
      0.0290300006866
      -0.0490200004578
      0.0336999969482
    
      0.0289099998474
      -0.0193999996185
      0.034
    
      0.0287600002289
      -0.0182600002289
      0.00230000305176
    
      0.0290300006866
      -0.0433400001526
      0.00169999694824
    
      -0.00877000045776
      -0.0518699989319
      0.0015
    
      0.0105500001907
      -0.0487700004578
      0.00160000610352
    
      0.0167900009155
      -0.0516800003052
      0.00180000305176
    
      -0.0377900009155
      -0.0336800003052
      0.00139999389648
    
      -0.0385099983215
      0.0180100002289
      0.001
    
      -0.0330900001526
      -0.0530400009155
      0.0328000030518
    
      0.0270699996948
      -0.0187999992371
      0.0376999969482
    
      -0.0369500007629
      -0.0536800003052
      0.00669999694824
    
      0.0257299995422
      0.0449399986267
      0.0273999938965
    
      0.0259400005341
      0.0430800018311
      0.0355
    
      0.0248700008392
      0.0463899993896
      0.021
    
      -0.0404700012207
      0.0424199981689
      0.0276999969482
    
      -0.0398499984741
      0.0424300003052
      0.0321999969482
    
      -0.0403600006104
      0.0415299987793
      0.0358000030518
    
      -0.01325
      0.0431800003052
      0.000800003051758
    
      -0.0246100006104
      -0.0497700004578
      0.0373999938965
    
      0.0204500007629
      -0.000897499978542
      0.0376999969482
    
      -0.0356399993896
      0.0414099998474
      0.000699996948242
    
      0.0139399995804
      0.0439500007629
      0.000899993896484
    
      0.013779999733
      0.0448300018311
      0.00119999694824
    
      0.00797800016403
      0.0445400009155
      0.000899993896484
    
      0.0108699998856
      0.0287999992371
      0.0015
    
      0.0286700000763
      -0.0515099983215
      0.0113000030518
    
      0.0287099990845
      -0.0506399993896
      0.00210000610352
    
      -0.02825
      0.0399599990845
      0.037
    
      -0.0397299995422
      0.0426599998474
      0.029
    
      -0.0367900009155
      -0.0411800003052
      0.00110000610352
    
      0.0120500001907
      0.0452799987793
      0.0346000061035
    
      0.0252800006866
      0.0439500007629
      0.0371000061035
    
      0.0281000003815
      -0.0103199996948
      0.037
    
      0.0278199996948
      -0.0255799999237
      0.037
    
      0.0282099990845
      -0.0513699989319
      0.0278000030518
    
      0.0028710000515
      0.0446399993896
      0.0355
    
      -0.0207099990845
      0.0431300010681
      0.0353000030518
    
      0.0150900001526
      -0.0223400001526
      0.038
    
      -0.0304300003052
      -0.0521500015259
      0.0361000061035
    
      -0.00112199997902
      -0.0502999992371
      0.038
    
      -0.00122000002861
      -0.0495800018311
      0.038
    
      0.0111800003052
      -0.0507000007629
      0.0373999938965
    
      -0.0272900009155
      -0.0525600013733
      0.035
    
      -0.0362599983215
      -0.0537799987793
      0.00230000305176
    
      -0.0296499996185
      -0.0533699989319
      0.0015
    
      -0.0323899993896
      -0.0531800003052
      0.0015
    
      -0.00571400022507
      0.0438400001526
      0.001
    
      -0.0378800010681
      -0.04625
      0.0366000061035
    
      -0.0378100013733
      -0.0161499996185
      0.037
    
      -0.0414700012207
      0.0327200012207
      0.00169999694824
    
      0.0244799995422
      0.0443400001526
      0.0015
    
      0.0205699996948
      0.0407299995422
      0.00189999389648
    
      -0.0378600006104
      0.0189300003052
      0.0371999969482
    
      0.0289699993134
      -0.00408799982071
      0.0355
    
      0.0293199996948
      -0.0368300018311
      0.00239999389648
    
      -0.0369500007629
      -0.0182999992371
      0.00119999694824
    
      -0.0401699981689
      0.0182600002289
      0.00110000610352
    
      -0.0361100006104
      0.0100100002289
      0.000899993896484
    
      -0.0361199989319
      -0.0548300018311
      0.0213000030518
    
      0.0246700000763
      -0.0357700004578
      0.0381999969482
    
      -0.0374399986267
      -0.0530999984741
      0.0303000030518
    
      0.0263500003815
      0.0427200012207
      0.00510000610352
    
      0.0226000003815
      0.0191200008392
      0.00180000305176
    
      -0.0302999992371
      -0.0494700012207
      0.0375
    
      -0.0219899997711
      -0.0476899986267
      0.0373999938965
    
      -0.0399700012207
      0.0426199989319
      0.0138999938965
    
      -0.00351200008392
      0.0276299991608
      0.00110000610352
    
      0.00687599992752
      0.0435699996948
      0.000899993896484
    
      0.0294200000763
      -0.0499199981689
      0.00830000305176
    
      0.0287299995422
      -0.0512400016785
      0.0266999969482
    
      0.0284200000763
      -0.0517099990845
      0.0233000030518
    
      -0.0379799995422
      -0.0298600006104
      0.00160000610352
    
      0.00179799997807
      0.0407999992371
      0.0375
    
      -0.0377200012207
      -0.0522799987793
      0.0343999938965
    
      0.0254899997711
      0.0120799999237
      0.0375
    
      0.0168600006104
      -0.0529500007629
      0.0178000030518
    
      -0.0267800006866
      0.0414799995422
      0.0366999969482
    
      -0.00662799978256
      0.0428899993896
      0.0368000030518
    
      -0.0255400009155
      0.0423400001526
      0.0361000061035
    
      -0.0209400005341
      0.0422999992371
      0.0363000030518
    
      0.0253099994659
      -0.00474900007248
      0.0378000030518
    
      -0.0150600004196
      -0.0491800003052
      0.0376000061035
    
      0.00915999984741
      -0.0501899986267
      0.0378999938965
    
      0.0255699996948
      -0.0489000015259
      0.0381000061035
    
      -0.0224799995422
      -0.0520900001526
      0.0358999938965
    
      -0.0351899986267
      -0.0520099983215
      0.0371999969482
    
      -0.0363300018311
      -0.0527999992371
      0.036
    
      -0.0214400005341
      -0.0517099990845
      0.0363999938965
    
      -0.0358800010681
      -0.0540999984741
      0.00360000610352
    
      -0.0252900009155
      -0.0538899993896
      0.0025
    
      0.00239299988747
      0.0456300010681
      0.00680000305176
    
      0.00855200004578
      0.0455999984741
      0.0015
    
      -0.0385600013733
      -0.0418699989319
      0.0355
    
      -0.0399799995422
      0.00755000019073
      0.0358000030518
    
      -0.0404700012207
      0.0295799999237
      0.0365
    
      -0.0405900001526
      0.0369399986267
      0.0368000030518
    
      -0.0386399993896
      -0.0306499996185
      0.0361000061035
    
      0.0282099990845
      0.0186900005341
      0.00339999389648
    
      0.0274699993134
      0.0305900001526
      0.0035
    
      0.0275599994659
      0.0135699996948
      0.00239999389648
    
      0.0269699993134
      0.0349399986267
      0.00330000305176
    
      0.0268299999237
      0.0379799995422
      0.00330000305176
    
      0.0267800006866
      0.0353300018311
      0.0308999938965
    
      0.00666800022125
      -0.0512400016785
      0.0366999969482
    
      0.0227299995422
      0.0454099998474
      0.00269999694824
    
      0.0180200004578
      0.04575
      0.0045
    
      0.0256000003815
      0.0419799995422
      0.00189999389648
    
      -0.00520900011063
      -0.0525999984741
      0.00180000305176
    
      0.00948700046539
      -0.0519199981689
      0.00169999694824
    
      0.0232299995422
      -0.0513800010681
      0.00189999389648
    
      0.02875
      -0.0446399993896
      0.0355
    
      0.0289200000763
      -0.0303400001526
      0.0321000061035
    
      0.0287700004578
      -0.00443499994278
      0.0361000061035
    
      0.0291399993896
      -0.0325900001526
      0.00189999389648
    
      0.0290300006866
      -0.0366899986267
      0.00169999694824
    
      0.0286900005341
      -0.0233600006104
      0.00189999389648
    
      0.0281599998474
      -0.000524900019169
      0.00260000610352
    
      0.0278899993896
      -0.0446699981689
      0.0015
    
      0.0264500007629
      -0.0507200012207
      0.00169999694824
    
      -0.0369799995422
      -0.0506399993896
      0.00130000305176
    
      -0.0375600013733
      -0.0411699981689
      0.00139999389648
    
      0.0272999992371
      -0.0182700004578
      0.0376000061035
    
      -0.0385900001526
      -0.0429300003052
      0.021
    
      -0.0382000007629
      -0.0510600013733
      0.0298999938965
    
      -0.0367299995422
      -0.0538699989319
      0.00360000610352
    
      0.0253899993896
      0.0457799987793
      0.0198000030518
    
      0.0252700004578
      0.0459900016785
      0.0216999969482
    
      -0.0403100013733
      0.0397000007629
      0.0366000061035
    
      -0.0390099983215
      0.0421699981689
      0.0351000061035
    
      -0.0119399995804
      0.0423800010681
      0.0005
    
      -0.00765899991989
      -0.0489799995422
      0.0375
    
      0.00867599964142
      -0.0474700012207
      0.0381000061035
    
      -0.0403199996948
      0.0426899986267
      0.0213999938965
    
      -0.0320299987793
      0.0424500007629
      0.00160000610352
    
      0.00549700021744
      0.0443699989319
      0.000899993896484
    
      0.0279500007629
      -0.00738000011444
      0.00210000610352
    
      0.0235599994659
      0.0459599990845
      0.00689999389648
    
      0.0249899997711
      0.0456100006104
      0.00569999694824
    
      0.0279899997711
      -0.0502599983215
      0.0351999969482
    
      0.0291100006104
      -0.0511199989319
      0.00580000305176
    
      0.0292900009155
      -0.0507000007629
      0.00639999389648
    
      0.0281399993896
      -0.0515800018311
      0.00389999389648
    
      -0.0360499992371
      -0.0212399997711
      0.00119999694824
    
      -0.0362400016785
      -0.0549099998474
      0.0175
    
      -0.0402000007629
      0.0218500003815
      0.00119999694824
    
      -0.0405699996948
      0.0211599998474
      0.00139999389648
    
      -0.0375900001526
      0.00852299976349
      0.0373000030518
    
      -0.0369799995422
      -0.0363199996948
      0.00110000610352
    
      0.0270900001526
      0.0118999996185
      0.0363000030518
    
      0.0270200004578
      -0.0310499992371
      0.0371999969482
    
      0.0269699993134
      -0.0491399993896
      0.0381000061035
    
      0.0259300003052
      -0.0498199996948
      0.0375
    
      0.0260100002289
      -0.0508800010681
      0.031
    
      -0.0323400001526
      0.044
      0.0241000061035
    
      -0.0392099990845
      0.000249300003052
      0.00110000610352
    
      -0.0367999992371
      -0.0481500015259
      0.00119999694824
    
      -0.0367700004578
      -0.01525
      0.00119999694824
    
      -0.0384000015259
      -0.0165400009155
      0.00139999389648
    
      -0.0404500007629
      0.0174300003052
      0.00139999389648
    
      -0.0362799987793
      -0.0545099983215
      0.00789999389648
    
      -0.03475
      -0.0545600013733
      0.0085
