
  
 
   
    
      111, 220, 201
    
      201, 220, 343
    
      12, 201, 343
    
      220, 501, 343
    
      13, 343, 501
    
      111, 334, 220
    
      47, 334, 111
    
      64, 501, 220
    
      334, 64, 220
    
      64, 334, 47
    
      47, 222, 64
    
      111, 201, 63
    
      111, 63, 73
    
      47, 111, 234
    
      522, 111, 73
    
      234, 111, 522
    
      234, 523, 47
    
      222, 47, 523
    
      523, 234, 117
    
      522, 403, 234
    
      185, 522, 73
    
      522, 185, 403
    
      234, 403, 117
    
      403, 116, 117
    
      116, 475, 117
    
      116, 403, 124
    
      475, 116, 124
    
      118, 124, 403
    
      185, 422, 403
    
      403, 422, 118
    
      186, 185, 73
    
      186, 422, 185
    
      50, 475, 124
    
      117, 475, 50
    
      64, 222, 298
    
      298, 222, 523
    
      117, 50, 183
    
      523, 117, 183
    
      501, 64, 262
    
      64, 298, 262
    
      262, 351, 501
    
      501, 351, 13
    
      183, 277, 523
    
      277, 298, 523
    
      351, 504, 13
    
      298, 18, 262
    
      298, 277, 406
    
      18, 298, 406
    
      381, 277, 183
    
      18, 381, 262
    
      381, 18, 406
    
      183, 50, 441
    
      441, 50, 471
    
      184, 381, 183
    
      441, 184, 183
    
      381, 169, 262
    
      262, 396, 351
    
      473, 381, 184
    
      473, 169, 381
    
      14, 351, 396
    
      351, 336, 504
    
      396, 262, 65
    
      351, 151, 336
    
      169, 65, 262
    
      351, 14, 151
    
      121, 65, 169
    
      121, 169, 473
    
      473, 184, 121
    
      414, 14, 396
    
      472, 184, 441
    
      184, 122, 121
    
      66, 414, 396
    
      66, 396, 65
    
      414, 66, 438
    
      357, 201, 12
    
      349, 63, 201
    
      201, 357, 349
    
      63, 287, 73
    
      73, 314, 186
    
      287, 347, 73
    
      73, 347, 314
    
      323, 287, 63
    
      63, 349, 323
    
      186, 314, 332
    
      357, 326, 349
    
      323, 349, 345
    
      345, 349, 326
    
      352, 347, 287
    
      305, 352, 287
    
      345, 305, 323
    
      287, 323, 305
    
      332, 314, 352
    
      347, 352, 314
    
      345, 326, 399
    
      305, 345, 219
    
      345, 399, 219
    
      352, 128, 332
    
      120, 352, 305
    
      352, 120, 128
    
      305, 544, 120
    
      544, 305, 219
    
      399, 505, 219
    
      544, 219, 150
    
      219, 505, 150
    
      505, 59, 150
    
      544, 150, 303
    
      17, 120, 544
    
      303, 17, 544
    
      120, 119, 128
    
      119, 120, 17
    
      59, 506, 150
    
      119, 127, 128
    
      303, 150, 456
    
      150, 506, 456
    
      17, 303, 502
    
      456, 502, 303
    
      442, 119, 17
    
      442, 17, 502
    
      442, 474, 119
    
      127, 119, 474
    
      422, 125, 197
    
      2, 197, 125
    
      125, 422, 186
    
      2, 125, 192
    
      197, 2, 278
    
      192, 278, 2
    
      338, 278, 192
    
      338, 448, 278
    
      192, 156, 338
    
      448, 338, 156
    
      365, 422, 197
    
      365, 197, 402
    
      278, 402, 197
    
      465, 402, 278
    
      448, 465, 278
    
      422, 365, 118
    
      402, 465, 307
    
      307, 465, 86
    
      365, 315, 118
    
      315, 235, 118
    
      402, 470, 365
    
      402, 307, 131
    
      402, 131, 163
    
      315, 365, 470
    
      470, 402, 163
    
      131, 307, 494
    
      494, 307, 86
    
      470, 235, 315
    
      124, 118, 235
    
      50, 235, 470
    
      235, 50, 124
    
      131, 494, 130
    
      163, 131, 521
    
      163, 521, 470
    
      521, 131, 130
    
      466, 50, 470
    
      191, 466, 470
    
      493, 130, 494
    
      521, 191, 470
    
      466, 471, 50
    
      521, 130, 464
    
      493, 464, 130
    
      521, 464, 517
    
      191, 521, 517
    
      317, 191, 517
    
      317, 466, 191
    
      464, 493, 134
    
      494, 427, 493
    
      125, 186, 187
    
      125, 333, 192
    
      187, 333, 125
    
      339, 192, 333
    
      339, 33, 192
    
      187, 186, 332
    
      333, 187, 401
    
      333, 429, 339
    
      421, 187, 332
    
      421, 401, 187
    
      51, 333, 401
    
      429, 333, 51
    
      51, 401, 375
    
      51, 375, 429
    
      375, 392, 429
    
      392, 375, 520
    
      401, 520, 375
    
      401, 421, 469
    
      469, 520, 401
    
      392, 520, 85
    
      332, 128, 421
    
      469, 421, 128
    
      128, 188, 469
    
      469, 188, 520
    
      188, 132, 520
    
      85, 520, 132
    
      85, 132, 84
    
      128, 126, 188
    
      188, 126, 132
    
      126, 52, 132
    
      132, 52, 84
    
      84, 52, 536
    
      126, 128, 127
    
      127, 420, 126
    
      52, 126, 420
    
      52, 440, 536
    
      519, 52, 420
    
      519, 440, 52
    
      4, 138, 356
    
      356, 327, 4
    
      327, 11, 4
    
      356, 138, 193
    
      138, 280, 193
    
      280, 138, 81
    
      81, 350, 280
    
      81, 138, 5
    
      138, 4, 285
    
      5, 138, 285
    
      81, 5, 344
    
      81, 82, 350
    
      5, 285, 344
    
      4, 239, 285
    
      285, 239, 344
    
      198, 239, 4
    
      198, 4, 144
    
      4, 11, 417
    
      56, 4, 417
    
      144, 4, 56
    
      149, 144, 56
    
      198, 144, 145
    
      144, 149, 145
    
      57, 149, 56
    
      82, 81, 26
    
      344, 383, 81
    
      81, 383, 207
    
      82, 380, 350
    
      207, 26, 81
    
      383, 344, 239
    
      497, 26, 207
    
      239, 198, 237
    
      359, 207, 383
    
      383, 239, 461
    
      239, 237, 461
    
      198, 145, 237
    
      359, 164, 207
    
      207, 164, 497
    
      383, 461, 54
    
      497, 164, 370
    
      383, 299, 359
    
      383, 54, 299
    
      461, 237, 319
    
      237, 238, 319
    
      237, 361, 238
    
      139, 461, 319
    
      513, 359, 299
    
      359, 513, 164
    
      319, 238, 384
    
      384, 139, 319
    
      80, 370, 164
    
      164, 513, 362
    
      280, 350, 462
    
      350, 223, 462
    
      462, 193, 280
    
      350, 380, 223
    
      356, 331, 327
    
      331, 356, 510
    
      356, 193, 372
    
      372, 510, 356
    
      510, 165, 331
    
      165, 510, 372
    
      372, 552, 165
    
      143, 331, 165
    
      143, 165, 552
    
      552, 363, 143
    
      552, 372, 363
    
      462, 223, 514
    
      514, 515, 462
    
      463, 372, 193
    
      462, 463, 193
    
      496, 514, 223
    
      553, 372, 463
    
      515, 463, 462
    
      143, 363, 553
    
      143, 553, 511
    
      511, 166, 143
    
      372, 553, 363
    
      515, 514, 137
    
      136, 463, 515
    
      136, 515, 137
    
      83, 514, 496
    
      137, 514, 83
    
      511, 553, 512
    
      516, 136, 137
    
      516, 137, 83
    
      554, 553, 463
    
      553, 554, 512
    
      554, 463, 419
    
      136, 419, 463
    
      537, 136, 516
    
      136, 537, 279
    
      136, 279, 419
    
      512, 554, 550
    
      83, 537, 516
    
      495, 537, 83
    
      76, 71, 371
    
      206, 76, 371
    
      290, 76, 206
    
      290, 82, 76
    
      290, 28, 82
    
      28, 290, 206
    
      82, 28, 380
    
      206, 380, 28
    
      265, 371, 71
    
      371, 340, 206
    
      206, 340, 380
    
      340, 320, 380
    
      380, 320, 223
    
      371, 72, 340
    
      371, 265, 72
    
      436, 340, 72
    
      340, 436, 320
    
      496, 320, 436
    
      320, 496, 223
    
      265, 48, 72
    
      436, 77, 496
    
      72, 77, 436
    
      247, 496, 77
    
      77, 72, 499
    
      29, 247, 77
    
      499, 543, 77
    
      29, 77, 498
    
      543, 394, 77
    
      394, 498, 77
    
      247, 29, 248
    
      83, 496, 247
    
      247, 495, 83
    
      76, 82, 26
    
      76, 20, 71
    
      76, 26, 27
    
      27, 20, 76
    
      152, 71, 20
    
      268, 27, 26
    
      75, 20, 27
    
      27, 268, 266
    
      266, 75, 27
    
      20, 75, 196
    
      288, 152, 20
    
      20, 196, 288
    
      152, 288, 245
    
      75, 306, 196
    
      306, 75, 266
    
      268, 267, 266
    
      306, 266, 335
    
      266, 267, 335
    
      205, 306, 335
    
      306, 368, 196
    
      306, 205, 368
    
      335, 373, 205
    
      204, 288, 196
    
      204, 196, 368
    
      267, 373, 335
    
      21, 245, 288
    
      245, 21, 304
    
      171, 205, 373
    
      171, 368, 205
    
      267, 268, 370
    
      313, 71, 524
    
      71, 313, 265
    
      265, 313, 48
    
      209, 48, 313
    
      71, 170, 524
    
      524, 170, 45
    
      152, 170, 71
    
      16, 45, 170
    
      152, 245, 170
    
      221, 170, 245
    
      325, 16, 170
    
      221, 325, 170
    
      360, 16, 325
    
      245, 304, 221
    
      221, 304, 337
    
      337, 325, 221
    
      360, 525, 16
    
      443, 525, 360
    
      113, 48, 209
    
      48, 113, 72
    
      72, 113, 479
    
      479, 113, 114
    
      72, 479, 499
    
      114, 112, 479
    
      479, 478, 499
    
      478, 479, 112
    
      478, 312, 499
    
      38, 295, 529
    
      38, 95, 295
    
      529, 295, 297
    
      529, 297, 366
    
      529, 366, 425
    
      38, 529, 376
    
      528, 376, 529
    
      425, 528, 529
    
      161, 425, 366
    
      524, 425, 161
    
      295, 330, 297
    
      297, 330, 366
    
      524, 161, 313
    
      209, 161, 366
    
      313, 161, 209
    
      273, 366, 330
    
      366, 273, 209
    
      376, 409, 38
    
      95, 38, 94
    
      38, 409, 94
    
      34, 95, 94
    
      95, 34, 33
    
      296, 94, 409
    
      34, 94, 292
    
      94, 296, 292
    
      296, 270, 292
    
      294, 292, 270
    
      295, 95, 251
    
      410, 330, 295
    
      95, 249, 251
    
      295, 251, 410
    
      524, 45, 425
    
      45, 481, 425
    
      425, 481, 528
    
      535, 251, 249
    
      376, 528, 328
    
      328, 528, 481
    
      45, 525, 481
    
      525, 45, 16
    
      410, 531, 330
    
      330, 531, 273
    
      251, 37, 410
    
      37, 251, 535
    
      531, 410, 226
    
      423, 209, 273
    
      226, 530, 531
    
      531, 530, 158
    
      37, 535, 93
    
      37, 532, 410
    
      226, 410, 532
    
      209, 423, 113
    
      532, 369, 226
    
      530, 226, 369
    
      530, 369, 158
    
      107, 423, 273
    
      273, 531, 107
    
      93, 391, 37
    
      107, 531, 408
    
      408, 369, 532
    
      531, 158, 408
    
      158, 369, 408
    
      93, 176, 391
    
      37, 391, 487
    
      37, 487, 532
    
      532, 100, 408
    
      100, 532, 487
    
      107, 114, 423
    
      114, 113, 423
    
      41, 408, 100
    
      114, 107, 40
    
      107, 408, 40
    
      40, 408, 41
    
      90, 100, 487
    
      487, 391, 91
    
      91, 90, 487
    
      100, 36, 41
    
      100, 90, 36
    
      114, 40, 106
    
      114, 106, 112
    
      89, 90, 91
    
      36, 90, 89
    
      488, 40, 41
    
      36, 39, 41
    
      39, 488, 41
    
      481, 324, 108
    
      210, 108, 324
    
      255, 210, 324
    
      255, 324, 407
    
      255, 407, 545
    
      255, 545, 276
    
      454, 276, 545
    
      545, 360, 454
    
      360, 545, 443
    
      454, 360, 325
    
      454, 15, 276
    
      454, 337, 15
    
      325, 337, 454
    
      337, 70, 15
    
      70, 337, 264
    
      264, 337, 304
    
      70, 264, 500
    
      264, 304, 21
    
      203, 264, 21
    
      412, 203, 21
    
      21, 288, 412
    
      204, 412, 288
    
      68, 477, 437
    
      289, 68, 437
    
      437, 24, 289
    
      66, 65, 129
    
      65, 121, 129
    
      364, 507, 284
    
      491, 208, 97
    
      269, 456, 428
    
      269, 348, 456
    
      502, 456, 348
    
      428, 456, 503
    
      503, 456, 506
    
      502, 348, 88
    
      442, 502, 88
    
      88, 87, 442
    
      474, 442, 87
    
      282, 194, 281
    
      194, 384, 281
    
      194, 139, 384
    
      282, 281, 195
    
      238, 281, 384
    
      139, 194, 299
    
      459, 195, 281
    
      195, 459, 418
    
      281, 238, 459
    
      459, 238, 361
    
      374, 418, 459
    
      374, 146, 418
    
      361, 374, 459
    
      513, 299, 194
    
      513, 194, 55
    
      362, 513, 55
    
      428, 218, 269
    
      428, 246, 218
    
      246, 428, 503
    
      246, 503, 215
    
      218, 246, 240
    
      246, 215, 240
    
      3, 218, 240
    
      3, 240, 258
    
      240, 550, 258
    
      382, 257, 393
    
      224, 393, 257
    
      174, 224, 257
    
      224, 174, 430
    
      430, 173, 224
    
      361, 261, 374
    
      508, 374, 261
    
      260, 508, 261
    
      42, 252, 160
    
      44, 160, 252
    
      42, 105, 252
    
      433, 171, 432
    
      373, 432, 171
    
      172, 433, 432
    
      498, 555, 29
    
      29, 555, 248
    
      556, 248, 555
    
      518, 440, 519
    
      3, 419, 148
    
      554, 419, 3
    
      148, 419, 279
    
      258, 554, 3
    
      258, 550, 554
    
      409, 376, 227
    
      486, 227, 376
    
      227, 486, 271
    
      409, 227, 311
    
      227, 103, 311
    
      8, 416, 547
    
      167, 302, 336
    
      336, 202, 167
    
      167, 202, 168
    
      414, 168, 202
    
      12, 417, 11
    
      11, 357, 12
    
      357, 11, 327
    
      327, 326, 357
    
      331, 326, 327
    
      331, 399, 326
    
      216, 399, 331
    
      216, 331, 143
    
      216, 143, 166
    
      166, 399, 216
    
      505, 399, 166
    
      505, 166, 59
    
      60, 59, 166
    
      60, 166, 512
    
      511, 512, 166
    
      550, 60, 512
    
      550, 215, 60
    
      60, 215, 503
    
      506, 59, 60
    
      503, 506, 60
    
      249, 95, 33
    
      249, 33, 339
    
      429, 249, 339
    
      429, 392, 249
    
      249, 392, 535
    
      535, 392, 449
    
      392, 85, 449
    
      92, 535, 449
    
      92, 93, 535
    
      85, 92, 449
    
      92, 85, 84
    
      176, 93, 92
    
      536, 92, 84
    
      536, 391, 92
    
      391, 536, 91
    
      91, 536, 179
    
      179, 536, 440
    
      232, 467, 1
    
      467, 0, 1
    
      0, 546, 1
    
      0, 467, 189
    
      467, 190, 189
    
      129, 1, 546
    
      190, 439, 189
    
      66, 129, 546
    
      190, 551, 439
    
      551, 190, 382
    
      66, 546, 438
    
      232, 1, 541
    
      541, 1, 309
    
      309, 1, 10
    
      232, 541, 231
    
      35, 309, 10
    
      231, 541, 46
    
      309, 35, 225
    
      447, 225, 35
    
      46, 477, 231
    
      225, 447, 308
    
      541, 309, 43
    
      43, 181, 541
    
      181, 46, 541
    
      225, 178, 309
    
      177, 309, 178
    
      388, 177, 178
    
      483, 43, 309
    
      177, 483, 309
    
      526, 181, 43
    
      483, 42, 43
    
      43, 42, 526
    
      483, 177, 387
    
      482, 387, 177
    
      42, 483, 105
    
      387, 105, 483
    
      546, 0, 398
    
      189, 439, 547
    
      546, 398, 438
    
      0, 189, 236
    
      7, 236, 189
    
      398, 0, 62
    
      0, 236, 62
    
      547, 416, 189
    
      416, 7, 189
    
      236, 397, 62
    
      231, 68, 232
    
      68, 231, 477
    
      190, 467, 257
    
      232, 68, 154
    
      190, 257, 382
    
      154, 68, 289
    
      467, 232, 451
    
      232, 378, 451
    
      232, 154, 378
    
      467, 174, 257
    
      154, 289, 411
    
      430, 174, 467
    
      451, 378, 78
    
      538, 467, 451
    
      538, 430, 467
    
      78, 378, 154
    
      78, 154, 411
    
      538, 539, 430
    
      78, 435, 451
    
      214, 10, 1
    
      129, 123, 1
    
      35, 10, 214
    
      214, 534, 35
    
      129, 122, 123
    
      121, 122, 129
    
      123, 122, 472
    
      49, 1, 123
    
      53, 214, 1
    
      53, 1, 213
    
      1, 49, 213
    
      214, 53, 133
    
      134, 214, 133
    
      472, 49, 123
    
      385, 53, 213
    
      133, 53, 517
    
      53, 385, 517
    
      455, 417, 12
    
      455, 12, 343
    
      417, 455, 259
    
      259, 455, 241
    
      241, 455, 457
    
      217, 455, 343
    
      457, 455, 342
    
      455, 217, 342
    
      241, 509, 259
    
      259, 56, 417
    
      259, 57, 56
    
      241, 329, 509
    
      329, 241, 457
    
      200, 457, 342
    
      342, 61, 200
    
      329, 457, 200
    
      61, 342, 217
    
      509, 260, 259
    
      57, 259, 260
    
      329, 200, 458
    
      458, 509, 329
    
      509, 458, 508
    
      509, 508, 260
    
      200, 61, 367
    
      58, 200, 367
    
      58, 458, 200
    
      458, 58, 549
    
      458, 549, 146
    
      146, 508, 458
    
      146, 549, 199
    
      199, 549, 147
    
      364, 58, 367
    
      58, 140, 549
    
      549, 140, 147
    
      58, 364, 140
    
      6, 147, 140
    
      367, 242, 364
    
      415, 364, 242
    
      547, 415, 242
    
      301, 364, 415
    
      415, 547, 301
    
      141, 199, 147
    
      147, 6, 141
    
      283, 141, 6
    
      6, 140, 283
    
      301, 507, 364
    
      218, 148, 405
    
      142, 405, 148
    
      142, 243, 405
    
      148, 218, 3
    
      148, 291, 142
    
      291, 148, 279
    
      291, 453, 142
    
      453, 291, 495
    
      495, 291, 537
    
      142, 555, 243
    
      555, 542, 243
    
      218, 405, 269
    
      453, 556, 142
    
      556, 555, 142
    
      453, 495, 248
    
      556, 453, 248
    
      542, 555, 498
    
      243, 542, 394
    
      87, 269, 405
    
      253, 87, 405
    
      405, 468, 253
    
      87, 88, 269
    
      88, 348, 269
    
      254, 87, 253
    
      254, 30, 87
    
      87, 30, 474
    
      254, 253, 316
    
      253, 468, 316
    
      316, 379, 254
    
      30, 254, 379
    
      30, 379, 474
    
      316, 420, 379
    
      468, 405, 274
    
      518, 468, 274
    
      518, 519, 468
    
      440, 518, 274
    
      243, 394, 22
    
      405, 243, 286
    
      243, 22, 286
    
      274, 182, 440
    
      312, 286, 22
    
      179, 440, 182
    
      175, 274, 405
    
      286, 318, 405
    
      175, 182, 274
    
      179, 182, 175
    
      312, 358, 286
    
      175, 405, 310
    
      318, 212, 405
    
      310, 405, 212
    
      318, 286, 135
    
      318, 275, 212
    
      318, 135, 275
    
      358, 135, 286
    
      156, 192, 33
    
      156, 33, 34
    
      34, 448, 156
    
      448, 34, 465
    
      250, 465, 34
    
      250, 34, 292
    
      465, 250, 86
    
      292, 294, 250
    
      294, 293, 250
    
      86, 250, 293
    
      294, 208, 293
    
      97, 208, 294
    
      208, 494, 293
    
      293, 494, 86
    
      390, 494, 208
    
      427, 494, 390
    
      490, 427, 390
    
      99, 427, 490
    
      427, 99, 534
    
      427, 534, 493
    
      493, 534, 134
    
      534, 99, 447
    
      390, 491, 490
    
      491, 390, 208
    
      490, 533, 99
    
      533, 447, 99
    
      533, 490, 489
    
      491, 98, 490
    
      492, 98, 491
    
      98, 353, 490
    
      491, 296, 492
    
      490, 353, 489
    
      308, 533, 489
    
      489, 353, 377
    
      489, 377, 308
    
      178, 308, 377
    
      296, 409, 492
    
      98, 492, 103
    
      492, 311, 103
    
      178, 377, 180
    
      98, 103, 157
    
      353, 98, 157
    
      157, 377, 353
    
      228, 377, 157
    
      180, 377, 228
    
      106, 40, 488
    
      488, 275, 106
    
      135, 106, 275
    
      106, 135, 112
    
      358, 112, 135
    
      112, 358, 478
    
      213, 466, 317
    
      385, 213, 317
    
      385, 317, 517
    
      296, 491, 96
    
      96, 270, 296
    
      491, 97, 96
    
      96, 97, 294
    
      270, 96, 294
    
      379, 420, 127
    
      379, 127, 474
    
      471, 466, 213
    
      471, 213, 441
    
      213, 49, 441
    
      441, 49, 472
    
      92, 391, 176
    
      533, 308, 447
    
      432, 373, 431
    
      310, 36, 175
    
      36, 89, 175
    
      175, 89, 91
    
      36, 310, 39
    
      39, 310, 212
    
      488, 39, 212
    
      460, 282, 141
    
      282, 346, 141
    
      199, 141, 346
    
      460, 141, 284
    
      284, 141, 283
    
      284, 382, 460
    
      551, 382, 284
    
      400, 551, 284
    
      507, 400, 284
    
      199, 346, 418
    
      418, 146, 199
    
      195, 346, 282
    
      346, 195, 418
    
      282, 460, 31
    
      55, 282, 31
    
      460, 382, 393
    
      31, 460, 393
    
      23, 79, 153
    
      23, 153, 67
    
      67, 153, 263
    
      301, 547, 439
    
      439, 400, 301
    
      400, 507, 301
    
      551, 400, 439
    
      450, 538, 451
    
      450, 451, 435
    
      230, 376, 328
    
      376, 230, 101
    
      101, 230, 322
    
      446, 322, 230
    
      101, 322, 486
    
      230, 328, 108
    
      446, 230, 108
    
      145, 261, 237
    
      361, 237, 261
    
      261, 145, 149
    
      260, 261, 149
    
      149, 57, 260
    
      26, 497, 268
    
      497, 370, 268
    
      181, 386, 46
    
      386, 181, 110
    
      499, 312, 543
    
      22, 543, 312
    
      543, 22, 394
    
      74, 368, 171
    
      368, 74, 204
    
      412, 204, 74
    
      9, 242, 367
    
      242, 9, 548
    
      8, 242, 548
    
      464, 133, 517
    
      134, 133, 464
    
      177, 388, 228
    
      388, 180, 228
    
      91, 179, 175
    
      140, 364, 283
    
      284, 283, 364
    
      534, 447, 35
    
      275, 488, 212
    
      168, 438, 398
    
      168, 414, 438
    
      302, 168, 398
    
      168, 302, 167
    
      62, 302, 398
    
      343, 13, 217
    
      13, 61, 217
    
      279, 537, 291
    
      151, 414, 336
    
      14, 414, 151
    
      324, 481, 525
    
      242, 8, 547
    
      267, 370, 431
    
      370, 80, 431
    
      172, 432, 431
    
      461, 139, 54
    
      54, 139, 299
    
      194, 282, 55
    
      110, 181, 526
    
      434, 80, 362
    
      80, 434, 172
    
      397, 7, 416
    
      7, 397, 236
    
      492, 409, 311
    
      550, 240, 215
    
      526, 42, 160
    
      267, 431, 373
    
      228, 482, 177
    
      482, 228, 229
    
      387, 482, 229
    
      374, 508, 146
    
      122, 184, 472
    
      312, 478, 358
    
      24, 411, 289
    
      172, 431, 80
    
      308, 178, 225
    
      15, 115, 276
    
      115, 476, 276
    
      162, 276, 476
    
      476, 115, 233
    
      46, 162, 476
    
      477, 46, 476
    
      233, 477, 476
    
      477, 233, 437
    
      115, 15, 69
    
      69, 256, 115
    
      115, 263, 233
    
      233, 263, 437
    
      276, 162, 109
    
      109, 211, 276
    
      162, 46, 386
    
      211, 255, 276
    
      70, 69, 15
    
      255, 211, 210
    
      211, 355, 210
    
      424, 211, 109
    
      109, 162, 341
    
      211, 424, 355
    
      109, 341, 424
    
      162, 386, 341
    
      110, 341, 386
    
      159, 355, 424
    
      210, 355, 159
    
      341, 110, 526
    
      159, 108, 210
    
      108, 159, 480
    
      445, 159, 424
    
      424, 341, 445
    
      354, 263, 115
    
      256, 354, 115
    
      256, 69, 404
    
      404, 354, 256
    
      69, 70, 500
    
      263, 24, 437
    
      413, 404, 69
    
      500, 413, 69
    
      354, 67, 263
    
      413, 500, 264
    
      413, 244, 404
    
      413, 203, 244
    
      244, 354, 404
    
      23, 354, 244
    
      264, 203, 413
    
      153, 24, 263
    
      354, 23, 67
    
      411, 24, 153
    
      244, 19, 23
    
      411, 153, 78
    
      203, 395, 244
    
      412, 395, 203
    
      74, 395, 412
    
      19, 244, 395
    
      19, 395, 79
    
      78, 153, 79
    
      19, 79, 23
    
      202, 336, 414
    
      328, 481, 108
    
      534, 214, 134
    
      247, 248, 495
    
      468, 519, 420
    
      468, 420, 316
    
      435, 78, 79
    
      272, 527, 252
    
      362, 80, 164
    
      525, 443, 324
    
      443, 407, 324
    
      277, 381, 406
    
      545, 407, 443
    
      101, 486, 376
    
      498, 394, 542
    
      173, 430, 452
    
      178, 180, 388
    
      395, 155, 450
    
      540, 155, 395
    
      395, 74, 540
    
      450, 79, 395
    
      74, 171, 540
    
      540, 433, 155
    
      540, 171, 433
    
      79, 450, 435
    
      25, 450, 155
    
      25, 538, 450
    
      25, 155, 32
    
      433, 32, 155
    
      538, 25, 452
    
      172, 32, 433
    
      452, 539, 538
    
      539, 452, 430
    
      172, 434, 32
    
      25, 321, 452
    
      300, 321, 25
    
      25, 32, 300
    
      300, 32, 434
    
      321, 173, 452
    
      434, 362, 300
    
      173, 321, 224
    
      321, 300, 31
    
      31, 393, 321
    
      55, 31, 300
    
      300, 362, 55
    
      393, 224, 321
    
      504, 367, 61
    
      504, 9, 367
    
      9, 504, 548
    
      504, 336, 548
    
      13, 504, 61
    
      548, 336, 397
    
      416, 548, 397
    
      397, 336, 302
    
      416, 8, 548
    
      302, 62, 397
    
      159, 445, 485
    
      485, 445, 104
    
      484, 159, 485
    
      485, 389, 484
    
      480, 159, 484
    
      322, 484, 389
    
      389, 102, 322
    
      102, 271, 322
    
      446, 480, 484
    
      484, 322, 446
    
      271, 486, 322
    
      104, 445, 444
    
      445, 44, 444
    
      44, 252, 444
    
      252, 527, 444
    
      44, 445, 341
    
      44, 341, 160
    
      526, 160, 341
    
      480, 446, 108
    
      272, 104, 444
    
      527, 272, 444
    
      104, 157, 485
    
      157, 426, 485
    
      104, 272, 157
    
      272, 228, 157
    
      389, 485, 426
    
      426, 157, 103
    
      227, 426, 103
    
      426, 227, 271
    
      272, 229, 228
    
      272, 252, 229
    
      271, 102, 426
    
      252, 387, 229
    
      105, 387, 252
    
      102, 389, 426
   
    
      0.0195900001526
      -0.02225
      0.118999984741
    
      0.0164599990845
      0.007007999897
      0.118800003052
    
      0.0092469997406
      0.0276599998474
      0.0831999969482
    
      0.00181200003624
      -0.0310499992371
      0.002
    
      0.00874800014496
      -0.0364300003052
      0.0804000091553
    
      -0.00491699981689
      -0.0393100013733
      0.0844000091553
    
      0.00373200011253
      -0.0385499992371
      0.113400009155
    
      0.0182199993134
      -0.0281399993896
      0.118599990845
    
      0.0158599996567
      -0.0308799991608
      0.117900009155
    
      0.0174200000763
      -0.0303999996185
      0.116699996948
    
      -0.000611100018024
      0.0255599994659
      0.118699996948
    
      0.0191000003815
      -0.0291200008392
      0.0730999908447
    
      0.0227099990845
      -0.0264699993134
      0.0804999847412
    
      0.0245100002289
      -0.0241399993896
      0.107199996948
    
      0.0277700004578
      -0.0167999992371
      0.117300003052
    
      -0.0401300010681
      -0.00678999996185
      0.105800003052
    
      -0.0393199996948
      -0.002617000103
      0.102300003052
    
      0.0257000007629
      -0.00492399978638
      0.00809999084473
    
      0.0305300006866
      -0.00409000015259
      0.115300003052
    
      -0.0365900001526
      -0.0196299991608
      0.115900009155
    
      -0.0356500015259
      -0.0206000003815
      0.0994000091553
    
      -0.0377599983215
      -0.0152899999619
      0.104199996948
    
      -0.0308799991608
      -0.0141099996567
      0.002
    
      -0.0373600006104
      -0.0170799999237
      0.117099990845
    
      -0.0382000007629
      -0.0131899995804
      0.117999984741
    
      -0.0226599998474
      -0.0347599983215
      0.113900009155
    
      -0.0246200008392
      -0.0328600006104
      0.0941999969482
    
      -0.0307700004578
      -0.0273700008392
      0.0980999908447
    
      -0.0271800003052
      -0.0276000003815
      0.0638999938965
    
      -0.0249500007629
      -0.0245900001526
      0.00289999389648
    
      0.0199200000763
      0.00688000011444
      0.002
    
      -0.0138500003815
      -0.0383199996948
      0.114199996948
    
      -0.0213999996185
      -0.0359300003052
      0.106199996948
    
      -0.00122699999809
      0.0294099998474
      0.0724000091553
    
      -0.00486100006104
      0.0300499992371
      0.0968000030518
    
      -0.00607399988174
      0.0286499996185
      0.118599990845
    
      -0.0169699993134
      0.0202600002289
      0.00359999084473
    
      -0.0118299999237
      0.0245100002289
      0.0246999969482
    
      -0.0198600006104
      0.0253099994659
      0.0838000030518
    
      -0.0216800003052
      0.0167700004578
      0.00239999389648
    
      -0.0297000007629
      0.0104099998474
      0.00530000305176
    
      -0.0244699993134
      0.0164200000763
      0.00559999084473
    
      -0.0303500003815
      0.0177399997711
      0.118400009155
    
      -0.0313199996948
      0.0147899999619
      0.118900009155
    
      -0.0318600006104
      0.017
      0.117800003052
    
      -0.0390499992371
      0.00139900004864
      0.0959999847412
    
      -0.0380099983215
      0.00394099998474
      0.118400009155
    
      0.0302700004578
      -0.00297600007057
      0.103300003052
    
      -0.0366199989319
      -0.00742500019073
      0.036
    
      0.0265
      0.00780000019073
      0.118499984741
    
      0.0253500003815
      0.0129899997711
      0.110599990845
    
      0.00776700019836
      0.0250499992371
      0.0451999969482
    
      0.00778100013733
      0.0225499992371
      0.007
    
      0.0126800003052
      0.0228199996948
      0.118499984741
    
      -0.00861800003052
      -0.0387900009155
      0.103800003052
    
      -0.0127399997711
      -0.0387099990845
      0.105599990845
    
      0.0101599998474
      -0.0357999992371
      0.100599990845
    
      0.00989500045776
      -0.0357099990845
      0.103300003052
    
      0.00936699962616
      -0.0360999984741
      0.113499984741
    
      0.0204300003052
      -0.0234500007629
      0.0105999908447
    
      0.0162199993134
      -0.0259899997711
      0.00569999694824
    
      0.0208400001526
      -0.0279799995422
      0.107199996948
    
      0.0226900005341
      -0.0238400001526
      0.118699996948
    
      0.0284599990845
      -0.00955700016022
      0.0724999847412
    
      0.0302399997711
      -0.00904300022125
      0.106499984741
    
      0.03
      -0.00754600000381
      0.117599990845
    
      0.0289300003052
      -0.01125
      0.118300003052
    
      -0.0382099990845
      -0.0144200000763
      0.117199996948
    
      -0.0385400009155
      -0.00721799993515
      0.118499984741
    
      -0.0397000007629
      -0.0108900003433
      0.107400009155
    
      -0.0395200004578
      -0.0113000001907
      0.104800003052
    
      -0.0390800018311
      -0.0121700000763
      0.0786999969482
    
      -0.0351199989319
      -0.0142899999619
      0.0178000030518
    
      0.0275300006866
      0.00382399988174
      0.0718000030518
    
      -0.0341899986267
      -0.0238299999237
      0.105300003052
    
      -0.0320800018311
      -0.0258700008392
      0.102300003052
    
      -0.0339900016785
      -0.0236599998474
      0.0796999969482
    
      -0.0305499992371
      -0.0206200008392
      0.00619999694824
    
      -0.0347799987793
      -0.0205400009155
      0.118400009155
    
      -0.0344399986267
      -0.0225799999237
      0.116900009155
    
      -0.0195900001526
      -0.0359599990845
      0.104300003052
    
      -0.0164599990845
      -0.0369199981689
      0.0813000030518
    
      -0.0253700008392
      -0.0315100002289
      0.0745999908447
    
      -0.0175900001526
      -0.0321899986267
      0.00680000305176
    
      0.00337599992752
      0.0257800006866
      0.0163999938965
    
      0.0038259999752
      0.0258700008392
      0.0333000030518
    
      0.00214299988747
      0.0294200000763
      0.102900009155
    
      0.0195599994659
      0.000729200005531
      0.00159999084473
    
      0.0224699993134
      -0.00687099981308
      0.00189999389648
    
      -0.0121499996185
      0.0220699996948
      0.00289999389648
    
      -0.0145
      0.0224099998474
      0.00519999694824
    
      -0.00839400005341
      0.0235699996948
      0.004
    
      -0.00237599992752
      0.02625
      0.0188999938965
    
      -0.00544799995422
      0.0258799991608
      0.0190999908447
    
      -0.0133500003815
      0.0282900009155
      0.0984000091553
    
      -0.0106999998093
      0.0279500007629
      0.0729000091553
    
      -0.00898400020599
      0.0294200000763
      0.104199996948
    
      -0.00802200031281
      0.0301200008392
      0.104800003052
    
      -0.0163600006104
      0.0285499992371
      0.112699996948
    
      -0.00667700004578
      0.03025
      0.117099990845
    
      -0.0194599990845
      0.0210300006866
      0.00889999389648
    
      -0.0304799995422
      0.0184899997711
      0.104499984741
    
      -0.0285900001526
      0.0210300006866
      0.105699996948
    
      -0.0207299995422
      0.0266499996185
      0.107199996948
    
      -0.0287600002289
      0.0205900001526
      0.115699996948
    
      -0.0283600006104
      0.02
      0.118300003052
    
      -0.0309699993134
      0.00598500013351
      0.00309999084473
    
      -0.0322299995422
      0.00919499969482
      0.0148999938965
    
      -0.0355
      0.0119799995422
      0.104599990845
    
      -0.0375299987793
      0.00881999969482
      0.114199996948
    
      -0.0356899986267
      0.011279999733
      0.117900009155
    
      0.0301700000763
      -0.00607999992371
      0.0900999908447
    
      -0.0330600013733
      -0.000721700012684
      0.00309999084473
    
      -0.0364599990845
      -0.0046939997673
      0.0178999938965
    
      -0.0339900016785
      0.00306200003624
      0.008
    
      -0.0399000015259
      -0.00579400014877
      0.114999984741
    
      0.0274400005341
      0.0101099996567
      0.104800003052
    
      0.0284599990845
      0.00752799987793
      0.105699996948
    
      0.0240300006866
      0.014
      0.101499984741
    
      0.0238500003815
      0.00462400007248
      0.00630000305176
    
      0.0252800006866
      0.00187800002098
      0.0145999908447
    
      0.0298999996185
      -0.00180400002003
      0.117699996948
    
      0.0290499992371
      0.00134399998188
      0.118199996948
    
      0.0276900005341
      0.0036970000267
      0.118599990845
    
      0.0252900009155
      0.0134899997711
      0.105099990845
    
      0.0138199996948
      0.0240200004578
      0.0709999847412
    
      0.0148400001526
      0.0178099994659
      0.00780000305176
    
      0.0188099994659
      0.0118100004196
      0.00380000305176
    
      0.0210100002289
      0.0118900003433
      0.0163000030518
    
      0.0287700004578
      -0.00417000007629
      0.118599990845
    
      0.00877799987793
      0.0281000003815
      0.113599990845
    
      0.00928199958801
      0.0280599994659
      0.106400009155
    
      0.00905900001526
      0.0236900005341
      0.0183000030518
    
      0.00635200023651
      0.0276299991608
      0.118300003052
    
      0.00352099990845
      0.0292999992371
      0.117699996948
    
      -0.0316200008392
      0.000117200002074
      0.00180000305176
    
      -0.00840999984741
      -0.0349300003052
      0.0075
    
      -0.0129399995804
      -0.0346300010681
      0.0113000030518
    
      -0.00164900004864
      -0.0385600013733
      0.0733000030518
    
      -0.00719999980927
      -0.0385900001526
      0.104099990845
    
      0.00582600021362
      -0.0378800010681
      0.114099990845
    
      -0.000443100005388
      -0.03925
      0.113199996948
    
      -0.0201499996185
      -0.0231499996185
      0.00139999389648
    
      0.0105900001526
      -0.0321800003052
      0.0253999938965
    
      0.00665799999237
      -0.0374300003052
      0.100099990845
    
      0.00528900003433
      -0.0377599983215
      0.102999984741
    
      0.00436100006104
      -0.0383899993896
      0.105499984741
    
      0.00308800005913
      -0.0384099998474
      0.109499984741
    
      -0.00633599996567
      -0.0287700004578
      0.0015
    
      0.00842199993134
      -0.0366599998474
      0.103300003052
    
      0.0234400005341
      -0.0184099998474
      0.0118000030518
    
      0.0267099990845
      -0.0188400001526
      0.117499984741
    
      -0.0384599990845
      -0.0140100002289
      0.0999000091553
    
      -0.0369700012207
      -0.0167399997711
      0.117699996948
    
      -0.0373100013733
      -0.0136599998474
      0.118599990845
    
      -0.0262800006866
      -0.0319899997711
      0.107999984741
    
      0.00123500001431
      0.0300300006866
      0.0859000091553
    
      -0.0223400001526
      0.0251700000763
      0.114999984741
    
      -0.0271399993896
      0.0151099996567
      0.0203999938965
    
      -0.0346599998474
      0.014470000267
      0.107400009155
    
      -0.0323899993896
      0.0160300006866
      0.118099990845
    
      -0.0376399993896
      0.00231200003624
      0.0685
    
      -0.0383300018311
      0.00576200008392
      0.116300003052
    
      0.0142899999619
      0.0249799995422
      0.106099990845
    
      -0.0177700004578
      -0.0367099990845
      0.103699996948
    
      0.0100399999619
      -0.0324300003052
      0.0301999969482
    
      0.0179200000763
      -0.0267199993134
      0.0180999908447
    
      0.0252000007629
      -0.0215300006866
      0.118199996948
    
      0.0260400009155
      -0.0198099994659
      0.118300003052
    
      0.0302700004578
      -0.00499399995804
      0.117099990845
    
      -0.0394799995422
      -0.00837899971008
      0.0998000030518
    
      -0.0299099998474
      -0.0275599994659
      0.104400009155
    
      -0.0212600002289
      -0.0353199996948
      0.104499984741
    
      -0.0191000003815
      -0.0360800018311
      0.117800003052
    
      -0.0172999992371
      -0.0364000015259
      0.118400009155
    
      -0.00977900028229
      0.0199400005341
      0.00159999084473
    
      -0.00478900003433
      0.0261399993896
      0.0153000030518
    
      -0.0221100006104
      0.0245799999237
      0.118199996948
    
      -0.0180699996948
      0.0269099998474
      0.118099990845
    
      -0.00193400001526
      0.0224400005341
      0.00239999389648
    
      -0.0198099994659
      0.0265400009155
      0.117800003052
    
      -0.0361199989319
      0.00907299995422
      0.118499984741
    
      0.00160099995136
      0.0204200000763
      0.0015
    
      0.0288799991608
      0.00560500001907
      0.113999984741
    
      0.0291100006104
      0.00369400000572
      0.117199996948
    
      0.0255599994659
      0.011220000267
      0.0795999908447
    
      0.0221599998474
      0.0144099998474
      0.0670999908447
    
      0.0140100002289
      0.0216100006104
      0.0568999938965
    
      0.0140399999619
      0.0200300006866
      0.0190999908447
    
      0.00958100032806
      -0.0330699996948
      0.118900009155
    
      -0.00231200003624
      -0.0370900001526
      0.118800003052
    
      0.0158900003433
      0.0232600002289
      0.115699996948
    
      0.00734800004959
      0.0282000007629
      0.0745999908447
    
      0.000774500012398
      -0.0350099983215
      0.0463000030518
    
      -0.00972999954224
      -0.0389900016785
      0.104699996948
    
      -0.00340599989891
      -0.0395999984741
      0.104900009155
    
      -0.0340900001526
      -0.0226499996185
      0.102900009155
    
      0.012970000267
      0.0253500003815
      0.0888000030518
    
      0.00341799998283
      -0.0383800010681
      0.0999000091553
    
      0.000295300006866
      -0.0391699981689
      0.106499984741
    
      0.0166100006104
      -0.0310799999237
      0.106300003052
    
      0.0258899993896
      -0.0210400009155
      0.0764999847412
    
      0.0258199996948
      -0.0204400005341
      0.117999984741
    
      -0.0378100013733
      -0.0170900001526
      0.105900009155
    
      -0.0347999992371
      -0.0214300003052
      0.103999984741
    
      -0.0295900001526
      -0.0274699993134
      0.103800003052
    
      -0.0296800003052
      -0.0244300003052
      0.0596999969482
    
      -0.0178500003815
      -0.0371100006104
      0.0999000091553
    
      -0.00412200021744
      0.0307099990845
      0.105699996948
    
      -0.0360499992371
      -0.000760399997234
      0.0448999938965
    
      -0.0370800018311
      0.00984799957275
      0.105199996948
    
      -0.0379300003052
      0.00819999980927
      0.107199996948
    
      -0.0221599998474
      0.0126999998093
      0.00139999389648
    
      0.0230799999237
      0.0136700000763
      0.117999984741
    
      0.00341899991035
      0.0272099990845
      0.118599990845
    
      0.0133000001907
      -0.0258500003815
      0.00230000305176
    
      0.0179099998474
      -0.0267299995422
      0.0271999969482
    
      0.0226299991608
      -0.0258500003815
      0.104400009155
    
      0.00898799991608
      -0.0237600002289
      0.00139999389648
    
      0.0235400009155
      -0.0180599994659
      0.0246999969482
    
      0.0278099994659
      -0.0163600006104
      0.100499984741
    
      -0.039
      -0.00939700031281
      0.102999984741
    
      0.0306599998474
      -0.00244400000572
      0.106300003052
    
      -0.0189899997711
      -0.0310300006866
      0.0378000030518
    
      -0.0170300006866
      -0.0367999992371
      0.117999984741
    
      -0.0144799995422
      0.0276499996185
      0.118400009155
    
      -0.0241000003815
      0.0173700008392
      0.0245999908447
    
      -0.0234799995422
      0.0242199993134
      0.104699996948
    
      -0.0223400001526
      0.0249599990845
      0.117800003052
    
      -0.0256000003815
      0.0227900009155
      0.117800003052
    
      -0.0323199996948
      0.0159799995422
      0.104199996948
    
      -0.0379199981689
      -0.000144500002265
      0.118900009155
    
      -0.0321599998474
      -0.00777600002289
      0.119099990845
    
      -0.0394799995422
      -0.00426499986649
      0.117400009155
    
      0.0288500003815
      0.0045640001297
      0.101099990845
    
      0.0226299991608
      0.0168999996185
      0.104900009155
    
      0.0197399997711
      -0.0264400005341
      0.118800003052
    
      -0.000485500007868
      -0.0386199989319
      0.103199996948
    
      -0.00257699990273
      -0.0384700012207
      0.103999984741
    
      -0.00167499995232
      -0.0393400001526
      0.0978000030518
    
      0.00929599952698
      -0.0281100006104
      0.00189999389648
    
      0.0138900003433
      -0.0323899993896
      0.103400009155
    
      0.013720000267
      -0.0326100006104
      0.117400009155
    
      -0.0261800003052
      -0.0169400005341
      0.00139999389648
    
      -0.0377900009155
      -0.0168199996948
      0.114400009155
    
      -0.0383899993896
      -0.012970000267
      0.102800003052
    
      0.0131999998093
      -0.0249599990845
      0.00189999389648
    
      -0.0219899997711
      -0.0282299995422
      0.00430000305176
    
      -0.0223899993896
      -0.0260900001526
      0.00219999694824
    
      -0.000809199988842
      0.0265699996948
      0.0505999908447
    
      -0.00135800004005
      0.0297000007629
      0.102499984741
    
      -0.00970600032806
      0.0243400001526
      0.0443000030518
    
      -0.0293700008392
      0.0194500007629
      0.117900009155
    
      0.0119499998093
      0.0116499996185
      0.0015
    
      0.0162900009155
      0.0110500001907
      0.00169999694824
    
      -0.0384099998474
      0.00518400001526
      0.104699996948
    
      -0.0396100006104
      -0.0106800003052
      0.114599990845
    
      -0.0133100004196
      -0.0373400001526
      0.118400009155
    
      0.00634700012207
      -0.0301299991608
      0.00219999694824
    
      0.0122100000381
      -0.0339399986267
      0.102999984741
    
      0.00926399993896
      -0.0357599983215
      0.103699996948
    
      0.00628700017929
      -0.0369399986267
      0.103699996948
    
      0.0296000003815
      -0.0109399995804
      0.114999984741
    
      -0.0390400009155
      -0.0103500003815
      0.117199996948
    
      -0.0385800018311
      -0.0141000003815
      0.104499984741
    
      -0.0367400016785
      -0.0102299995422
      0.0478999938965
    
      -0.0287999992371
      -0.0288799991608
      0.102699996948
    
      -0.0239799995422
      -0.0326100006104
      0.103699996948
    
      -0.0241200008392
      -0.0333800010681
      0.101900009155
    
      0.0185599994659
      -0.0117600002289
      0.0015
    
      -0.00872599983215
      0.029
      0.103499984741
    
      -0.0277900009155
      0.0215599994659
      0.105300003052
    
      -0.0266200008392
      0.0221299991608
      0.117199996948
    
      -0.0331800003052
      0.00635599994659
      0.0340999908447
    
      0.00369400000572
      0.0181399993896
      0.00130000305176
    
      -0.0286800003052
      0.00647700023651
      0.00169999694824
    
      -0.0395400009155
      0.00181400001049
      0.107199996948
    
      0.0300599994659
      0.000886500000954
      0.114300003052
    
      0.00676900005341
      0.0287000007629
      0.0885999908447
    
      -0.00843700027466
      -0.0328499984741
      0.00289999389648
    
      -0.00758099985123
      -0.0357900009155
      0.0595999908447
    
      -0.00490600013733
      -0.0390499992371
      0.104599990845
    
      -0.00789699983597
      -0.0395499992371
      0.106699996948
    
      0.00327500009537
      -0.0381800003052
      0.115900009155
    
      -0.000109200000763
      -0.0383699989319
      0.116900009155
    
      -1.99500005692e-05
      -0.0388600006104
      0.0874000091553
    
      -0.0298799991608
      -0.00665999984741
      0.00130000305176
    
      0.0258899993896
      -0.00463100004196
      0.0523000030518
    
      -0.0366699981689
      -0.0172800006866
      0.103599990845
    
      -0.0381500015259
      -0.01175
      0.118300003052
    
      -0.0289099998474
      -0.0269899997711
      0.0678999938965
    
      -0.0153199996948
      -0.0293899993896
      0.00189999389648
    
      -0.00807199954987
      0.0292299995422
      0.102699996948
    
      -0.000963999986649
      0.0299699993134
      0.104099990845
    
      -0.00521099996567
      0.0296599998474
      0.103800003052
    
      -0.0187900009155
      0.02125
      0.0555
    
      -0.0133999996185
      0.0281399993896
      0.103900009155
    
      -0.0285100002289
      0.0139899997711
      0.0575999908447
    
      0.0304699993134
      -0.00339199995995
      0.112800003052
    
      -0.0110699996948
      -0.0381899986267
      0.103999984741
    
      -0.0159600000381
      -0.0379099998474
      0.107699996948
    
      0.00690199995041
      -0.0365400009155
      0.117900009155
    
      0.0241200008392
      -0.0225400009155
      0.118400009155
    
      0.0249799995422
      -0.0116000003815
      0.0085
    
      -0.0382900009155
      -0.0120100002289
      0.103800003052
    
      0.0249899997711
      -0.00827200031281
      0.0340999908447
    
      -0.0308799991608
      -0.0264200000763
      0.103300003052
    
      0.0061810002327
      0.0286200008392
      0.103400009155
    
      -0.0146199998856
      0.0286100006104
      0.117599990845
    
      -0.017
      0.0236499996185
      0.118800003052
    
      -0.0165300006866
      0.0164599990845
      0.00159999084473
    
      -0.0194799995422
      0.0267700004578
      0.104800003052
    
      -0.0327299995422
      -0.00901000022888
      0.00230000305176
    
      -0.0377900009155
      -0.00490899991989
      0.0573999938965
    
      0.023
      0.0086829996109
      0.0513999938965
    
      0.0214799995422
      0.0175200004578
      0.103699996948
    
      0.0124099998474
      0.0156199998856
      0.00180000305176
    
      0.0167800006866
      0.0214699993134
      0.117599990845
    
      -0.0273199996948
      0.00223200011253
      0.00109999084473
    
      -0.00461199998856
      -0.0387599983215
      0.103900009155
    
      -0.02525
      -0.0265900001526
      0.0326999969482
    
      -0.0173899993896
      -0.0372799987793
      0.115900009155
    
      -0.0309500007629
      0.0186700000763
      0.105300003052
    
      0.0249200000763
      -0.0128900003433
      0.0493999938965
    
      -0.0374199981689
      0.00616900014877
      0.104099990845
    
      -0.0389000015259
      -0.00537599992752
      0.103599990845
    
      0.0198999996185
      -0.0247299995422
      0.0428000030518
    
      0.0170699996948
      -0.0283700008392
      0.0536999969482
    
      -0.0337200012207
      0.0133400001526
      0.103099990845
    
      0.01375
      -0.0329799995422
      0.104900009155
    
      -0.0271900005341
      0.0135100002289
      0.0428000030518
    
      0.0160599994659
      -0.0279899997711
      0.0328000030518
    
      0.0190300006866
      0.0145399999619
      0.0463999938965
    
      0.00838300037384
      0.0253999996185
      0.0553999938965
    
      0.0296599998474
      -0.00926200008392
      0.102499984741
    
      -0.0274599990845
      -0.0296499996185
      0.103400009155
    
      0.0242199993134
      -0.0227000007629
      0.117599990845
    
      -0.0389099998474
      -0.00797399997711
      0.104300003052
    
      0.00386599993706
      0.0295599994659
      0.0856999969482
    
      0.00371000003815
      0.0274500007629
      0.06
    
      -0.0305200004578
      -0.0214599990845
      0.038
    
      -0.0349900016785
      0.0126599998474
      0.117400009155
    
      0.0206000003815
      -0.0276499996185
      0.104400009155
    
      0.0244799995422
      -0.0235200004578
      0.0999999847412
    
      -0.00532399988174
      -0.0391599998474
      0.0900999908447
    
      0.0226900005341
      -0.0193600006104
      0.0403000030518
    
      -0.00336100006104
      -0.0396699981689
      0.106199996948
    
      0.0246599998474
      0.00347699999809
      0.0513000030518
    
      0.0220100002289
      -0.0111199998856
      0.00209999084473
    
      0.0238700008392
      -0.0196000003815
      0.0568000030518
    
      -0.0183500003815
      -0.0326100006104
      0.0588999938965
    
      0.0272399997711
      -0.0187700004578
      0.115199996948
    
      0.0236900005341
      0.00461000013351
      0.0353000030518
    
      -0.0149600000381
      0.0285300006866
      0.116199996948
    
      -0.0391500015259
      -0.0126300001144
      0.116199996948
    
      -0.0367599983215
      0.0108900003433
      0.107400009155
    
      0.00883800029755
      -0.0337400016785
      0.0511999969482
    
      0.0210799999237
      -0.0257700004578
      0.062
    
      -0.0327299995422
      -0.00511800003052
      0.00209999084473
    
      -0.015029999733
      -0.0377400016785
      0.103099990845
    
      -0.0385400009155
      -0.000761600017548
      0.103900009155
    
      0.00146800005436
      -0.03775
      0.103999984741
    
      -0.0165200004578
      -0.0375999984741
      0.104800003052
    
      0.00798299980164
      -0.0336800003052
      0.0255
    
      0.00778900003433
      -0.0362099990845
      0.116599990845
    
      0.0202600002289
      0.0183400001526
      0.100099990845
    
      -0.0341100006104
      0.00746000003815
      0.059
    
      0.015220000267
      -0.0319899997711
      0.114900009155
    
      -0.0324900016785
      -0.0244200000763
      0.103900009155
    
      -0.0250400009155
      0.0172900009155
      0.0200999908447
    
      -0.0204799995422
      -0.03525
      0.103699996948
    
      -0.0347099990845
      -0.0173400001526
      0.0548999938965
    
      0.00689099979401
      -0.0337900009155
      0.0308000030518
    
      -0.0259699993134
      -0.0308400001526
      0.103999984741
    
      0.00452199983597
      -0.0373699989319
      0.104300003052
    
      0.00749399995804
      0.02475
      0.0428999938965
    
      -0.0283299999237
      0.0195100002289
      0.101599990845
    
      -0.0181200008392
      0.0271700000763
      0.117099990845
    
      -0.0347799987793
      -0.0176399993896
      0.118800003052
    
      0.0170699996948
      0.012
      0.00230000305176
    
      -0.0250699996948
      -0.0277399997711
      0.0535999908447
    
      0.0302099990845
      -0.00181400001049
      0.116199996948
    
      -0.0046139998436
      -0.0383699989319
      0.118199996948
    
      -0.00969499969482
      -0.039
      0.100900009155
    
      -0.00596000003815
      -0.0386699981689
      0.104300003052
    
      0.0152899999619
      0.0217700004578
      0.118099990845
    
      -0.0368499984741
      0.00847299957275
      0.117800003052
    
      -0.0262399997711
      0.0218999996185
      0.118099990845
    
      -0.0204400005341
      0.0259400005341
      0.117999984741
    
      -0.0291399993896
      0.0205699996948
      0.105900009155
    
      -0.00510599994659
      0.0306299991608
      0.112300003052
    
      -0.0062389998436
      0.0257700004578
      0.0133000030518
    
      0.00381999993324
      0.0259799995422
      0.0408999938965
    
      -0.0128900003433
      -0.0380499992371
      0.117499984741
    
      -0.0296900005341
      -0.0183899993896
      0.00259999084473
    
      -0.0339500007629
      -0.0241200008392
      0.111999984741
    
      0.0287900009155
      -0.0132600002289
      0.117300003052
    
      0.0212000007629
      -0.0258099994659
      0.118400009155
    
      0.0251200008392
      -0.0203999996185
      0.118699996948
    
      0.0206000003815
      -0.0237700004578
      0.0291999969482
    
      0.00308500003815
      -0.0377700004578
      0.117800003052
    
      0.00953299999237
      0.0239699993134
      0.046
    
      0.0125699996948
      0.0252700004578
      0.102099990845
    
      0.0263099994659
      0.0103999996185
      0.100099990845
    
      -0.0389799995422
      -0.0134099998474
      0.113599990845
    
      -0.005867000103
      0.000589800000191
      0.0
    
      0.0305200004578
      -0.00113600003719
      0.115599990845
    
      -0.0380600013733
      0.00335199999809
      0.104300003052
    
      -0.0274599990845
      0.015029999733
      0.0125999908447
    
      -0.0183899993896
      0.0262399997711
      0.102900009155
    
      -0.0189200000763
      0.0199300003052
      0.0355999908447
    
      -0.0372799987793
      -0.0154200000763
      0.118300003052
    
      -0.0368600006104
      -0.0194400005341
      0.104900009155
    
      -0.0386399993896
      -0.0148599996567
      0.106900009155
    
      0.0271800003052
      -0.0173799991608
      0.117900009155
    
      0.00990900039673
      -0.0351199989319
      0.117499984741
    
      0.0170599994659
      -0.0295400009155
      0.118300003052
    
      0.0174300003052
      -0.0306700000763
      0.0948000030518
    
      -0.000565299987793
      -0.0393600006104
      0.104999984741
    
      -0.00384200000763
      -0.0332999992371
      0.003
    
      0.0116800003052
      0.0180699996948
      0.00280000305176
    
      0.014529999733
      0.0195699996948
      0.0443000030518
    
      0.0221299991608
      0.0164400005341
      0.0835999908447
    
      -0.0355400009155
      0.00181900000572
      0.0213999938965
    
      -0.0355400009155
      0.0126899995804
      0.113999984741
    
      -0.0367900009155
      0.00770599985123
      0.0790999908447
    
      -0.0252700004578
      0.0235900001526
      0.106199996948
    
      -0.00270799994469
      0.0307000007629
      0.114999984741
    
      0.0180599994659
      -0.0192299995422
      0.00180000305176
    
      0.00579300022125
      0.0256499996185
      0.0458000030518
    
      -0.0198099994659
      -0.0355200004578
      0.118099990845
    
      -0.0227900009155
      -0.0339799995422
      0.104300003052
    
      -0.0246599998474
      -0.0322700004578
      0.104199996948
    
      -0.0251100006104
      -0.0329900016785
      0.105099990845
    
      -0.0185400009155
      -0.0370900001526
      0.104999984741
    
      -0.0324500007629
      -0.0244500007629
      0.118099990845
    
      -0.0303899993896
      -0.0227800006866
      0.0183999938965
    
      -0.0390999984741
      -0.00836299991608
      0.117900009155
    
      0.0271700000763
      -0.0163899993896
      0.118499984741
    
      0.00555100011826
      -0.0365999984741
      0.118499984741
    
      0.00538899993896
      0.0211800003052
      0.00239999389648
    
      0.0270300006866
      0.00960999965668
      0.116800003052
    
      0.0241900005341
      -0.00219400000572
      0.0035
    
      -0.0380699996948
      0.00294099998474
      0.104099990845
    
      -0.0298600006104
      0.0196499996185
      0.116999984741
    
      -0.0326199989319
      0.0166200008392
      0.115599990845
    
      -0.0333400001526
      0.0158000001907
      0.105099990845
    
      -0.00909599971771
      0.0293600006104
      0.117999984741
    
      0.00197899997234
      0.03
      0.0901999969482
    
      0.00145299994946
      0.0261700000763
      0.0363000030518
    
      -0.0298099994659
      -0.0283400001526
      0.116499984741
    
      -0.0296499996185
      -0.0254400005341
      0.118499984741
    
      -0.0213400001526
      -0.0347700004578
      0.117400009155
    
      -0.0210200004578
      -0.0262700004578
      0.00189999389648
    
      -0.0393199996948
      -0.00285199999809
      0.104699996948
    
      0.0210300006866
      -0.0274599990845
      0.101699996948
    
      0.0221200008392
      -0.0158800001144
      0.00369999694824
    
      0.01675
      -0.0300699996948
      0.103900009155
    
      0.00994799995422
      -0.0359700012207
      0.106099990845
    
      0.00032539999485
      -0.0383699989319
      0.104499984741
    
      -0.00838000011444
      -0.0392099990845
      0.115699996948
    
      -0.00565999984741
      -0.0390400009155
      0.103400009155
    
      -0.00755200004578
      -0.0344500007629
      0.0375999908447
    
      -0.00294099998474
      -0.0357999992371
      0.0146999969482
    
      0.00762300014496
      0.0286000003815
      0.116800003052
    
      0.00429099988937
      0.0296599998474
      0.0966999969482
    
      0.0204200000763
      0.0187399997711
      0.115599990845
    
      -0.0120699996948
      -0.0312399997711
      0.118999984741
    
      0.00897299957275
      0.0170499992371
      0.0015
    
      0.0131099996567
      0.0208999996185
      0.0351999969482
    
      0.0182000007629
      0.0214799995422
      0.106400009155
    
      0.02475
      0.0136700000763
      0.116099990845
    
      0.0280499992371
      0.00545200014114
      0.117999984741
    
      0.0300100002289
      -0.000719099998474
      0.117199996948
    
      0.0217399997711
      0.00541200017929
      0.00269999694824
    
      0.0272800006866
      0.01025
      0.106099990845
    
      -0.0394000015259
      0.000578400015831
      0.116699996948
    
      -0.0390900001526
      -0.00158000004292
      0.118099990845
    
      -0.0332299995422
      -0.00623000001907
      0.00259999084473
    
      -0.0345999984741
      -0.00498600006104
      0.00580000305176
    
      -0.0345200004578
      0.0145500001907
      0.105400009155
    
      -0.0365999984741
      0.00834099960327
      0.101099990845
    
      -0.0239400005341
      0.0237299995422
      0.118099990845
    
      -0.027
      0.0206800003052
      0.118400009155
    
      -0.0315799999237
      0.0182299995422
      0.105800003052
    
      -0.0296000003815
      0.0200200004578
      0.108400009155
    
      -0.0290200004578
      0.0199500007629
      0.104599990845
    
      -0.0145699996948
      0.0236499996185
      0.0108999938965
    
      -0.0252600002289
      0.0136999998093
      0.00269999694824
    
      -0.0136000003815
      0.0291599998474
      0.116999984741
    
      -0.00929100036621
      0.0301800003052
      0.115800003052
    
      -0.0110399999619
      0.0298400001526
      0.106300003052
    
      -0.0152600002289
      0.0286700000763
      0.105400009155
    
      0.00351900005341
      0.0298999996185
      0.115400009155
    
      0.00310599994659
      0.0301900005341
      0.106499984741
    
      -0.0179200000763
      -0.0298099994659
      0.00259999084473
    
      -0.0228600006104
      -0.0297000007629
      0.0143000030518
    
      -0.0203700008392
      -0.0361500015259
      0.101900009155
    
      -0.0282199993134
      -0.0210599994659
      0.00280000305176
    
      -0.0335999984741
      -0.0115
      0.00419999694824
    
      -0.03925
      -0.0133199996948
      0.105199996948
    
      0.0274500007629
      -0.0187900009155
      0.107099990845
    
      0.0239500007629
      -0.00961900043488
      0.00380000305176
    
      0.0181299991608
      -0.0213299999237
      0.00259999084473
    
      0.0224400005341
      -0.0260300006866
      0.115699996948
    
      0.0218400001526
      -0.0226800003052
      0.0188000030518
    
      0.0206200008392
      -0.0207000007629
      0.0055
    
      0.00429400014877
      -0.0375800018311
      0.117300003052
    
      0.00779600000381
      -0.0363400001526
      0.104300003052
    
      0.0101499996185
      -0.0352000007629
      0.104400009155
    
      0.010029999733
      -0.0326100006104
      0.0345999908447
    
      0.00998999977112
      -0.0325600013733
      0.015
    
      0.0101099996567
      -0.0310200004578
      0.00739999389648
    
      -0.0148999996185
      -0.0376199989319
      0.104300003052
    
      -0.0149600000381
      -0.0339900016785
      0.0183000030518
    
      -0.00947700023651
      -0.0354199981689
      0.0173999938965
    
      -0.0136899995804
      -0.0335400009155
      0.00639999389648
    
      0.0119099998474
      0.0256000003815
      0.117699996948
    
      0.00750500011444
      0.0192299995422
      0.0015
    
      0.00838599967957
      0.0200400009155
      0.00239999389648
    
      0.00779400014877
      0.0245799999237
      0.038
    
      0.0128500003815
      0.0258199996948
      0.113900009155
    
      0.0280499992371
      0.00653299999237
      0.0870999908447
    
      0.0298199996948
      0.00241300010681
      0.106699996948
    
      -0.0396300010681
      -0.00186899995804
      0.0801999969482
    
      -0.0381399993896
      0.00352699995041
      0.103300003052
    
      -0.0337900009155
      0.0138599996567
      0.118300003052
    
      -0.0289699993134
      0.0202600002289
      0.117599990845
    
      -0.0344099998474
      0.012779999733
      0.0928000030518
    
      -0.0304699993134
      0.0161700000763
      0.0749999847412
    
      -0.0262299995422
      0.0160799999237
      0.0225
    
      -0.0288600006104
      0.0125900001526
      0.0260999908447
    
      -0.0193199996948
      0.0214500007629
      0.0188999938965
    
      -0.0115100002289
      0.0293799991608
      0.117499984741
    
      -0.00123000001907
      0.0302399997711
      0.117300003052
    
      -0.00253999996185
      0.0259500007629
      0.0381999969482
    
      -0.000385399997234
      0.0247700004578
      0.00680000305176
    
      -0.0133299999237
      -0.0323199996948
      0.00339999389648
    
      -0.0235900001526
      -0.0327599983215
      0.117900009155
    
      -0.0217700004578
      -0.0346399993896
      0.117900009155
    
      -0.0302600002289
      -0.0284500007629
      0.105900009155
    
      -0.0311499996185
      0.00588999986649
      0.119099990845
    
      -0.0281499996185
      -0.0201499996185
      0.00219999694824
    
      -0.0319300003052
      -0.0148800001144
      0.003
    
      0.0259400005341
      -0.00863500022888
      0.0148999938965
    
      -0.0387000007629
      0.000610599994659
      0.104499984741
    
      0.0269400005341
      -0.0129099998474
      0.118800003052
    
      0.01125
      -0.0338499984741
      0.118300003052
    
      0.019
      -0.0285799999237
      0.117499984741
    
      0.00573000001907
      -0.0378600006104
      0.107800003052
    
      0.00961299991608
      -0.0291200008392
      0.00280000305176
    
      0.000340799987316
      -0.0382000007629
      0.117999984741
    
      0.00865900039673
      -0.0335499992371
      0.0283000030518
    
      0.00550500011444
      -0.0343699989319
      0.0143999938965
    
      0.00301699995995
      -0.0328899993896
      0.00389999389648
    
      -0.0244699993134
      -0.0238199996948
      0.00219999694824
    
      -0.0231900005341
      -0.0251200008392
      0.00180000305176
