
  
 
   
    
      447, 82, 512
    
      447, 38, 82
    
      324, 512, 82
    
      447, 145, 38
    
      448, 145, 447
    
      512, 324, 416
    
      145, 448, 255
    
      255, 448, 3
    
      3, 448, 519
    
      3, 519, 40
    
      145, 255, 38
    
      324, 82, 470
    
      324, 470, 416
    
      250, 416, 470
    
      82, 250, 470
    
      42, 3, 40
    
      5, 3, 42
    
      38, 92, 82
    
      40, 519, 41
    
      416, 83, 512
    
      448, 144, 519
    
      447, 144, 448
    
      512, 430, 447
    
      512, 83, 430
    
      36, 83, 416
    
      519, 144, 4
    
      4, 41, 519
    
      143, 144, 447
    
      143, 447, 430
    
      36, 15, 83
    
      430, 83, 15
    
      430, 58, 143
    
      144, 143, 154
    
      430, 15, 58
    
      211, 4, 144
    
      154, 211, 144
    
      273, 97, 468
    
      322, 468, 97
    
      322, 183, 468
    
      16, 183, 322
    
      468, 507, 273
    
      273, 507, 21
    
      21, 507, 501
    
      93, 273, 21
    
      259, 273, 93
    
      259, 93, 188
    
      95, 97, 273
    
      95, 273, 259
    
      22, 95, 259
    
      22, 259, 188
    
      467, 322, 97
    
      97, 95, 467
    
      322, 91, 16
    
      467, 91, 322
    
      95, 22, 98
    
      467, 95, 98
    
      367, 183, 16
    
      184, 507, 468
    
      507, 184, 94
    
      94, 465, 507
    
      102, 507, 465
    
      509, 468, 183
    
      509, 184, 468
    
      183, 367, 509
    
      101, 102, 465
    
      96, 184, 509
    
      184, 96, 94
    
      323, 509, 367
    
      94, 96, 239
    
      85, 367, 16
    
      341, 323, 367
    
      85, 16, 368
    
      368, 86, 85
    
      86, 367, 85
    
      86, 341, 367
    
      303, 86, 196
    
      195, 303, 196
    
      368, 196, 86
    
      452, 303, 195
    
      176, 452, 195
    
      132, 176, 195
    
      176, 132, 69
    
      69, 132, 326
    
      69, 326, 478
    
      452, 176, 69
    
      69, 13, 452
    
      134, 86, 303
    
      134, 303, 175
    
      452, 13, 175
    
      478, 13, 69
    
      452, 175, 303
    
      326, 516, 70
    
      477, 70, 516
    
      477, 516, 437
    
      326, 70, 478
    
      477, 437, 156
    
      478, 70, 13
    
      70, 68, 13
    
      477, 156, 68
    
      477, 68, 70
    
      12, 68, 156
    
      437, 516, 60
    
      171, 60, 516
    
      171, 516, 326
    
      71, 171, 326
    
      57, 459, 115
    
      111, 57, 115
    
      459, 57, 123
    
      111, 115, 500
    
      111, 500, 189
    
      121, 123, 57
    
      343, 123, 121
    
      343, 121, 32
    
      123, 343, 67
    
      111, 189, 502
    
      189, 500, 26
    
      123, 67, 124
    
      459, 123, 124
    
      164, 500, 115
    
      26, 500, 164
    
      396, 115, 459
    
      396, 459, 124
    
      115, 396, 267
    
      267, 112, 115
    
      122, 124, 67
    
      115, 112, 164
    
      26, 164, 112
    
      396, 124, 395
    
      124, 122, 395
    
      395, 31, 396
    
      31, 267, 396
    
      114, 112, 267
    
      267, 31, 114
    
      395, 419, 31
    
      110, 57, 111
    
      502, 110, 111
    
      460, 121, 57
    
      57, 487, 460
    
      121, 460, 34
    
      34, 32, 121
    
      57, 110, 487
    
      110, 502, 284
    
      284, 487, 110
    
      74, 475, 451
    
      74, 451, 416
    
      475, 78, 451
    
      76, 451, 78
    
      76, 78, 418
    
      418, 32, 76
    
      343, 32, 418
    
      78, 67, 418
    
      343, 418, 67
    
      416, 250, 74
    
      173, 78, 475
    
      78, 173, 67
    
      77, 173, 475
    
      74, 77, 475
    
      251, 77, 74
    
      74, 250, 302
    
      302, 251, 74
    
      122, 67, 173
    
      251, 302, 415
    
      416, 451, 36
    
      32, 34, 76
    
      76, 34, 75
    
      75, 451, 76
    
      451, 75, 35
    
      36, 451, 35
    
      11, 59, 333
    
      52, 59, 11
    
      52, 11, 168
    
      333, 59, 437
    
      11, 54, 168
    
      168, 54, 40
    
      40, 8, 168
    
      40, 41, 8
    
      52, 168, 8
    
      59, 156, 437
    
      52, 51, 59
    
      51, 52, 8
    
      170, 59, 51
    
      59, 170, 156
    
      488, 51, 8
    
      41, 488, 8
    
      170, 12, 156
    
      40, 54, 42
    
      60, 333, 437
    
      54, 224, 42
    
      224, 54, 11
    
      11, 333, 387
    
      11, 387, 9
    
      60, 292, 333
    
      224, 11, 9
    
      333, 292, 387
    
      169, 344, 334
    
      169, 334, 364
    
      260, 344, 169
    
      260, 390, 344
    
      355, 390, 260
    
      4, 211, 409
    
      4, 409, 488
    
      346, 425, 435
    
      425, 271, 435
    
      271, 425, 65
    
      425, 369, 65
    
      65, 369, 236
    
      248, 394, 433
    
      248, 307, 394
    
      248, 247, 307
    
      458, 307, 247
    
      458, 247, 424
    
      424, 357, 458
    
      341, 134, 290
    
      323, 341, 290
    
      263, 357, 429
    
      274, 429, 357
    
      274, 357, 424
    
      274, 221, 429
    
      221, 340, 429
    
      221, 495, 340
    
      395, 122, 173
    
      42, 224, 9
    
      150, 147, 6
    
      210, 6, 147
    
      210, 147, 428
    
      518, 213, 47
    
      213, 518, 155
    
      439, 155, 518
    
      213, 46, 47
    
      213, 359, 46
    
      454, 193, 456
    
      203, 180, 441
    
      1, 191, 370
    
      441, 380, 203
    
      204, 442, 380
    
      66, 497, 256
    
      66, 426, 497
    
      237, 256, 497
    
      150, 256, 237
    
      65, 231, 64
    
      271, 65, 64
    
      379, 64, 231
    
      231, 65, 393
    
      236, 393, 65
    
      342, 231, 393
    
      271, 64, 435
    
      64, 504, 435
    
      131, 200, 414
    
      414, 200, 510
    
      200, 20, 510
    
      162, 19, 163
    
      502, 189, 501
    
      502, 501, 102
    
      507, 102, 501
    
      101, 502, 102
    
      284, 502, 101
    
      189, 188, 501
    
      501, 188, 21
    
      21, 188, 93
    
      188, 189, 26
    
      27, 188, 26
    
      188, 27, 22
    
      464, 22, 27
    
      486, 109, 493
    
      486, 493, 50
    
      50, 493, 384
    
      109, 486, 119
    
      50, 228, 486
    
      384, 493, 350
    
      50, 75, 228
    
      384, 84, 50
    
      75, 50, 35
    
      50, 84, 35
    
      384, 350, 143
    
      383, 493, 109
    
      493, 211, 350
    
      384, 58, 84
    
      143, 58, 384
    
      143, 350, 154
    
      119, 486, 120
    
      119, 120, 315
    
      120, 25, 315
    
      383, 485, 493
    
      409, 493, 485
    
      211, 493, 409
    
      108, 109, 119
    
      109, 108, 117
    
      109, 117, 383
    
      279, 117, 108
    
      175, 279, 108
    
      420, 108, 119
    
      290, 108, 420
    
      108, 290, 134
    
      118, 420, 119
    
      118, 119, 239
    
      420, 118, 323
    
      323, 290, 420
    
      118, 239, 509
    
      509, 323, 118
    
      91, 87, 16
    
      91, 264, 87
    
      264, 91, 257
    
      91, 467, 257
    
      257, 467, 98
    
      87, 264, 440
    
      440, 152, 87
    
      87, 152, 136
    
      201, 136, 152
    
      201, 135, 136
    
      440, 207, 152
    
      440, 365, 207
    
      422, 440, 264
    
      365, 440, 422
    
      257, 98, 436
    
      257, 436, 264
    
      436, 98, 283
    
      209, 264, 436
    
      264, 209, 422
    
      366, 365, 422
    
      366, 422, 209
    
      113, 427, 249
    
      433, 113, 249
    
      205, 113, 433
    
      113, 205, 436
    
      377, 249, 427
    
      377, 270, 249
    
      270, 247, 249
    
      249, 248, 433
    
      248, 249, 247
    
      424, 247, 270
    
      113, 114, 427
    
      427, 419, 377
    
      114, 419, 427
    
      114, 113, 112
    
      419, 395, 377
    
      419, 114, 31
    
      377, 81, 270
    
      377, 173, 81
    
      173, 377, 395
    
      239, 96, 509
    
      471, 149, 2
    
      193, 151, 371
    
      441, 204, 380
    
      456, 455, 454
    
      191, 455, 370
    
      325, 370, 455
    
      179, 63, 442
    
      310, 402, 318
    
      402, 508, 318
    
      412, 276, 392
    
      412, 392, 181
    
      181, 392, 2
    
      2, 149, 181
    
      276, 412, 406
    
      277, 169, 364
    
      364, 327, 277
    
      169, 277, 356
    
      159, 356, 277
    
      198, 355, 260
    
      12, 383, 117
    
      12, 117, 68
    
      170, 383, 12
    
      13, 68, 117
    
      117, 279, 13
    
      175, 13, 279
    
      51, 383, 170
    
      285, 229, 376
    
      391, 376, 229
    
      154, 350, 211
    
      495, 146, 349
    
      340, 495, 349
    
      14, 37, 142
    
      404, 37, 14
    
      314, 327, 364
    
      314, 364, 462
    
      462, 364, 241
    
      462, 313, 314
    
      462, 241, 313
    
      369, 471, 2
    
      33, 342, 445
    
      128, 130, 310
    
      309, 128, 310
    
      128, 309, 245
    
      310, 130, 402
    
      402, 130, 219
    
      363, 402, 219
    
      363, 219, 240
    
      363, 508, 402
    
      508, 363, 317
    
      317, 363, 240
    
      510, 508, 317
    
      403, 317, 240
    
      403, 510, 317
    
      403, 240, 320
    
      320, 353, 403
    
      403, 414, 510
    
      293, 414, 403
    
      293, 403, 294
    
      86, 134, 341
    
      460, 120, 486
    
      460, 487, 120
    
      460, 486, 34
    
      228, 34, 486
    
      228, 75, 34
    
      284, 120, 487
    
      25, 120, 284
    
      284, 101, 25
    
      344, 479, 334
    
      344, 272, 479
    
      498, 479, 272
    
      479, 498, 480
    
      390, 272, 344
    
      480, 498, 426
    
      272, 390, 220
    
      220, 498, 272
    
      220, 390, 297
    
      334, 479, 161
    
      479, 106, 161
    
      161, 106, 244
    
      479, 172, 106
    
      334, 161, 241
    
      90, 297, 355
    
      390, 355, 297
    
      355, 197, 90
    
      197, 431, 90
    
      431, 372, 90
    
      197, 355, 198
    
      197, 300, 431
    
      130, 128, 513
    
      158, 130, 513
    
      513, 128, 127
    
      397, 130, 158
    
      299, 397, 158
    
      397, 219, 130
    
      299, 158, 444
    
      444, 158, 14
    
      361, 219, 397
    
      397, 299, 361
    
      269, 361, 299
    
      269, 299, 444
    
      362, 219, 361
    
      127, 128, 453
    
      191, 453, 128
    
      455, 191, 128
    
      453, 306, 127
    
      128, 262, 455
    
      129, 306, 453
    
      138, 125, 394
    
      165, 138, 394
    
      125, 432, 394
    
      258, 125, 138
    
      138, 137, 258
    
      432, 499, 394
    
      307, 165, 394
    
      165, 431, 138
    
      137, 138, 431
    
      432, 463, 499
    
      258, 126, 125
    
      126, 258, 137
    
      499, 308, 394
    
      125, 116, 432
    
      307, 458, 165
    
      308, 282, 394
    
      458, 263, 165
    
      165, 372, 431
    
      372, 165, 263
    
      318, 400, 310
    
      400, 318, 218
    
      321, 286, 374
    
      321, 374, 352
    
      374, 358, 352
    
      489, 513, 127
    
      127, 490, 489
    
      306, 490, 127
    
      245, 309, 466
    
      187, 245, 466
    
      187, 466, 105
    
      255, 3, 5
    
      5, 446, 255
    
      285, 376, 484
    
      157, 484, 376
    
      376, 79, 157
    
      79, 514, 157
    
      428, 10, 61
    
      492, 428, 61
    
      492, 61, 44
    
      10, 428, 388
    
      408, 61, 10
    
      10, 43, 408
    
      411, 388, 428
    
      411, 428, 148
    
      43, 10, 388
    
      408, 285, 61
    
      43, 388, 167
    
      43, 338, 408
    
      408, 223, 285
    
      338, 223, 408
    
      222, 223, 338
    
      338, 146, 222
    
      438, 285, 223
    
      438, 223, 222
    
      285, 438, 281
    
      61, 515, 44
    
      484, 515, 61
    
      484, 61, 285
    
      229, 285, 281
    
      428, 147, 148
    
      404, 158, 266
    
      14, 158, 404
    
      266, 158, 513
    
      29, 417, 246
    
      30, 29, 246
    
      178, 246, 417
    
      417, 133, 178
    
      167, 349, 43
    
      146, 43, 349
    
      349, 167, 182
    
      340, 349, 182
    
      43, 146, 338
    
      340, 182, 301
    
      429, 340, 301
    
      90, 301, 182
    
      301, 90, 263
    
      301, 263, 429
    
      372, 263, 90
    
      275, 347, 406
    
      347, 275, 407
    
      382, 407, 275
    
      386, 382, 275
    
      378, 382, 386
    
      71, 326, 132
    
      233, 71, 132
    
      233, 132, 135
    
      233, 135, 201
    
      71, 233, 201
    
      291, 71, 201
    
      71, 291, 171
    
      171, 291, 225
    
      225, 55, 171
    
      171, 55, 60
    
      55, 292, 60
    
      201, 391, 291
    
      292, 55, 53
    
      292, 53, 387
    
      225, 291, 229
    
      229, 291, 391
    
      387, 53, 9
    
      53, 517, 9
    
      517, 55, 225
    
      517, 53, 55
    
      517, 225, 281
    
      281, 225, 229
    
      42, 517, 339
    
      5, 42, 339
    
      42, 9, 517
    
      413, 5, 339
    
      517, 222, 339
    
      5, 413, 446
    
      222, 517, 438
    
      495, 413, 339
    
      339, 222, 146
    
      146, 495, 339
    
      438, 517, 281
    
      413, 495, 221
    
      446, 413, 92
    
      278, 413, 221
    
      278, 351, 413
    
      92, 413, 351
    
      274, 278, 221
    
      274, 424, 278
    
      278, 424, 270
    
      450, 351, 278
    
      351, 450, 415
    
      415, 302, 351
    
      278, 81, 450
    
      81, 278, 270
    
      415, 450, 251
    
      81, 77, 450
    
      450, 77, 251
    
      136, 196, 87
    
      196, 368, 87
    
      368, 16, 87
    
      195, 196, 136
    
      136, 135, 195
    
      135, 132, 195
    
      19, 18, 185
    
      19, 511, 18
    
      19, 185, 163
    
      99, 185, 18
    
      99, 104, 185
    
      511, 141, 18
    
      18, 141, 423
    
      99, 18, 469
    
      423, 469, 18
    
      141, 511, 160
    
      163, 185, 23
    
      104, 242, 185
    
      185, 242, 23
    
      163, 23, 107
    
      506, 505, 107
    
      107, 505, 162
    
      107, 162, 163
    
      261, 332, 386
    
      261, 386, 212
    
      386, 275, 212
    
      485, 383, 51
    
      485, 51, 488
    
      488, 409, 485
    
      378, 332, 358
    
      332, 378, 386
    
      280, 216, 474
    
      373, 474, 216
    
      192, 190, 116
    
      104, 99, 319
    
      421, 104, 319
    
      99, 469, 319
    
      469, 265, 319
    
      265, 366, 319
    
      265, 153, 366
    
      469, 520, 265
    
      153, 265, 520
    
      469, 252, 520
    
      423, 252, 469
    
      208, 520, 252
    
      482, 359, 131
    
      46, 359, 482
    
      62, 354, 295
    
      62, 177, 354
    
      481, 62, 295
    
      295, 491, 481
    
      35, 84, 36
    
      84, 15, 36
    
      84, 58, 15
    
      479, 480, 232
    
      232, 172, 479
    
      232, 480, 66
    
      480, 426, 66
    
      300, 137, 431
    
      66, 149, 471
    
      256, 149, 66
    
      232, 66, 471
    
      288, 232, 471
    
      346, 288, 471
    
      288, 346, 398
    
      346, 471, 425
    
      425, 471, 369
    
      232, 288, 503
    
      503, 506, 232
    
      506, 289, 232
    
      289, 172, 232
    
      345, 288, 398
    
      399, 345, 398
    
      503, 505, 506
    
      503, 288, 186
    
      186, 505, 503
    
      288, 345, 19
    
      186, 288, 19
    
      19, 505, 186
    
      505, 19, 162
    
      345, 238, 19
    
      238, 443, 19
    
      234, 443, 238
    
      238, 352, 234
    
      174, 443, 234
    
      385, 234, 352
    
      443, 174, 17
    
      385, 73, 234
    
      385, 332, 73
    
      73, 332, 261
    
      73, 174, 234
    
      149, 256, 6
    
      150, 6, 256
    
      73, 261, 483
    
      6, 348, 149
    
      45, 483, 261
    
      212, 45, 261
    
      212, 406, 45
    
      45, 406, 428
    
      428, 406, 412
    
      428, 412, 149
    
      348, 428, 149
    
      149, 412, 181
    
      428, 348, 210
    
      6, 210, 348
    
      90, 167, 89
    
      89, 167, 411
    
      297, 90, 89
    
      167, 90, 182
    
      411, 167, 388
    
      411, 148, 89
    
      89, 166, 297
    
      89, 148, 150
    
      237, 89, 150
    
      166, 89, 497
    
      237, 497, 89
    
      147, 150, 148
    
      239, 119, 465
    
      465, 119, 315
    
      465, 315, 101
    
      101, 315, 25
    
      160, 476, 214
    
      476, 72, 214
    
      449, 160, 214
    
      141, 160, 449
    
      157, 449, 214
    
      72, 157, 214
    
      449, 157, 514
    
      449, 514, 252
    
      449, 252, 141
    
      202, 518, 335
    
      7, 518, 202
    
      202, 335, 337
    
      202, 337, 410
    
      410, 88, 202
    
      7, 202, 142
    
      335, 381, 337
    
      444, 142, 202
    
      88, 444, 202
    
      226, 381, 335
    
      518, 47, 335
    
      482, 335, 47
    
      482, 226, 335
    
      161, 23, 242
    
      241, 161, 242
    
      313, 241, 242
    
      103, 313, 242
    
      313, 103, 308
    
      242, 104, 103
    
      308, 103, 104
    
      499, 313, 308
    
      313, 499, 314
    
      463, 314, 499
    
      23, 161, 107
    
      107, 161, 506
    
      244, 506, 161
    
      92, 351, 82
    
      515, 476, 73
    
      476, 174, 73
    
      515, 73, 483
    
      515, 483, 44
    
      457, 126, 80
    
      457, 80, 360
    
      360, 305, 457
    
      192, 457, 305
    
      457, 192, 116
    
      126, 457, 125
    
      457, 116, 125
    
      360, 80, 1
    
      360, 193, 305
    
      305, 193, 192
    
      0, 360, 1
    
      193, 454, 192
    
      80, 453, 1
    
      453, 191, 1
    
      82, 351, 250
    
      443, 511, 19
    
      17, 511, 443
    
      254, 231, 342
    
      231, 254, 379
    
      254, 496, 379
    
      33, 254, 342
    
      27, 112, 113
    
      27, 113, 283
    
      464, 27, 283
    
      494, 491, 39
    
      39, 140, 494
    
      116, 28, 327
    
      190, 28, 116
    
      28, 190, 434
    
      311, 434, 190
    
      356, 260, 169
    
      80, 139, 129
    
      139, 80, 373
    
      129, 139, 306
    
      306, 139, 490
    
      373, 80, 194
    
      474, 373, 194
    
      194, 80, 126
    
      126, 474, 194
    
      474, 126, 280
    
      126, 137, 280
    
      280, 137, 300
    
      160, 174, 476
    
      174, 160, 17
    
      205, 421, 436
    
      131, 374, 200
    
      374, 131, 375
    
      374, 375, 358
    
      375, 378, 358
    
      374, 286, 200
    
      375, 131, 359
    
      375, 359, 378
    
      382, 378, 359
    
      359, 213, 382
    
      213, 407, 382
    
      155, 347, 213
    
      407, 213, 347
    
      155, 439, 347
    
      296, 347, 439
    
      379, 227, 64
    
      24, 64, 227
    
      24, 504, 64
    
      113, 436, 283
    
      328, 304, 401
    
      328, 401, 227
    
      304, 328, 48
    
      328, 227, 496
    
      496, 405, 328
    
      405, 336, 328
    
      336, 48, 328
    
      227, 379, 496
    
      24, 227, 401
    
      320, 240, 100
    
      100, 177, 320
    
      454, 187, 105
    
      454, 105, 461
    
      461, 192, 454
    
      311, 192, 461
    
      20, 217, 508
    
      20, 286, 217
    
      510, 20, 508
    
      268, 217, 286
    
      286, 321, 268
    
      217, 268, 399
    
      398, 217, 399
    
      398, 218, 217
    
      508, 217, 318
    
      217, 218, 318
    
      92, 38, 446
    
      446, 38, 255
    
      476, 515, 72
    
      515, 484, 72
    
      484, 157, 72
    
      243, 199, 287
    
      215, 287, 199
    
      243, 56, 199
    
      56, 243, 442
    
      216, 215, 199
    
      243, 380, 442
    
      380, 243, 203
    
      287, 311, 243
    
      312, 243, 311
    
      277, 287, 215
    
      277, 327, 287
    
      277, 215, 159
    
      287, 327, 434
    
      215, 216, 159
    
      311, 287, 434
    
      56, 373, 199
    
      139, 373, 56
    
      139, 56, 49
    
      139, 49, 490
    
      56, 48, 49
    
      48, 489, 49
    
      49, 489, 490
    
      4, 488, 41
    
      112, 27, 26
    
      439, 7, 33
    
      296, 439, 33
    
      33, 7, 142
    
      296, 33, 445
    
      445, 392, 296
    
      392, 276, 296
    
      296, 276, 347
    
      392, 445, 342
    
      439, 518, 7
    
      347, 276, 406
    
      142, 37, 33
    
      309, 310, 304
    
      304, 310, 401
    
      401, 310, 400
    
      400, 24, 401
    
      504, 24, 400
    
      33, 37, 254
    
      37, 404, 254
    
      496, 254, 404
    
      405, 496, 404
    
      266, 405, 404
    
      302, 250, 351
    
      201, 152, 253
    
      298, 253, 152
    
      298, 79, 253
    
      79, 391, 253
    
      376, 391, 79
    
      108, 134, 175
    
      22, 464, 98
    
      464, 283, 98
    
      79, 252, 514
    
      252, 79, 298
    
      252, 298, 208
    
      177, 316, 354
    
      100, 316, 177
    
      100, 30, 316
    
      442, 204, 179
    
      441, 325, 456
    
      455, 456, 325
    
      1, 370, 0
    
      370, 235, 0
    
      151, 0, 473
    
      0, 235, 473
    
      435, 398, 346
    
      352, 238, 321
    
      489, 336, 513
    
      266, 513, 336
    
      2, 236, 369
    
      212, 275, 406
    
      116, 327, 314
    
      319, 209, 421
    
      80, 129, 453
    
      329, 179, 473
    
      329, 63, 179
    
      473, 235, 329
    
      312, 105, 466
    
      289, 106, 172
    
      312, 311, 461
    
      105, 312, 461
    
      28, 434, 327
    
      180, 472, 441
    
      325, 441, 472
    
      371, 456, 193
    
      371, 441, 456
    
      153, 365, 366
    
      133, 140, 178
    
      336, 489, 48
    
      209, 319, 366
    
      244, 289, 506
    
      173, 77, 81
    
      295, 354, 246
    
      246, 39, 295
    
      354, 316, 246
    
      295, 39, 491
    
      246, 178, 39
    
      30, 246, 316
    
      178, 140, 39
    
      403, 353, 294
    
      331, 294, 353
    
      331, 353, 330
    
      330, 381, 331
    
      331, 226, 294
    
      294, 226, 482
    
      482, 293, 294
    
      331, 381, 226
    
      104, 282, 308
    
      104, 206, 282
    
      421, 206, 104
    
      426, 498, 497
    
      498, 166, 497
    
      166, 498, 220
    
      297, 166, 220
    
      240, 30, 100
    
      30, 240, 29
    
      240, 362, 29
    
      240, 219, 362
    
      362, 361, 29
    
      268, 321, 238
    
      238, 345, 268
    
      399, 268, 345
    
      239, 465, 94
    
      243, 312, 466
    
      203, 243, 466
    
      180, 203, 466
    
      466, 309, 180
    
      309, 304, 180
    
      180, 304, 329
    
      304, 48, 329
    
      329, 48, 230
    
      63, 329, 230
    
      48, 56, 230
    
      230, 56, 63
    
      442, 63, 56
    
      381, 62, 481
    
      381, 330, 62
    
      330, 177, 62
    
      353, 177, 330
    
      198, 356, 280
    
      300, 198, 280
    
      198, 260, 356
    
      361, 269, 133
    
      88, 133, 269
    
      269, 444, 88
    
      88, 389, 133
    
      417, 361, 133
    
      140, 133, 389
    
      152, 207, 208
    
      207, 520, 208
    
      520, 207, 365
    
      520, 365, 153
    
      481, 337, 381
    
      481, 410, 337
    
      481, 491, 410
    
      494, 410, 491
    
      428, 492, 45
    
      293, 482, 131
    
      262, 128, 245
    
      245, 454, 262
    
      455, 262, 454
    
      454, 245, 187
    
      483, 45, 44
    
      433, 394, 282
    
      423, 141, 252
    
      44, 45, 492
    
      421, 205, 206
    
      116, 314, 432
    
      314, 463, 432
    
      358, 332, 385
    
      352, 358, 385
    
      293, 131, 414
    
      204, 151, 179
    
      151, 473, 179
    
      441, 371, 204
    
      204, 371, 151
    
      14, 142, 444
    
      177, 353, 320
    
      286, 20, 200
    
      433, 282, 205
    
      253, 391, 201
    
      436, 421, 209
    
      47, 46, 482
    
      364, 334, 241
    
      263, 458, 357
    
      17, 160, 511
    
      417, 29, 361
    
      435, 218, 398
    
      504, 218, 435
    
      389, 88, 410
    
      410, 494, 389
    
      389, 494, 140
    
      298, 152, 208
    
      393, 392, 342
    
      393, 236, 392
    
      2, 392, 236
    
      180, 329, 472
    
      472, 329, 235
    
      472, 235, 370
    
      325, 472, 370
    
      282, 206, 205
    
      199, 373, 216
    
      0, 151, 360
    
      280, 356, 159
    
      216, 280, 159
    
      218, 504, 400
    
      193, 360, 151
    
      197, 198, 300
    
      405, 266, 336
    
      106, 289, 244
    
      192, 311, 190
   
    
      -0.0209300003052
      -0.00412900018692
      0.159899993896
    
      -0.0213700008392
      -0.00517100000381
      0.160100006104
    
      -0.00808699989319
      -0.0111499996185
      0.16
    
      0.00659200000763
      -0.0352200012207
      0.106100006104
    
      0.00763100004196
      -0.0330400009155
      0.004
    
      0.00407399988174
      -0.0335600013733
      0.130800018311
    
      -0.00150199997425
      -0.0173799991608
      0.160200012207
    
      -0.00345199990273
      -0.01325
      0.166200012207
    
      0.0182399997711
      -0.0270599994659
      0.0159000091553
    
      0.0203500003815
      -0.0239899997711
      0.130100006104
    
      0.00372300004959
      -0.0171200008392
      0.148700012207
    
      0.0235499992371
      -0.0221000003815
      0.109899993896
    
      0.0260900001526
      -0.00957499980927
      0.00360000610352
    
      0.0259300003052
      0.00484999990463
      0.00520001220703
    
      -0.00978699970245
      -0.0105200004578
      0.1665
    
      -0.0164599990845
      -0.0335999984741
      0.00390000915527
    
      0.00679300022125
      0.0257199993134
      0.104700012207
    
      0.00480200004578
      0.00621600008011
      0.1595
    
      9.93399992585e-05
      0.00959099960327
      0.148100006104
    
      -0.00275500011444
      0.00868099975586
      0.159399993896
    
      -0.000753300011158
      0.00321700000763
      0.164700012207
    
      -0.0214099998474
      0.0227600002289
      0.076700012207
    
      -0.0200699996948
      0.0227299995422
      0.126600006104
    
      -0.0133699998856
      0.00613999986649
      0.156399993896
    
      -0.00990400028229
      -0.00127400004864
      0.163800018311
    
      -0.0271299991608
      0.0159200000763
      0.00280000305176
    
      -0.0294400005341
      0.0146000003815
      0.1205
    
      -0.0255599994659
      0.0179200000763
      0.128899993896
    
      -0.0213199996948
      0.000148000001907
      0.154700012207
    
      -0.00803600025177
      -0.00323300004005
      0.172800018311
    
      -0.00658599996567
      -0.002007999897
      0.173899993896
    
      -0.0350299987793
      0.000377700001001
      0.129300018311
    
      -0.0359399986267
      -0.0124099998474
      0.0211000061035
    
      -0.00635900020599
      -0.0126300001144
      0.164300018311
    
      -0.0354000015259
      -0.0125200004578
      0.00440000915527
    
      -0.0255400009155
      -0.0273299999237
      0.00320001220703
    
      -0.0229099998474
      -0.0304200000763
      0.00610000610352
    
      -0.0094359998703
      -0.0112600002289
      0.165700012207
    
      -0.00724900007248
      -0.0369799995422
      0.115399993896
    
      -0.00399799990654
      -0.00802200031281
      0.174300018311
    
      0.012779999733
      -0.0319500007629
      0.0723000183105
    
      0.0117700004578
      -0.0318199996948
      0.0135
    
      0.0126300001144
      -0.0312000007629
      0.127899993896
    
      0.000676999986172
      -0.0174899997711
      0.144600006104
    
      0.00915900039673
      -0.0115200004578
      0.157899993896
    
      0.00581500005722
      -0.01275
      0.160200012207
    
      0.00520800018311
      -0.00943099975586
      0.166100006104
    
      0.00333899998665
      -0.0106000003815
      0.167
    
      -0.0166100006104
      -0.00636499977112
      0.162200012207
    
      -0.0184099998474
      -0.00846300029755
      0.160700012207
    
      -0.0233700008392
      -0.0246100006104
      0.00170001220703
    
      0.0224099998474
      -0.0212999992371
      0.00480000305176
    
      0.0221100006104
      -0.0229200000763
      0.0279000091553
    
      0.0232600002289
      -0.0186599998474
      0.130800018311
    
      0.0191800003052
      -0.0274099998474
      0.113200012207
    
      0.0241499996185
      -0.0138699998856
      0.1315
    
      -0.0185300006866
      -0.0074310002327
      0.159300018311
    
      -0.0360299987793
      0.00297399997711
      0.027700012207
    
      -0.0132100000381
      -0.0339099998474
      0.00280000305176
    
      0.0255300006866
      -0.0166200008392
      0.0279000091553
    
      0.0279300003052
      -0.0119399995804
      0.123700012207
    
      0.00873700046539
      -0.012220000267
      0.148800018311
    
      0.00127999997139
      -0.00405499982834
      0.173600006104
    
      -0.0176399993896
      -0.0060609998703
      0.159899993896
    
      -0.0102399997711
      -0.0035720000267
      0.163100006104
    
      -0.0103299999237
      -0.00616599988937
      0.161100006104
    
      -0.0143100004196
      -0.0105900001526
      0.160300018311
    
      -0.0354099998474
      -0.0118599996567
      0.115300018311
    
      0.0270400009155
      -0.00432700014114
      0.00430000305176
    
      0.0264599990845
      0.00590999984741
      0.0309000091553
    
      0.0277399997711
      -0.00178699994087
      0.0256000061035
    
      0.0257700004578
      0.000766099989414
      0.131100006104
    
      0.0108500003815
      -0.00167599999905
      0.149899993896
    
      0.00935200023651
      -0.00399499988556
      0.160399993896
    
      -0.0268400001526
      -0.0271399993896
      0.113100006104
    
      -0.0309300003052
      -0.0211599998474
      0.00340000915527
    
      -0.0334399986267
      -0.0187299995422
      0.020200012207
    
      -0.0298099994659
      -0.0232399997711
      0.128600006104
    
      -0.0334099998474
      -0.0179500007629
      0.095200012207
    
      0.00723000001907
      -0.000649600028992
      0.143200012207
    
      -0.0224200000763
      -0.00749800014496
      0.157700012207
    
      -0.0286200008392
      -0.0174300003052
      0.132399993896
    
      -0.015220000267
      -0.0351100006104
      0.1135
    
      -0.0189599990845
      -0.0330699996948
      0.0106000061035
    
      -0.0190799999237
      -0.0309599990845
      0.00240000915527
    
      0.00920300006866
      0.025
      0.0443000030518
    
      0.0131999998093
      0.0227600002289
      0.0249000091553
    
      0.0108599996567
      0.0205499992371
      0.131300018311
    
      -0.00572200012207
      -0.00945699977875
      0.170700012207
    
      -0.00840699958801
      -0.0187999992371
      0.155300018311
    
      -0.0118199996948
      -0.0168299999237
      0.146300018311
    
      0.00213599991798
      0.02525
      0.130300018311
    
      -0.00972700023651
      -0.0351199989319
      0.13
    
      -0.0209400005341
      0.0226499996185
      0.102600006104
    
      -0.0142100000381
      0.0262700004578
      0.00990000915527
    
      -0.0130500001907
      0.0257000007629
      0.121600006104
    
      -0.0101000003815
      0.0270900001526
      0.00460000610352
    
      -0.00793300008774
      0.0268199996948
      0.107800018311
    
      -0.0127899999619
      0.0238600006104
      0.130600006104
    
      -0.00520900011063
      0.00901099967957
      0.145600006104
    
      -0.00363400006294
      -0.000338999986649
      0.172700012207
    
      -0.0253299999237
      0.0199699993134
      0.00490000915527
    
      -0.0234200000763
      0.0214599990845
      0.0199000091553
    
      -0.0154399995804
      0.0040110001564
      0.147700012207
    
      -0.0103500003815
      0.00678599977493
      0.145200012207
    
      -0.0202099990845
      -0.000418199986219
      0.159300018311
    
      -0.0177000007629
      0.00100699996948
      0.159
    
      -0.0141099996567
      0.00528900003433
      0.158899993896
    
      0.0140399999619
      0.0150699996948
      0.00160000610352
    
      0.009375
      -0.00187199997902
      0.0
    
      -0.0337900009155
      0.00960700035095
      0.0101000061035
    
      -0.0336599998474
      0.0098140001297
      0.0505
    
      -0.0318799991608
      0.0103100004196
      0.128100006104
    
      -0.0252600002289
      0.00934000015259
      0.133700012207
    
      -0.0329799995422
      0.00515799999237
      0.130399993896
    
      -0.0343800010681
      0.00604799985886
      0.114300018311
    
      -0.0220300006866
      -2.78600007296e-05
      0.153600006104
    
      0.0241499996185
      -0.00155599999428
      0.00170001220703
    
      -0.000905300021172
      0.0234699993134
      0.00170001220703
    
      -0.0155600004196
      0.0161399993896
      0.00120001220703
    
      -0.0314300003052
      0.00734700012207
      0.00220001220703
    
      -0.0368499984741
      -0.00535900020599
      0.0196000061035
    
      -0.0357900009155
      -0.00918500041962
      0.128200012207
    
      -0.0363499984741
      -0.00478399991989
      0.086
    
      -0.0360900001526
      -0.005367000103
      0.125399993896
    
      -0.0223299999237
      -0.00314400005341
      0.150200012207
    
      -0.0233199996948
      -0.00724399995804
      0.152100006104
    
      -0.0192900009155
      -0.00758099985123
      0.162800018311
    
      -0.0187700004578
      -0.00425899982452
      0.164100006104
    
      -0.0214400005341
      -0.0079439997673
      0.1605
    
      -0.0142399997711
      -0.00428800010681
      0.166700012207
    
      0.00640000009537
      -0.00241700005531
      0.165
    
      0.0263700008392
      0.00719899988174
      0.113600006104
    
      -0.00757999992371
      -0.0079439997673
      0.172700012207
    
      0.0155799999237
      0.0200200004578
      0.004
    
      0.0223299999237
      0.0116000003815
      0.130399993896
    
      0.018
      0.0151000003815
      0.131
    
      -0.0218099994659
      -0.00881999969482
      0.150100006104
    
      -0.0214300003052
      -0.00723099994659
      0.148700012207
    
      -0.0202800006866
      -0.00897999954224
      0.159300018311
    
      -0.00544299983978
      -0.00894799995422
      0.173899993896
    
      0.00382500004768
      0.00836600017548
      0.147899993896
    
      -0.00617500019073
      -0.0126099996567
      0.166300018311
    
      -0.00771999979019
      -0.0349500007629
      0.00270001220703
    
      -0.00235700011253
      -0.0359000015259
      0.00640000915527
    
      -0.00518300008774
      -0.0369700012207
      0.0798999938965
    
      -0.00100300002098
      -0.0160499992371
      0.142600006104
    
      -0.00190400004387
      -0.0182199993134
      0.159300018311
    
      -0.00376200008392
      -0.0193799991608
      0.157
    
      -0.0044310002327
      -0.0141999998093
      0.159899993896
    
      -0.00639499998093
      -0.0183799991608
      0.159
    
      -0.0209899997711
      -0.00411800003052
      0.159600006104
    
      0.00546299982071
      0.00495399999619
      0.140100006104
    
      -0.00131400001049
      0.00596400022507
      0.141800018311
    
      -0.00363599991798
      -0.0346699981689
      0.003
    
      0.00037160000205
      -0.0124899997711
      0.164300018311
    
      0.0270599994659
      -0.00997299957275
      0.0106000061035
    
      0.00957699966431
      1.56699996442e-05
      0.145399993896
    
      -0.0130399999619
      -0.00736000013351
      0.166700012207
    
      -0.0207600002289
      -0.00711999988556
      0.1525
    
      0.00635300016403
      0.00578599977493
      0.156600006104
    
      -0.0158400001526
      0.00316000008583
      0.155399993896
    
      -0.00952299976349
      0.00730800008774
      0.159300018311
    
      -0.010279999733
      0.00742299985886
      0.158700012207
    
      -0.0323899993896
      0.0107299995422
      0.120800018311
    
      -0.0173899993896
      -0.00848700046539
      0.145800018311
    
      -0.0131999998093
      -0.0162600002289
      0.155399993896
    
      -0.00500699996948
      -0.0194200000763
      0.146300018311
    
      0.0191399993896
      -0.0270100002289
      0.0601000061035
    
      -0.0185699996948
      -0.00541699981689
      0.151
    
      0.0253400001526
      -0.0146000003815
      0.004
    
      0.0269799995422
      -0.00573600006104
      0.130300018311
    
      -0.0179400005341
      -0.00173099994659
      0.1595
    
      -0.0340900001526
      -0.0157100000381
      0.127899993896
    
      0.00850599956512
      0.00118099999428
      0.159899993896
    
      0.0216000003815
      0.0127399997711
      0.0035
    
      0.02475
      0.00986200046539
      0.0465
    
      -0.000437400013208
      -0.000932299971581
      0.172899993896
    
      -0.00727299976349
      -0.007007999897
      0.174300018311
    
      -0.0189699993134
      -0.00523400020599
      0.159899993896
    
      -0.0176100006104
      -0.00361400008202
      0.160600006104
    
      -0.00528200006485
      -0.0124300003052
      0.160100006104
    
      -0.00793400001526
      -0.0174300003052
      0.143899993896
    
      -0.000555499970913
      0.0275200004578
      0.0336000061035
    
      -0.011279999733
      0.0271200008392
      0.011
    
      -0.00848799991608
      0.00843099975586
      0.154600006104
    
      -0.00758699989319
      0.00621400022507
      0.159899993896
    
      -0.0196499996185
      -0.00052380001545
      0.161100006104
    
      -0.0238600006104
      0.0201700000763
      0.111399993896
    
      -0.0308299999237
      0.0137600002289
      0.0796000061035
    
      -0.0213999996185
      -0.000290100008249
      0.156
    
      -0.0208700008392
      -0.00411600017548
      0.161100006104
    
      -0.0219200000763
      -0.00161699998379
      0.158
    
      -0.0217000007629
      -0.00297799992561
      0.158899993896
    
      -0.0225100002289
      -0.00797100019455
      0.155200012207
    
      0.0221399993896
      0.0142899999619
      0.104300018311
    
      0.0179799995422
      0.0190900001526
      0.108800018311
    
      -0.0177800006866
      -0.0118299999237
      0.148600006104
    
      -0.01925
      -0.00985099983215
      0.15
    
      -0.0201000003815
      -0.00644000005722
      0.156300018311
    
      0.00313100004196
      0.00200600004196
      0.1645
    
      0.0106300001144
      0.00215000009537
      0.138800018311
    
      -0.00340300011635
      -0.0108699998856
      0.168100006104
    
      -0.0182999992371
      -0.0028599998951
      0.159700012207
    
      -0.0191900005341
      -0.00487300014496
      0.159399993896
    
      -0.0126599998474
      0.00284999990463
      0.140800018311
    
      -0.0109300003052
      0.003375
      0.142600006104
    
      0.00159300005436
      0.00495599985123
      0.141700012207
    
      0.00289899992943
      0.00446700000763
      0.142700012207
    
      -0.00604899978638
      0.00578299999237
      0.141399993896
    
      0.000514800012112
      -0.0173600006104
      0.16
    
      0.00247000002861
      -0.0337999992371
      0.00240000915527
    
      0.00262400007248
      -0.00958699989319
      0.161
    
      0.00321499991417
      -0.011
      0.164600006104
    
      0.00937600040436
      0.00226099991798
      0.149600006104
    
      -0.0204599990845
      -0.00581599998474
      0.153800018311
    
      -0.0214400005341
      -0.00797800016403
      0.154100006104
    
      -0.00473000001907
      0.0021210000515
      0.162300018311
    
      -0.00745900011063
      0.00104200005531
      0.163
    
      -0.00935599994659
      -0.00253500008583
      0.168200012207
    
      -0.0149499998093
      -0.0141999998093
      0.153899993896
    
      -0.00721199989319
      -0.0163199996948
      0.141100006104
    
      0.00273600006104
      -0.0148199996948
      0.142
    
      0.00480800008774
      -0.0134399995804
      0.142800018311
    
      0.0200900001526
      -0.0263099994659
      0.127800018311
    
      0.0127899999619
      -0.0101599998474
      0.138100006104
    
      0.00280800008774
      -0.00712799978256
      0.168100006104
    
      -0.0111199998856
      -0.00379999995232
      0.164300018311
    
      -0.0321100006104
      -0.0151400003433
      0.00220001220703
    
      0.00902000045776
      -0.0063060002327
      0.142
    
      -0.0175799999237
      -0.00640799999237
      0.1605
    
      -0.00982999992371
      -0.00699300003052
      0.163300018311
    
      -0.0161499996185
      -0.00598600006104
      0.159600006104
    
      0.0240100002289
      0.00595300006866
      0.131300018311
    
      0.00681500005722
      -0.000854099988937
      0.160600006104
    
      -0.0200599994659
      -0.00427400016785
      0.160399993896
    
      -0.00917599964142
      -0.0101199998856
      0.160800018311
    
      -0.00895800018311
      -0.0177399997711
      0.159600006104
    
      0.000250200003386
      0.00279699993134
      0.160100006104
    
      -0.0113699998856
      0.0256200008392
      0.00280000305176
    
      -0.0055609998703
      -0.00088630002737
      0.170899993896
    
      -0.0168899993896
      0.00225699996948
      0.150399993896
    
      -0.0148999996185
      0.00503000020981
      0.149899993896
    
      -0.0192299995422
      -0.00308999991417
      0.157800018311
    
      -0.0167800006866
      0.00231999993324
      0.159200012207
    
      -0.0186900005341
      -0.000881799995899
      0.162600006104
    
      -0.00664799976349
      -0.00451800012589
      0.1745
    
      -0.0148900003433
      -0.00743800020218
      0.141899993896
    
      -0.0149499998093
      -0.00467100000381
      0.141899993896
    
      -0.0189200000763
      -0.00379699993134
      0.139399993896
    
      -0.0215499992371
      -0.0318299999237
      0.119899993896
    
      -0.0258899993896
      -0.0276800003052
      0.128600006104
    
      0.00472700023651
      0.00632899999619
      0.144200012207
    
      0.00628399991989
      0.000681999981403
      0.142200012207
    
      -0.00945899963379
      -0.0102299995422
      0.164600006104
    
      -0.00114499998093
      -0.0371300010681
      0.117300018311
    
      -0.00834700012207
      -0.0165100002289
      0.159899993896
    
      -0.00666200017929
      0.0219400005341
      0.132399993896
    
      -0.0228099994659
      -0.00680800008774
      0.150300018311
    
      -0.0196200008392
      0.0232000007629
      0.114300018311
    
      -0.0180599994659
      -0.00936800003052
      0.1505
    
      0.00503599977493
      -0.00759100008011
      0.160800018311
    
      -0.0204400005341
      -0.00225099992752
      0.161600006104
    
      -0.0130100002289
      -0.0122600002289
      0.143200012207
    
      -0.00395799994469
      0.0109899997711
      0.138300018311
    
      -0.00219600009918
      0.00650199985504
      0.142399993896
    
      -0.0148800001144
      -0.00784299993515
      0.165
    
      -0.0343100013733
      0.00452299976349
      0.128600006104
    
      -0.002757999897
      0.0022990000248
      0.160800018311
    
      -0.00777600002289
      -0.00799100017548
      0.169600006104
    
      -0.0184599990845
      -0.009875
      0.139100006104
    
      -0.0103999996185
      -0.00362800002098
      0.161200012207
    
      -0.0168899993896
      -0.0101899995804
      0.153700012207
    
      -0.0177099990845
      0.0245
      0.0775
    
      -0.0102399997711
      -0.0142600002289
      0.141200012207
    
      0.0010870000124
      -0.00977299976349
      0.161899993896
    
      -0.00329800009727
      -0.0118500003815
      0.161300018311
    
      -0.0198500003815
      -0.00341400003433
      0.152100006104
    
      -0.0129499998093
      -0.0173899993896
      0.138600006104
    
      0.0229500007629
      0.00771700000763
      0.00220001220703
    
      -0.0217399997711
      -0.00864799976349
      0.151800018311
    
      0.00820100021362
      -0.0100900001526
      0.141700012207
    
      -0.0128199996948
      0.00104200005531
      0.142600006104
    
      -0.0202000007629
      0.0181499996185
      0.132
    
      -0.0301800003052
      0.0138299999237
      0.00410000610352
    
      0.00806799983978
      -0.00985299968719
      0.143600006104
    
      -0.000509400010109
      0.00186199998856
      0.162899993896
    
      -0.0202399997711
      -0.00227500009537
      0.154100006104
    
      -0.00896300029755
      0.00203299999237
      0.16
    
      -0.0172900009155
      0.000248600006104
      0.16
    
      0.00968999958038
      0.0219899997711
      0.00220001220703
    
      0.0130200004578
      -0.00278099989891
      0.138600006104
    
      0.0260499992371
      -0.0171100006104
      0.129100006104
    
      0.00582600021362
      -0.00300600004196
      0.1675
    
      0.0033180000782
      -0.00391899991035
      0.168
    
      -0.000591400027275
      -0.00592999982834
      0.1745
    
      -0.00415100002289
      -0.0121700000763
      0.162800018311
    
      -0.0131199998856
      -0.0161900005341
      0.152100006104
    
      0.00503499984741
      0.00240799999237
      0.142800018311
    
      -0.00977299976349
      -0.00739400005341
      0.167899993896
    
      -0.0199699993134
      -0.00993500041962
      0.149399993896
    
      -0.0100600004196
      -0.01525
      0.143200012207
    
      -0.0227999992371
      -0.0306800003052
      0.127899993896
    
      0.0194699993134
      0.0171100006104
      0.0255
    
      -0.0158299999237
      -0.00339700007439
      0.162800018311
    
      -0.0223500003815
      -0.00328399991989
      0.157600006104
    
      -0.0205900001526
      -0.0081859998703
      0.161100006104
    
      -0.0151800003052
      -0.00594600009918
      0.143100006104
    
      -0.0159300003052
      0.0025569999218
      0.146600006104
    
      -0.0168999996185
      -0.000985199987888
      0.163200012207
    
      -0.0135500001907
      -0.000554499983788
      0.165
    
      -0.0207700004578
      -0.000512099981308
      0.156800018311
    
      -0.0198600006104
      -0.000802399992943
      0.1585
    
      -0.0178999996185
      0.00236400008202
      0.148899993896
    
      -0.0203400001526
      0.000917299985886
      0.150600006104
    
      -0.0234699993134
      0.0186100006104
      0.00260000610352
    
      -0.00409899997711
      -0.00138499999046
      0.174100006104
    
      -0.00378999996185
      0.00105499994755
      0.167899993896
    
      -0.00782700014114
      0.00198099994659
      0.165100006104
    
      -0.00574700021744
      0.00659899997711
      0.142700012207
    
      -0.00168599998951
      -0.000307300001383
      0.170600006104
    
      3.84300015867e-05
      0.00120299994946
      0.161100006104
    
      -0.000845200002193
      0.0271299991608
      0.108
    
      0.00446199989319
      0.0247700004578
      0.00270001220703
    
      -0.0200900001526
      -0.0326399993896
      0.081700012207
    
      -0.0202299995422
      -0.00351399993896
      0.160100006104
    
      0.0282399997711
      -0.000151399999857
      0.103300018311
    
      -0.0207600002289
      -0.000352400004864
      0.1525
    
      -0.0128599996567
      -0.00471999979019
      0.164300018311
    
      -0.0177000007629
      -0.0055529999733
      0.1605
    
      0.0014240000248
      -0.00388100004196
      0.170700012207
    
      0.00215700006485
      -0.00530399990082
      0.169100006104
    
      0.0039960000515
      -0.00468699979782
      0.161200012207
    
      0.0267900009155
      -0.0156800003052
      0.113200012207
    
      -0.0175300006866
      -0.00115499997139
      0.152200012207
    
      0.00080940002203
      -0.00989200019836
      0.167800018311
    
      -0.0153999996185
      -0.00699399995804
      0.163800018311
    
      -0.00106099998951
      -0.00884599971771
      0.170200012207
    
      0.00201099991798
      -0.0153500003815
      0.143
    
      0.00194599997997
      -0.0192600002289
      0.138700012207
    
      -0.00751200008392
      -0.0160400009155
      0.142600006104
    
      0.00920699977875
      0.0240799999237
      0.00420001220703
    
      -0.00807800006866
      -0.0104300003052
      0.163200012207
    
      -0.0361800003052
      -0.00964099979401
      0.068200012207
    
      -0.0176200008392
      -0.00742399978638
      0.152100006104
    
      -0.00447399997711
      0.00348300004005
      0.160300018311
    
      -0.009875
      -0.000690400004387
      0.16
    
      -0.00121399998665
      -0.0114200000763
      0.162800018311
    
      0.00030989998579
      -0.0167000007629
      0.16
    
      -0.0044279999733
      -0.0171000003815
      0.143100006104
    
      -0.003875
      -0.0332799987793
      0.00190000915527
    
      -0.0160100002289
      -0.0318799991608
      0.130700012207
    
      0.00226099991798
      -0.000595499992371
      0.160899993896
    
      0.00104200005531
      -0.00242700004578
      0.169700012207
    
      -0.00146700000763
      -0.00260599994659
      0.1745
    
      -0.0167299995422
      -0.0124899997711
      0.1495
    
      -0.0195
      -0.00777099990845
      0.150800018311
    
      -0.0123900003433
      -0.0118100004196
      0.142200012207
    
      0.00298399996758
      -0.00248799991608
      0.161600006104
    
      0.00595499992371
      -0.00703100013733
      0.164600006104
    
      -0.0222000007629
      -0.00526800012589
      0.158399993896
    
      -0.00882299995422
      -0.00528299999237
      0.170300018311
    
      -0.00796099996567
      -0.00278600001335
      0.170800018311
    
      -0.00662099981308
      -4.91000004113e-05
      0.168300018311
    
      -0.0185300006866
      -0.000168500006199
      0.150800018311
    
      -0.00116799998283
      0.00596000003815
      0.141200012207
    
      -0.00373399996758
      0.00602899980545
      0.141800018311
    
      0.00512699985504
      0.0263999996185
      0.0149000091553
    
      0.0129899997711
      0.0230599994659
      0.104
    
      -0.0107100000381
      -0.00859300041199
      0.16
    
      -0.0205599994659
      -0.00388700008392
      0.160200012207
    
      -0.0203700008392
      -0.00377500009537
      0.159399993896
    
      -0.0148699998856
      -0.0125799999237
      0.144899993896
    
      -0.0213799991608
      -0.00821899986267
      0.156399993896
    
      0.00212199997902
      -0.000361900001764
      0.162899993896
    
      0.00402899980545
      -0.00320199990273
      0.163700012207
    
      0.00842599964142
      -0.00376799988747
      0.143600006104
    
      -0.0315200004578
      -0.00738000011444
      0.132600006104
    
      0.00362800002098
      -0.00541300010681
      0.163200012207
    
      -0.0104799995422
      -0.00650099992752
      0.164300018311
    
      -0.0184799995422
      -0.00413000011444
      0.159300018311
    
      0.00115600001812
      -0.006632999897
      0.170100006104
    
      0.002867000103
      -0.00844999980927
      0.163300018311
    
      0.0214899997711
      -0.0146700000763
      0.00130000305176
    
      -0.0126899995804
      -0.0318799991608
      0.00190000915527
    
      0.00473500013351
      -0.00245900011063
      0.160800018311
    
      0.00308400011063
      -0.00721199989319
      0.161800018311
    
      0.0247700004578
      -0.01975
      0.128700012207
    
      -0.000650600016117
      -0.0191900005341
      0.148899993896
    
      -0.00525199985504
      -0.00970699977875
      0.172600006104
    
      -0.0163299999237
      -0.0117700004578
      0.151200012207
    
      0.0080640001297
      -0.00249799990654
      0.142399993896
    
      -0.006742000103
      -0.0113599996567
      0.161100006104
    
      -0.00904399967194
      -0.00898299980164
      0.161800018311
    
      -0.0156000003815
      -0.00179200005531
      0.144399993896
    
      -0.0352400016785
      -0.00602500009537
      0.1295
    
      -0.0356300010681
      -0.000510200023651
      0.127899993896
    
      -0.0110200004578
      -0.00530700016022
      0.167700012207
    
      -0.00690999984741
      0.00159899997711
      0.160700012207
    
      -0.00497399997711
      0.00233200001717
      0.160899993896
    
      -0.00938799953461
      0.000421799987555
      0.164100006104
    
      -0.0121599998474
      -0.00161399996281
      0.164200012207
    
      -0.00884399986267
      0.000743700027466
      0.166899993896
    
      0.000424800008535
      0.000581700026989
      0.1675
    
      -0.011970000267
      -0.0094610004425
      0.165700012207
    
      -0.0136099996567
      -0.00763899993896
      0.164700012207
    
      0.00014280000329
      -0.0119099998474
      0.160600006104
    
      0.00118499994278
      -0.0101099996567
      0.163
    
      0.00592999982834
      -0.0141999998093
      0.144899993896
    
      0.0105399999619
      -0.0301200008392
      0.0025
    
      -0.00289899992943
      -0.00960799980164
      0.1715
    
      -0.00283800005913
      -0.0195799999237
      0.151300018311
    
      -0.00258699989319
      -0.0129099998474
      0.160100006104
    
      -0.00401000022888
      -0.0221399993896
      0.137600006104
    
      0.00416400003433
      0.000939199984074
      0.167
    
      -0.0229699993134
      -0.0294200000763
      0.129600006104
    
      -0.0237299995422
      -0.0302000007629
      0.0458000030518
    
      -0.00844799995422
      -0.0058220000267
      0.173600006104
    
      -0.0349099998474
      -0.0150500001907
      0.066200012207
    
      -0.0345299987793
      -0.002367000103
      0.130700012207
    
      0.00476000022888
      0.0215699996948
      0.00160000610352
    
      -0.00864000034332
      0.00470499992371
      0.142200012207
    
      -0.00343099999428
      0.00634700012207
      0.141
    
      0.00267000007629
      0.00881599998474
      0.145200012207
    
      -0.013529999733
      -0.0106800003052
      0.141399993896
    
      -0.0113699998856
      -0.00457899999619
      0.160200012207
    
      -0.0156999998093
      -0.0113900003433
      0.159100006104
    
      -0.0309400005341
      0.000231499999762
      0.132899993896
    
      0.00307500004768
      -0.0168099994659
      0.158899993896
    
      -0.00952099990845
      -0.0146899995804
      0.142300018311
    
      -0.0127899999619
      -0.0351899986267
      0.00680000305176
    
      -0.0184099998474
      -0.0106700000763
      0.147800018311
    
      -0.0207900009155
      4.80000004172e-05
      0.1495
    
      -0.0149099998474
      -0.000345600008965
      0.140899993896
    
      -0.0208899993896
      -0.000334600001574
      0.155200012207
    
      -0.00901700019836
      -0.000925100028515
      0.161300018311
    
      -0.0109499998093
      0.00883300018311
      0.138700012207
    
      0.0278299999237
      -0.0108400001526
      0.0665
    
      0.00623099994659
      -0.0124399995804
      0.141800018311
    
      -0.00244499993324
      -0.0131499996185
      0.164300018311
    
      0.00113699996471
      0.00716400003433
      0.140300018311
    
      -0.0191800003052
      -0.00360599994659
      0.159800018311
    
      -0.0183500003815
      -0.00554600000381
      0.159399993896
    
      0.00329099988937
      0.00565100002289
      0.160100006104
    
      -0.00710599994659
      -0.0100500001907
      0.167899993896
    
      -0.00638999986649
      -0.0116599998474
      0.162600006104
    
      -0.00318799996376
      -0.0354000015259
      0.130300018311
    
      -0.00885999965668
      -0.0361100006104
      0.0279000091553
    
      -0.00127699995041
      -0.0362599983215
      0.0443000030518
    
      0.00675400018692
      0.00584800004959
      0.147100006104
    
      -0.0242600002289
      -0.0261299991608
      0.131
    
      -0.02925
      -0.0247299995422
      0.0271000061035
    
      0.0227700004578
      0.0126999998093
      0.0171000061035
    
      -0.0211700000763
      -0.00671600008011
      0.160800018311
    
      -0.0214500007629
      -0.00193700003624
      0.160100006104
    
      -0.0209799995422
      -0.003125
      0.160700012207
    
      -0.0207299995422
      -0.00303200006485
      0.16
    
      -0.0231599998474
      -0.00382399988174
      0.154399993896
    
      -0.0146199998856
      -0.00885700035095
      0.142899993896
    
      -0.0359000015259
      -0.00072000002861
      0.110899993896
    
      -0.0358699989319
      -0.00155599999428
      0.00380000305176
    
      -0.0210400009155
      -0.000779799997807
      0.158600006104
    
      -0.0183899993896
      0.00159200000763
      0.15
    
      -0.0205799999237
      0.000956499993801
      0.149899993896
    
      -0.0206000003815
      0.0208899993896
      0.130300018311
    
      -0.0187000007629
      0.0243899993896
      0.00740000915527
    
      -0.018
      -0.000740299999714
      0.161100006104
    
      -0.00579300022125
      0.0267999992371
      0.129
    
      -0.00893700027466
      0.0272999992371
      0.031200012207
    
      -0.000822099983692
      0.00822999954224
      0.143399993896
    
      -0.0203700008392
      -0.0325699996948
      0.107200012207
    
      -0.0129300003052
      -0.00707499980927
      0.159600006104
    
      -0.0191299991608
      -0.00411600017548
      0.160600006104
    
      -0.0201800003052
      -0.00439900016785
      0.160200012207
    
      -0.0223899993896
      -0.00824800014496
      0.154300018311
    
      -0.0312600002289
      -0.0216000003815
      0.113200012207
    
      0.0103000001907
      2.55200006068e-05
      0.157
    
      0.0277800006866
      -0.00595699977875
      0.024700012207
    
      0.0273799991608
      0.00163900005817
      0.0283000030518
    
      -0.0180300006866
      -0.00379500007629
      0.157700012207
    
      -0.0168199996948
      -0.009
      0.159200012207
    
      0.000304600000381
      -0.00737099981308
      0.172899993896
    
      0.00567100000381
      -0.00701200008392
      0.167300018311
    
      0.00905500030518
      -0.00862699985504
      0.160300018311
    
      0.0107600002289
      -0.0047389998436
      0.146700012207
    
      0.0170200004578
      -0.0243500003815
      0.00170001220703
    
      -0.0272999992371
      -0.00690199995041
      0.000700012207031
    
      -0.0345200004578
      0.00609700012207
      0.00440000915527
    
      0.0162000007629
      -0.0276399993896
      0.0035
    
      -0.01775
      -0.00801500034332
      0.162800018311
    
      -0.0191900005341
      -0.00881000041962
      0.161600006104
    
      -0.00142200005054
      -0.00842399978638
      0.173899993896
    
      0.00746099996567
      -0.0136300001144
      0.157700012207
    
      0.002
      -0.0277000007629
      0.00110000610352
    
      -0.00349300003052
      -0.00946399974823
      0.1735
    
      -0.00430800008774
      -0.0166800003052
      0.141899993896
    
      -0.0115399999619
      -0.00806200027466
      0.164800018311
    
      -0.0123100004196
      -0.0158400001526
      0.158800018311
    
      -0.0162000007629
      -0.0127100000381
      0.155800018311
    
      -0.0192999992371
      0.00110099995136
      0.148600006104
    
      -0.0325699996948
      0.0103400001526
      0.102700012207
    
      -0.0258899993896
      0.0197000007629
      0.0608000030518
    
      -0.0296399993896
      0.0159300003052
      0.0173000030518
    
      -0.01175
      0.00160399997234
      0.160399993896
    
      -0.00891100025177
      -0.000644500017166
      0.163200012207
    
      -0.0100399999619
      0.00614699983597
      0.159800018311
    
      -0.0159300003052
      0.00251399993896
      0.159899993896
    
      -0.0199899997711
      0.0238799991608
      0.0479000091553
    
      -0.00521099996567
      0.00271399998665
      0.166300018311
    
      -0.00201300001144
      0.0271700000763
      0.00390000915527
    
      -7.40899965167e-05
      0.00296300005913
      0.166700012207
    
      0.00296000003815
      0.00798400020599
      0.1575
    
      -0.0180799999237
      -0.0337700004578
      0.0388000030518
    
      -0.0166800003052
      -0.00727899980545
      0.1645
    
      0.00787099981308
      0.00246499991417
      0.144600006104
    
      0.0110200004578
      -0.00676900005341
      0.155899993896
    
      0.0286100006104
      -0.00580800008774
      0.097
    
      0.0112899999619
      -0.0154399995804
      0.137100006104
    
      -5.54899983108e-05
      -0.0126800003052
      0.166300018311
    
      0.00649100017548
      -0.0345299987793
      0.0239000091553
    
      0.000490799993277
      0.00565000009537
      0.142300018311
