
  
 
   
    
      372, 0, 2
    
      2, 1, 372
    
      1, 2, 3
    
      3, 368, 1
    
      29, 3, 2
    
      29, 2, 4
    
      4, 2, 0
    
      4, 0, 133
    
      366, 8, 7
    
      7, 5, 366
    
      5, 7, 6
    
      6, 356, 5
    
      29, 6, 7
    
      29, 7, 3
    
      368, 3, 7
    
      7, 8, 368
    
      352, 9, 11
    
      11, 341, 352
    
      341, 11, 10
    
      10, 337, 341
    
      10, 11, 6
    
      6, 29, 10
    
      356, 6, 11
    
      11, 9, 356
    
      324, 12, 13
    
      13, 325, 324
    
      325, 13, 15
    
      15, 14, 325
    
      15, 13, 10
    
      10, 29, 15
    
      337, 10, 13
    
      13, 12, 337
    
      16, 19, 18
    
      18, 305, 16
    
      17, 18, 19
    
      17, 19, 24
    
      29, 24, 19
    
      29, 19, 15
    
      14, 15, 19
    
      19, 16, 14
    
      20, 21, 23
    
      20, 23, 294
    
      22, 294, 23
    
      22, 23, 30
    
      29, 30, 23
    
      29, 23, 24
    
      24, 23, 21
    
      21, 17, 24
    
      291, 25, 26
    
      291, 26, 27
    
      28, 27, 26
    
      28, 26, 32
    
      29, 32, 30
    
      32, 26, 30
    
      30, 26, 25
    
      25, 22, 30
    
      264, 33, 31
    
      264, 31, 261
    
      262, 261, 31
    
      262, 31, 38
    
      29, 38, 31
    
      31, 32, 29
    
      32, 31, 33
    
      33, 28, 32
    
      247, 34, 35
    
      247, 35, 248
    
      36, 248, 37
    
      248, 35, 37
    
      29, 37, 35
    
      35, 38, 29
    
      38, 35, 34
    
      34, 262, 38
    
      39, 242, 229
    
      242, 40, 229
    
      44, 229, 41
    
      229, 40, 41
    
      41, 40, 37
    
      37, 29, 41
    
      36, 37, 40
    
      36, 40, 242
    
      212, 227, 42
    
      227, 45, 42
    
      43, 42, 45
    
      45, 50, 43
    
      50, 45, 41
    
      41, 29, 50
    
      44, 41, 45
    
      44, 45, 227
    
      46, 208, 48
    
      208, 51, 48
    
      47, 48, 51
    
      51, 49, 47
    
      29, 49, 51
    
      51, 50, 29
    
      43, 50, 51
    
      43, 51, 208
    
      180, 52, 54
    
      52, 53, 54
    
      55, 54, 53
    
      53, 59, 55
    
      29, 59, 53
    
      53, 49, 29
    
      47, 49, 53
    
      47, 53, 52
    
      56, 177, 162
    
      177, 57, 162
    
      163, 162, 57
    
      57, 58, 163
    
      58, 57, 59
    
      59, 29, 58
    
      55, 59, 57
    
      55, 57, 177
    
      158, 63, 60
    
      63, 61, 60
    
      145, 60, 61
    
      61, 62, 145
    
      62, 61, 58
    
      58, 29, 62
    
      163, 58, 61
    
      163, 61, 63
    
      128, 143, 129
    
      143, 64, 129
    
      129, 64, 133
    
      64, 4, 133
    
      4, 64, 62
    
      62, 29, 4
    
      145, 62, 143
    
      62, 64, 143
    
      65, 359, 121
    
      121, 123, 65
    
      65, 381, 380
    
      380, 359, 65
    
      65, 66, 67
    
      67, 381, 65
    
      98, 66, 65
    
      65, 123, 98
    
      66, 68, 375
    
      375, 67, 66
    
      68, 69, 373
    
      373, 375, 68
    
      137, 69, 70
    
      69, 68, 70
    
      70, 68, 66
    
      66, 98, 70
    
      137, 70, 71
    
      137, 71, 136
    
      136, 71, 72
    
      136, 72, 156
    
      72, 71, 75
    
      72, 75, 152
    
      75, 71, 70
    
      70, 98, 75
    
      73, 150, 152
    
      152, 75, 73
    
      150, 73, 74
    
      150, 74, 172
    
      74, 73, 170
    
      73, 78, 170
    
      78, 73, 75
    
      75, 98, 78
    
      76, 168, 170
    
      170, 78, 76
    
      168, 76, 188
    
      168, 188, 167
    
      188, 76, 186
    
      76, 77, 186
    
      77, 76, 78
    
      78, 98, 77
    
      77, 80, 185
    
      77, 185, 186
    
      185, 80, 183
    
      80, 79, 183
    
      79, 80, 201
    
      80, 81, 201
    
      81, 80, 77
    
      77, 98, 81
    
      84, 200, 201
    
      201, 81, 84
    
      200, 84, 82
    
      84, 225, 82
    
      225, 84, 83
    
      84, 85, 83
    
      98, 85, 84
    
      98, 84, 81
    
      85, 88, 83
    
      88, 217, 83
    
      217, 88, 237
    
      88, 86, 237
    
      86, 88, 239
    
      88, 87, 239
    
      87, 88, 85
    
      85, 98, 87
    
      87, 90, 239
    
      90, 89, 239
    
      89, 90, 257
    
      89, 257, 254
    
      257, 90, 91
    
      90, 95, 91
    
      98, 95, 87
    
      95, 90, 87
    
      95, 93, 92
    
      95, 92, 91
    
      92, 93, 272
    
      93, 94, 272
    
      94, 93, 99
    
      99, 267, 94
    
      98, 99, 93
    
      98, 93, 95
    
      99, 96, 267
    
      96, 266, 267
    
      266, 96, 288
    
      96, 97, 288
    
      97, 96, 105
    
      105, 101, 97
    
      98, 105, 96
    
      98, 96, 99
    
      105, 100, 101
    
      100, 283, 101
    
      283, 100, 102
    
      100, 103, 102
    
      100, 104, 106
    
      106, 103, 100
    
      98, 104, 105
    
      104, 100, 105
    
      104, 108, 106
    
      108, 107, 106
    
      107, 108, 313
    
      108, 318, 313
    
      108, 109, 110
    
      110, 318, 108
    
      98, 109, 108
    
      108, 104, 98
    
      109, 111, 110
    
      111, 310, 110
    
      111, 335, 332
    
      332, 310, 111
    
      111, 112, 333
    
      333, 335, 111
    
      98, 112, 111
    
      111, 109, 98
    
      112, 117, 113
    
      113, 333, 112
    
      113, 117, 114
    
      113, 114, 115
    
      117, 116, 350
    
      350, 114, 117
    
      116, 117, 112
    
      112, 98, 116
    
      122, 118, 350
    
      350, 116, 122
    
      122, 119, 120
    
      120, 118, 122
    
      122, 123, 121
    
      121, 119, 122
    
      123, 122, 116
    
      123, 116, 98
    
      127, 126, 0
    
      0, 372, 127
    
      0, 126, 124
    
      124, 133, 0
    
      138, 124, 125
    
      124, 126, 125
    
      125, 126, 379
    
      126, 127, 379
    
      128, 129, 132
    
      128, 132, 142
    
      130, 142, 131
    
      142, 132, 131
    
      138, 131, 132
    
      132, 124, 138
    
      124, 132, 129
    
      129, 133, 124
    
      130, 131, 134
    
      130, 134, 135
    
      135, 134, 136
    
      135, 136, 156
    
      136, 134, 137
    
      134, 140, 137
    
      140, 134, 131
    
      131, 138, 140
    
      140, 139, 69
    
      140, 69, 137
    
      69, 139, 373
    
      139, 374, 373
    
      374, 139, 125
    
      125, 379, 374
    
      139, 140, 138
    
      138, 125, 139
    
      141, 146, 130
    
      146, 142, 130
    
      142, 146, 143
    
      143, 128, 142
    
      146, 144, 145
    
      145, 143, 146
    
      149, 144, 141
    
      144, 146, 141
    
      144, 147, 60
    
      60, 145, 144
    
      147, 159, 158
    
      158, 60, 147
    
      154, 159, 148
    
      159, 147, 148
    
      149, 148, 147
    
      147, 144, 149
    
      172, 155, 150
    
      155, 151, 150
    
      152, 150, 151
    
      151, 153, 152
    
      153, 151, 148
    
      148, 149, 153
    
      154, 148, 151
    
      154, 151, 155
    
      156, 72, 157
    
      157, 135, 156
    
      135, 157, 141
    
      141, 130, 135
    
      157, 153, 149
    
      149, 141, 157
    
      152, 153, 72
    
      153, 157, 72
    
      161, 160, 154
    
      160, 159, 154
    
      159, 160, 63
    
      63, 158, 159
    
      160, 164, 163
    
      163, 63, 160
    
      173, 164, 161
    
      164, 160, 161
    
      164, 166, 162
    
      162, 163, 164
    
      166, 165, 56
    
      56, 162, 166
    
      191, 165, 171
    
      165, 166, 171
    
      173, 171, 166
    
      166, 164, 173
    
      167, 189, 168
    
      189, 169, 168
    
      170, 168, 169
    
      169, 175, 170
    
      175, 169, 171
    
      171, 173, 175
    
      191, 171, 169
    
      191, 169, 189
    
      172, 74, 174
    
      174, 155, 172
    
      155, 174, 161
    
      161, 154, 155
    
      174, 175, 173
    
      173, 161, 174
    
      170, 175, 74
    
      175, 174, 74
    
      190, 176, 191
    
      176, 165, 191
    
      165, 176, 177
    
      177, 56, 165
    
      176, 178, 55
    
      55, 177, 176
    
      182, 178, 190
    
      178, 176, 190
    
      178, 179, 55
    
      179, 54, 55
    
      179, 195, 180
    
      180, 54, 179
    
      194, 195, 181
    
      195, 179, 181
    
      182, 181, 179
    
      179, 178, 182
    
      183, 187, 185
    
      187, 184, 185
    
      186, 185, 184
    
      184, 192, 186
    
      192, 184, 181
    
      181, 182, 192
    
      194, 181, 184
    
      194, 184, 187
    
      167, 188, 193
    
      193, 189, 167
    
      189, 193, 190
    
      190, 191, 189
    
      193, 192, 182
    
      182, 190, 193
    
      186, 192, 188
    
      192, 193, 188
    
      197, 196, 194
    
      196, 195, 194
    
      195, 196, 180
    
      196, 52, 180
    
      52, 196, 198
    
      198, 47, 52
    
      206, 198, 197
    
      198, 196, 197
    
      198, 199, 48
    
      48, 47, 198
    
      199, 209, 46
    
      46, 48, 199
    
      203, 209, 204
    
      209, 199, 204
    
      206, 204, 199
    
      199, 198, 206
    
      82, 221, 200
    
      221, 202, 200
    
      201, 200, 202
    
      202, 205, 201
    
      205, 202, 204
    
      204, 206, 205
    
      203, 204, 202
    
      203, 202, 221
    
      183, 79, 207
    
      207, 187, 183
    
      187, 207, 197
    
      197, 194, 187
    
      207, 205, 206
    
      206, 197, 207
    
      201, 205, 79
    
      205, 207, 79
    
      224, 211, 203
    
      211, 209, 203
    
      209, 211, 208
    
      208, 46, 209
    
      211, 210, 43
    
      43, 208, 211
    
      219, 210, 224
    
      210, 211, 224
    
      210, 213, 42
    
      42, 43, 210
    
      213, 215, 212
    
      212, 42, 213
    
      214, 215, 220
    
      215, 213, 220
    
      219, 220, 213
    
      213, 210, 219
    
      237, 216, 217
    
      216, 218, 217
    
      83, 217, 218
    
      218, 223, 83
    
      223, 218, 220
    
      220, 219, 223
    
      214, 220, 218
    
      214, 218, 216
    
      82, 225, 222
    
      222, 221, 82
    
      221, 222, 224
    
      224, 203, 221
    
      222, 223, 219
    
      219, 224, 222
    
      83, 223, 225
    
      223, 222, 225
    
      228, 226, 214
    
      226, 215, 214
    
      215, 226, 227
    
      227, 212, 215
    
      226, 230, 44
    
      44, 227, 226
    
      234, 230, 228
    
      230, 226, 228
    
      230, 233, 229
    
      229, 44, 230
    
      233, 231, 39
    
      39, 229, 233
    
      235, 231, 232
    
      231, 233, 232
    
      234, 232, 233
    
      233, 230, 234
    
      254, 255, 89
    
      255, 236, 89
    
      239, 89, 236
    
      236, 240, 239
    
      240, 236, 232
    
      232, 234, 240
    
      235, 232, 236
    
      235, 236, 255
    
      237, 86, 238
    
      238, 216, 237
    
      216, 238, 228
    
      228, 214, 216
    
      238, 240, 234
    
      234, 228, 238
    
      239, 240, 86
    
      240, 238, 86
    
      243, 241, 235
    
      241, 231, 235
    
      231, 241, 242
    
      242, 39, 231
    
      241, 245, 36
    
      36, 242, 241
    
      252, 245, 243
    
      245, 241, 243
    
      245, 244, 248
    
      248, 36, 245
    
      244, 246, 247
    
      247, 248, 244
    
      253, 246, 249
    
      246, 244, 249
    
      252, 249, 244
    
      244, 245, 252
    
      272, 274, 92
    
      274, 250, 92
    
      91, 92, 250
    
      250, 251, 91
    
      251, 250, 249
    
      249, 252, 251
    
      253, 249, 250
    
      253, 250, 274
    
      254, 257, 256
    
      256, 255, 254
    
      255, 256, 243
    
      243, 235, 255
    
      256, 251, 252
    
      252, 243, 256
    
      91, 251, 257
    
      251, 256, 257
    
      273, 259, 253
    
      259, 246, 253
    
      246, 259, 34
    
      34, 247, 246
    
      259, 258, 262
    
      262, 34, 259
    
      260, 258, 273
    
      258, 259, 273
    
      258, 263, 261
    
      261, 262, 258
    
      263, 277, 264
    
      264, 261, 263
    
      269, 277, 268
    
      277, 263, 268
    
      260, 268, 263
    
      263, 258, 260
    
      288, 265, 266
    
      265, 270, 266
    
      267, 266, 270
    
      270, 275, 267
    
      275, 270, 268
    
      268, 260, 275
    
      269, 268, 270
    
      269, 270, 265
    
      272, 94, 271
    
      271, 274, 272
    
      274, 271, 273
    
      273, 253, 274
    
      271, 275, 260
    
      260, 273, 271
    
      267, 275, 94
    
      275, 271, 94
    
      278, 276, 269
    
      276, 277, 269
    
      277, 276, 33
    
      33, 264, 277
    
      276, 280, 28
    
      28, 33, 276
    
      285, 280, 278
    
      280, 276, 278
    
      280, 279, 27
    
      27, 28, 280
    
      279, 281, 291
    
      291, 27, 279
    
      287, 281, 282
    
      281, 279, 282
    
      285, 282, 279
    
      279, 280, 285
    
      102, 284, 283
    
      284, 286, 283
    
      101, 283, 286
    
      286, 289, 101
    
      289, 286, 282
    
      282, 285, 289
    
      287, 282, 286
    
      287, 286, 284
    
      288, 97, 290
    
      290, 265, 288
    
      265, 290, 278
    
      278, 269, 265
    
      290, 289, 285
    
      285, 278, 290
    
      101, 289, 97
    
      289, 290, 97
    
      292, 293, 287
    
      293, 281, 287
    
      281, 293, 25
    
      25, 291, 281
    
      293, 297, 22
    
      22, 25, 293
    
      298, 297, 292
    
      297, 293, 292
    
      297, 295, 294
    
      294, 22, 297
    
      295, 303, 20
    
      20, 294, 295
    
      300, 303, 296
    
      303, 295, 296
    
      298, 296, 295
    
      295, 297, 298
    
      313, 314, 107
    
      314, 299, 107
    
      106, 107, 299
    
      299, 302, 106
    
      302, 299, 296
    
      296, 298, 302
    
      300, 296, 299
    
      300, 299, 314
    
      102, 103, 301
    
      301, 284, 102
    
      284, 301, 292
    
      292, 287, 284
    
      301, 302, 298
    
      298, 292, 301
    
      106, 302, 103
    
      302, 301, 103
    
      316, 304, 300
    
      304, 303, 300
    
      303, 304, 21
    
      21, 20, 303
    
      304, 308, 17
    
      17, 21, 304
    
      315, 308, 316
    
      308, 304, 316
    
      308, 307, 17
    
      307, 18, 17
    
      18, 307, 321
    
      321, 305, 18
    
      306, 321, 312
    
      321, 307, 312
    
      315, 312, 307
    
      307, 308, 315
    
      332, 309, 310
    
      309, 311, 310
    
      110, 310, 311
    
      311, 317, 110
    
      317, 311, 312
    
      312, 315, 317
    
      306, 312, 311
    
      306, 311, 309
    
      313, 318, 319
    
      319, 314, 313
    
      314, 319, 316
    
      316, 300, 314
    
      319, 317, 315
    
      315, 316, 319
    
      110, 317, 318
    
      317, 319, 318
    
      320, 322, 306
    
      322, 321, 306
    
      321, 322, 16
    
      16, 305, 321
    
      322, 323, 14
    
      14, 16, 322
    
      329, 323, 320
    
      323, 322, 320
    
      323, 328, 325
    
      325, 14, 323
    
      328, 326, 324
    
      324, 325, 328
    
      348, 326, 327
    
      326, 328, 327
    
      329, 327, 328
    
      328, 323, 329
    
      115, 330, 113
    
      330, 331, 113
    
      333, 113, 331
    
      331, 334, 333
    
      334, 331, 327
    
      327, 329, 334
    
      348, 327, 331
    
      348, 331, 330
    
      332, 335, 336
    
      336, 309, 332
    
      309, 336, 320
    
      320, 306, 309
    
      336, 334, 329
    
      329, 320, 336
    
      333, 334, 335
    
      334, 336, 335
    
      340, 339, 348
    
      339, 326, 348
    
      326, 339, 12
    
      12, 324, 326
    
      12, 339, 338
    
      338, 337, 12
    
      346, 338, 340
    
      338, 339, 340
    
      338, 343, 341
    
      341, 337, 338
    
      343, 353, 352
    
      352, 341, 343
    
      351, 353, 342
    
      353, 343, 342
    
      346, 342, 343
    
      343, 338, 346
    
      120, 344, 118
    
      344, 347, 118
    
      350, 118, 347
    
      347, 345, 350
    
      345, 347, 342
    
      342, 346, 345
    
      351, 342, 347
    
      351, 347, 344
    
      115, 114, 349
    
      349, 330, 115
    
      330, 349, 340
    
      340, 348, 330
    
      349, 345, 346
    
      346, 340, 349
    
      350, 345, 114
    
      345, 349, 114
    
      364, 354, 351
    
      354, 353, 351
    
      353, 354, 9
    
      9, 352, 353
    
      354, 355, 356
    
      356, 9, 354
    
      363, 355, 364
    
      355, 354, 364
    
      355, 358, 5
    
      5, 356, 355
    
      358, 357, 366
    
      366, 5, 358
    
      383, 357, 362
    
      357, 358, 362
    
      363, 362, 358
    
      358, 355, 363
    
      380, 384, 359
    
      384, 360, 359
    
      121, 359, 360
    
      360, 361, 121
    
      361, 360, 362
    
      362, 363, 361
    
      383, 362, 360
    
      383, 360, 384
    
      120, 119, 365
    
      365, 344, 120
    
      344, 365, 364
    
      364, 351, 344
    
      365, 361, 363
    
      363, 364, 365
    
      121, 361, 119
    
      361, 365, 119
    
      369, 370, 383
    
      370, 357, 383
    
      357, 370, 8
    
      8, 366, 357
    
      370, 367, 368
    
      368, 8, 370
    
      385, 367, 369
    
      367, 370, 369
    
      367, 371, 1
    
      1, 368, 367
    
      371, 127, 372
    
      372, 1, 371
    
      379, 127, 377
    
      127, 371, 377
    
      385, 377, 371
    
      371, 367, 385
    
      373, 374, 375
    
      374, 378, 375
    
      67, 375, 378
    
      378, 376, 67
    
      376, 378, 377
    
      377, 385, 376
    
      379, 377, 378
    
      379, 378, 374
    
      380, 381, 382
    
      382, 384, 380
    
      384, 382, 369
    
      369, 383, 384
    
      382, 376, 385
    
      385, 369, 382
    
      67, 376, 381
    
      376, 382, 381
   
    
      0.027714272961
      -0.00272935838439
      1.1930403887e-10
    
      0.027714272961
      0.00272935838439
      -1.1930403887e-10
    
      0.0207178406417
      1.31678013173e-18
      -5.75582868512e-26
    
      0.01682536304
      0.00334677309729
      -1.46292103431e-10
    
      0.01682536304
      -0.00334677309729
      1.46292103431e-10
    
      0.0245601683855
      0.0131273921579
      -5.73816549831e-10
    
      0.0142638543621
      0.00953080318868
      -4.16604639675e-10
    
      0.0191407892853
      0.00792837515473
      -3.46560280473e-10
    
      0.0266491286457
      0.00808419566602
      -3.53371415462e-10
    
      0.0215268973261
      0.0176670029759
      -7.72249209025e-10
    
      0.00953080225736
      0.0142638552934
      -6.23492923957e-10
    
      0.0146497264504
      0.0146497273818
      -6.40359931747e-10
    
      0.0131273912266
      0.0245601702482
      -1.07355913048e-09
    
      0.00792837422341
      0.0191407911479
      -8.36670566162e-10
    
      0.00543274637312
      0.0273122619838
      -1.19385690223e-09
    
      0.00334677286446
      0.0168253649026
      -7.35460081724e-10
    
      0.00272935815156
      0.0277142748237
      -1.21142940124e-09
    
      -0.00543274637312
      0.0273122619838
      -1.19385690223e-09
    
      -0.00272935815156
      0.0277142748237
      -1.21142940124e-09
    
      2.30533603037e-18
      0.0207178425044
      -9.05605646029e-10
    
      -0.010657732375
      0.0257300455123
      -1.124696003e-09
    
      -0.00808419473469
      0.0266491305083
      -1.16487053337e-09
    
      -0.0154711529613
      0.0231542177498
      -1.012102957e-09
    
      -0.00792837422341
      0.0191407911479
      -8.36670566162e-10
    
      -0.00334677286446
      0.0168253649026
      -7.35460081724e-10
    
      -0.0176670011133
      0.0215268991888
      -9.40970634744e-10
    
      -0.0146497264504
      0.0146497273818
      -6.40359931747e-10
    
      -0.0215268973261
      0.0176670029759
      -7.72249209025e-10
    
      -0.0231542158872
      0.0154711538926
      -6.76265599076e-10
    
      5.82048636553e-19
      4.53689871703e-18
      2.77555756156e-17
    
      -0.00953080225736
      0.0142638552934
      -6.23492923957e-10
    
      -0.0191407892853
      0.00792837515473
      -3.46560280473e-10
    
      -0.0142638543621
      0.00953080318868
      -4.16604639675e-10
    
      -0.0245601683855
      0.0131273921579
      -5.73816549831e-10
    
      -0.027714272961
      0.00272935838439
      -1.1930403887e-10
    
      -0.0207178406417
      6.26570826522e-18
      -2.73882818095e-25
    
      -0.0273122601211
      -0.00543274683878
      2.37472902453e-10
    
      -0.01682536304
      -0.00334677309729
      1.46292103431e-10
    
      -0.01682536304
      0.00334677309729
      -1.46292103431e-10
    
      -0.0257300436497
      -0.0106577333063
      4.65864291588e-10
    
      -0.0191407892853
      -0.00792837515473
      3.46560280473e-10
    
      -0.0142638543621
      -0.00953080318868
      4.16604639675e-10
    
      -0.0176670011133
      -0.0215268991888
      9.40970634744e-10
    
      -0.0154711529613
      -0.0231542177498
      1.012102957e-09
    
      -0.0231542158872
      -0.0154711538926
      6.76265599076e-10
    
      -0.0146497264504
      -0.0146497273818
      6.40359931747e-10
    
      -0.010657732375
      -0.0257300455123
      1.124696003e-09
    
      -0.00543274637312
      -0.0273122619838
      1.19385690223e-09
    
      -0.00808419473469
      -0.0266491305083
      1.16487053337e-09
    
      -0.00334677286446
      -0.0168253649026
      7.35460081724e-10
    
      -0.00953080225736
      -0.0142638552934
      6.23492923957e-10
    
      -0.00792837422341
      -0.0191407911479
      8.36670566162e-10
    
      -0.00272935815156
      -0.0277142748237
      1.21142940124e-09
    
      -2.82033930013e-18
      -0.0207178425044
      9.05605646029e-10
    
      0.00272935815156
      -0.0277142748237
      1.21142940124e-09
    
      0.00543274637312
      -0.0273122619838
      1.19385690223e-09
    
      0.010657732375
      -0.0257300455123
      1.124696003e-09
    
      0.00792837422341
      -0.0191407911479
      8.36670566162e-10
    
      0.00953080225736
      -0.0142638552934
      6.23492923957e-10
    
      0.00334677286446
      -0.0168253649026
      7.35460081724e-10
    
      0.0215268973261
      -0.0176670029759
      7.72249209025e-10
    
      0.0146497264504
      -0.0146497273818
      6.40359931747e-10
    
      0.0142638543621
      -0.00953080318868
      4.16604639675e-10
    
      0.0176670011133
      -0.0215268991888
      9.40970634744e-10
    
      0.0191407892853
      -0.00792837515473
      3.46560280473e-10
    
      0.0191407892853
      0.00792838912457
      0.314999997616
    
      0.01682536304
      0.0033467868343
      0.314999997616
    
      0.0273122601211
      0.00543276080862
      0.314999997616
    
      0.0207178406417
      1.37690872037e-08
      0.314999997616
    
      0.027714272961
      -0.00272934464738
      0.314999997616
    
      0.01682536304
      -0.00334675936028
      0.314999997616
    
      0.0191407892853
      -0.0079283611849
      0.314999997616
    
      0.0245601683855
      -0.0131273781881
      0.314999997616
    
      0.0146497264504
      -0.0146497134119
      0.314999997616
    
      0.0176670011133
      -0.0215268861502
      0.314999997616
    
      0.0142638543621
      -0.00953078921884
      0.314999997616
    
      0.00792837422341
      -0.0191407781094
      0.314999997616
    
      0.00334677286446
      -0.0168253518641
      0.314999997616
    
      0.00953080225736
      -0.0142638413236
      0.314999997616
    
      -0.00272935815156
      -0.0277142617851
      0.314999997616
    
      -2.86452604768e-18
      -0.0207178294659
      0.314999997616
    
      -0.00334677286446
      -0.0168253518641
      0.314999997616
    
      -0.010657732375
      -0.0257300324738
      0.314999997616
    
      -0.0154711529613
      -0.0231542047113
      0.314999997616
    
      -0.00792837422341
      -0.0191407781094
      0.314999997616
    
      -0.00953080225736
      -0.0142638413236
      0.314999997616
    
      -0.0215268973261
      -0.0176669899374
      0.314999997616
    
      -0.0142638543621
      -0.00953078921884
      0.314999997616
    
      -0.0146497264504
      -0.0146497134119
      0.314999997616
    
      -0.0245601683855
      -0.0131273781881
      0.314999997616
    
      -0.0191407892853
      -0.0079283611849
      0.314999997616
    
      -0.0273122601211
      -0.00543273286894
      0.314999997616
    
      -0.027714272961
      -0.00272934464738
      0.314999997616
    
      -0.0207178406417
      1.37690872037e-08
      0.314999997616
    
      -0.027714272961
      0.00272937212139
      0.314999997616
    
      -0.01682536304
      -0.00334675936028
      0.314999997616
    
      -0.0191407892853
      0.00792838912457
      0.314999997616
    
      -0.0245601683855
      0.0131274061278
      0.314999997616
    
      4.60534770593e-19
      1.37690872037e-08
      0.314999997616
    
      -0.01682536304
      0.0033467868343
      0.314999997616
    
      -0.0146497264504
      0.0146497413516
      0.314999997616
    
      -0.0231542158872
      0.0154711678624
      0.314999997616
    
      -0.019692922011
      0.0196929369122
      0.314999997616
    
      -0.0176670011133
      0.0215269122273
      0.314999997616
    
      -0.00953080225736
      0.0142638692632
      0.314999997616
    
      -0.0142638543621
      0.00953081715852
      0.314999997616
    
      -0.0154711529613
      0.0231542307884
      0.314999997616
    
      -0.0131273912266
      0.0245601832867
      0.314999997616
    
      -0.00792837422341
      0.0191408041865
      0.314999997616
    
      -0.00334677286446
      0.0168253779411
      0.314999997616
    
      -0.00543274637312
      0.0273122750223
      0.314999997616
    
      2.26114907602e-18
      0.0207178555429
      0.314999997616
    
      0.00334677286446
      0.0168253779411
      0.314999997616
    
      0.00808419473469
      0.0266491435468
      0.314999997616
    
      0.0131273912266
      0.0245601832867
      0.314999997616
    
      0.010657732375
      0.0257300585508
      0.314999997616
    
      0.00953080225736
      0.0142638692632
      0.314999997616
    
      0.00792837422341
      0.0191408041865
      0.314999997616
    
      0.0176670011133
      0.0215269122273
      0.314999997616
    
      0.0215268973261
      0.0176670160145
      0.314999997616
    
      0.019692922011
      0.0196929369122
      0.314999997616
    
      0.0231542158872
      0.0154711678624
      0.314999997616
    
      0.0146497264504
      0.0146497413516
      0.314999997616
    
      0.0142638543621
      0.00953081715852
      0.314999997616
    
      0.0273122601211
      -0.00543274357915
      0.078749999404
    
      0.027714272961
      -0.00272935139947
      0.157499998808
    
      0.027714272961
      -0.00272935489193
      0.078749999404
    
      0.0278499983251
      3.44227180094e-09
      0.078749999404
    
      0.0257300436497
      -0.0106577333063
      4.65864291588e-10
    
      0.0266491286457
      -0.00808419566602
      3.53371415462e-10
    
      0.0257300436497
      -0.010657726787
      0.157499998808
    
      0.0266491286457
      -0.00808418914676
      0.157499998808
    
      0.0266491286457
      -0.00808419194072
      0.078749999404
    
      0.0273122601211
      -0.00543274683878
      2.37472902453e-10
    
      0.0266491286457
      -0.00808418542147
      0.236249998212
    
      0.0257300436497
      -0.0106577230617
      0.236249998212
    
      0.0266491286457
      -0.00808418169618
      0.314999997616
    
      0.0273122601211
      -0.00543273286894
      0.314999997616
    
      0.0273122601211
      -0.00543273985386
      0.157499998808
    
      0.027714272961
      -0.00272934813984
      0.236249998212
    
      0.0273122601211
      -0.00543273659423
      0.236249998212
    
      0.0245601683855
      -0.0131273856387
      0.157499998808
    
      0.0257300436497
      -0.010657729581
      0.078749999404
    
      0.0245601683855
      -0.0131273921579
      5.73816549831e-10
    
      0.0231542158872
      -0.0154711501673
      0.078749999404
    
      0.0231542158872
      -0.0154711538926
      6.76265599076e-10
    
      0.0245601683855
      -0.0131273884326
      0.078749999404
    
      0.0215268973261
      -0.0176669992507
      0.078749999404
    
      0.0215268973261
      -0.0176669955254
      0.157499998808
    
      0.0231542158872
      -0.0154711473733
      0.157499998808
    
      0.0215268973261
      -0.0176669899374
      0.314999997616
    
      0.0215268973261
      -0.0176669918001
      0.236249998212
    
      0.0231542158872
      -0.0154711399227
      0.314999997616
    
      0.0231542158872
      -0.015471143648
      0.236249998212
    
      0.019692922011
      -0.0196929164231
      0.157499998808
    
      0.019692922011
      -0.0196929126978
      0.236249998212
    
      0.0257300436497
      -0.0106577193365
      0.314999997616
    
      0.0245601683855
      -0.0131273819134
      0.236249998212
    
      0.019692922011
      -0.0196929238737
      8.60805038361e-10
    
      0.019692922011
      -0.0196929201484
      0.078749999404
    
      0.0176670011133
      -0.0215268954635
      0.078749999404
    
      0.0176670011133
      -0.0215268917382
      0.157499998808
    
      0.0131273912266
      -0.0245601702482
      1.07355913048e-09
    
      0.0154711529613
      -0.0231542177498
      1.012102957e-09
    
      0.0154711529613
      -0.0231542140245
      0.078749999404
    
      0.010657732375
      -0.025730041787
      0.078749999404
    
      0.0131273912266
      -0.0245601665229
      0.078749999404
    
      0.010657732375
      -0.0257300324738
      0.314999997616
    
      0.0131273912266
      -0.0245601572096
      0.314999997616
    
      0.0131273912266
      -0.0245601590723
      0.236249998212
    
      0.0154711529613
      -0.0231542047113
      0.314999997616
    
      0.0131273912266
      -0.0245601627976
      0.157499998808
    
      0.019692922011
      -0.0196929108351
      0.314999997616
    
      0.0154711529613
      -0.0231542102993
      0.157499998808
    
      0.0176670011133
      -0.0215268880129
      0.236249998212
    
      0.0154711529613
      -0.023154206574
      0.236249998212
    
      0.00808419473469
      -0.026649126783
      0.078749999404
    
      0.00808419473469
      -0.0266491305083
      1.16487053337e-09
    
      0.00543274637312
      -0.0273122582585
      0.078749999404
    
      0.00272935815156
      -0.0277142710984
      0.078749999404
    
      -3.96919721801e-18
      -0.0278500001878
      1.21736221104e-09
    
      0.00272935815156
      -0.0277142673731
      0.157499998808
    
      0.00543274637312
      -0.0273122545332
      0.157499998808
    
      -3.96919721801e-18
      -0.0278499871492
      0.314999997616
    
      0.00272935815156
      -0.0277142636478
      0.236249998212
    
      0.00272935815156
      -0.0277142617851
      0.314999997616
    
      0.00543274637312
      -0.0273122489452
      0.314999997616
    
      -3.96919721801e-18
      -0.0278499890119
      0.236249998212
    
      0.00808419473469
      -0.0266491174698
      0.314999997616
    
      0.010657732375
      -0.0257300343364
      0.236249998212
    
      0.00808419473469
      -0.0266491230577
      0.157499998808
    
      0.010657732375
      -0.0257300380617
      0.157499998808
    
      0.00543274637312
      -0.0273122508079
      0.236249998212
    
      0.00808419473469
      -0.0266491193324
      0.236249998212
    
      -4.09071129077e-18
      -0.0278499927372
      0.157499998808
    
      -4.14594462181e-18
      -0.0278499964625
      0.078749999404
    
      -0.00272935815156
      -0.0277142710984
      0.078749999404
    
      -0.00272935815156
      -0.0277142673731
      0.157499998808
    
      -0.00543274637312
      -0.0273122582585
      0.078749999404
    
      -0.00808419473469
      -0.026649126783
      0.078749999404
    
      -0.00808419473469
      -0.0266491174698
      0.314999997616
    
      -0.00543274637312
      -0.0273122489452
      0.314999997616
    
      -0.00808419473469
      -0.0266491193324
      0.236249998212
    
      -0.010657732375
      -0.0257300380617
      0.157499998808
    
      -0.00808419473469
      -0.0266491230577
      0.157499998808
    
      -0.00543274637312
      -0.0273122508079
      0.236249998212
    
      -0.00543274637312
      -0.0273122545332
      0.157499998808
    
      -0.00272935815156
      -0.0277142636478
      0.236249998212
    
      -0.0131273912266
      -0.0245601702482
      1.07355913048e-09
    
      -0.010657732375
      -0.025730041787
      0.078749999404
    
      -0.0154711529613
      -0.0231542140245
      0.078749999404
    
      -0.0131273912266
      -0.0245601665229
      0.078749999404
    
      -0.019692922011
      -0.0196929238737
      8.60805038361e-10
    
      -0.0176670011133
      -0.0215268954635
      0.078749999404
    
      -0.019692922011
      -0.0196929164231
      0.157499998808
    
      -0.019692922011
      -0.0196929201484
      0.078749999404
    
      -0.019692922011
      -0.0196929126978
      0.236249998212
    
      -0.0176670011133
      -0.0215268861502
      0.314999997616
    
      -0.0176670011133
      -0.0215268880129
      0.236249998212
    
      -0.0154711529613
      -0.0231542102993
      0.157499998808
    
      -0.0176670011133
      -0.0215268917382
      0.157499998808
    
      -0.010657732375
      -0.0257300343364
      0.236249998212
    
      -0.0131273912266
      -0.0245601590723
      0.236249998212
    
      -0.0154711529613
      -0.023154206574
      0.236249998212
    
      -0.0131273912266
      -0.0245601627976
      0.157499998808
    
      -0.0131273912266
      -0.0245601572096
      0.314999997616
    
      -0.0215268973261
      -0.0176669992507
      0.078749999404
    
      -0.0215268973261
      -0.0176670029759
      7.72249209025e-10
    
      -0.0215268973261
      -0.0176669955254
      0.157499998808
    
      -0.0245601683855
      -0.0131273921579
      5.73816549831e-10
    
      -0.0231542158872
      -0.0154711501673
      0.078749999404
    
      -0.0257300436497
      -0.010657729581
      0.078749999404
    
      -0.0245601683855
      -0.0131273856387
      0.157499998808
    
      -0.0245601683855
      -0.0131273884326
      0.078749999404
    
      -0.0231542158872
      -0.0154711473733
      0.157499998808
    
      -0.0257300436497
      -0.010657726787
      0.157499998808
    
      -0.0245601683855
      -0.0131273819134
      0.236249998212
    
      -0.019692922011
      -0.0196929108351
      0.314999997616
    
      -0.0215268973261
      -0.0176669918001
      0.236249998212
    
      -0.0231542158872
      -0.0154711399227
      0.314999997616
    
      -0.0231542158872
      -0.015471143648
      0.236249998212
    
      -0.0266491286457
      -0.00808419194072
      0.078749999404
    
      -0.0266491286457
      -0.00808419566602
      3.53371415462e-10
    
      -0.0266491286457
      -0.00808418914676
      0.157499998808
    
      -0.027714272961
      -0.00272935489193
      0.078749999404
    
      -0.0273122601211
      -0.00543274357915
      0.078749999404
    
      -0.0278499983251
      3.44227180094e-09
      0.078749999404
    
      -0.0278499983251
      6.61920307282e-18
      -2.8933455712e-25
    
      -0.027714272961
      -0.00272935838439
      1.1930403887e-10
    
      -0.027714272961
      -0.00272935139947
      0.157499998808
    
      -0.027714272961
      -0.00272934813984
      0.236249998212
    
      -0.0273122601211
      -0.00543273659423
      0.236249998212
    
      -0.0273122601211
      -0.00543273985386
      0.157499998808
    
      -0.0278499983251
      6.88454360187e-09
      0.157499998808
    
      -0.0257300436497
      -0.0106577193365
      0.314999997616
    
      -0.0257300436497
      -0.0106577230617
      0.236249998212
    
      -0.0266491286457
      -0.00808418542147
      0.236249998212
    
      -0.0266491286457
      -0.00808418169618
      0.314999997616
    
      -0.0273122601211
      0.00543275009841
      0.078749999404
    
      -0.027714272961
      0.00272936187685
      0.078749999404
    
      -0.0273122601211
      0.0054327538237
      0.157499998808
    
      -0.0266491286457
      0.00808419566602
      -3.53371415462e-10
    
      -0.0273122601211
      0.00543274683878
      -2.37472902453e-10
    
      -0.0266491286457
      0.00808419939131
      0.078749999404
    
      -0.0257300436497
      0.0106577333063
      -4.65864291588e-10
    
      -0.0257300436497
      0.0106577435508
      0.236249998212
    
      -0.0266491286457
      0.00808420963585
      0.314999997616
    
      -0.0273122601211
      0.00543276080862
      0.314999997616
    
      -0.0266491286457
      0.00808420218527
      0.157499998808
    
      -0.0257300436497
      0.0106577398255
      0.157499998808
    
      -0.0266491286457
      0.00808420591056
      0.236249998212
    
      -0.027714272961
      0.00272936862893
      0.236249998212
    
      -0.0278499983251
      1.37690872037e-08
      0.314999997616
    
      -0.027714272961
      0.00272936536931
      0.157499998808
    
      -0.0278499983251
      1.03268158469e-08
      0.236249998212
    
      -0.0273122601211
      0.00543275708333
      0.236249998212
    
      -0.0245601683855
      0.0131273958832
      0.078749999404
    
      -0.0257300436497
      0.0106577370316
      0.078749999404
    
      -0.0245601683855
      0.0131273986772
      0.157499998808
    
      -0.0215268973261
      0.0176670067012
      0.078749999404
    
      -0.0231542158872
      0.0154711576179
      0.078749999404
    
      -0.019692922011
      0.019692927599
      0.078749999404
    
      -0.0215268973261
      0.0176670104265
      0.157499998808
    
      -0.0215268973261
      0.0176670160145
      0.314999997616
    
      -0.019692922011
      0.0196929350495
      0.236249998212
    
      -0.0231542158872
      0.0154711604118
      0.157499998808
    
      -0.0215268973261
      0.0176670141518
      0.236249998212
    
      -0.019692922011
      0.0196929313242
      0.157499998808
    
      -0.0257300436497
      0.0106577472761
      0.314999997616
    
      -0.0231542158872
      0.0154711641371
      0.236249998212
    
      -0.0245601683855
      0.0131274024025
      0.236249998212
    
      -0.019692922011
      0.0196929238737
      -8.60805038361e-10
    
      -0.0176670011133
      0.0215269066393
      0.157499998808
    
      -0.0176670011133
      0.021526902914
      0.078749999404
    
      -0.0131273912266
      0.0245601702482
      -1.07355913048e-09
    
      -0.0131273912266
      0.0245601739734
      0.078749999404
    
      -0.0131273912266
      0.0245601776987
      0.157499998808
    
      -0.0154711529613
      0.0231542214751
      0.078749999404
    
      -0.0154711529613
      0.0231542252004
      0.157499998808
    
      -0.0131273912266
      0.024560181424
      0.236249998212
    
      -0.010657732375
      0.0257300529629
      0.157499998808
    
      -0.0176670011133
      0.0215269103646
      0.236249998212
    
      -0.0154711529613
      0.0231542289257
      0.236249998212
    
      -0.010657732375
      0.0257300492376
      0.078749999404
    
      -0.00808419473469
      0.0266491342336
      0.078749999404
    
      2.83557824176e-18
      0.0278500001878
      -1.21736221104e-09
    
      2.87976519611e-18
      0.0278500076383
      0.157499998808
    
      -0.00272935815156
      0.027714278549
      0.078749999404
    
      -0.00543274637312
      0.027312265709
      0.078749999404
    
      2.83557824176e-18
      0.0278500113636
      0.236249998212
    
      -0.00272935815156
      0.0277142878622
      0.314999997616
    
      -0.00272935815156
      0.0277142859995
      0.236249998212
    
      -0.00272935815156
      0.0277142822742
      0.157499998808
    
      -0.010657732375
      0.0257300585508
      0.314999997616
    
      -0.010657732375
      0.0257300566882
      0.236249998212
    
      -0.00543274637312
      0.0273122694343
      0.157499998808
    
      -0.00808419473469
      0.0266491379589
      0.157499998808
    
      -0.00543274637312
      0.0273122731596
      0.236249998212
    
      -0.00808419473469
      0.0266491435468
      0.314999997616
    
      -0.00808419473469
      0.0266491416842
      0.236249998212
    
      0.00272935815156
      0.0277142822742
      0.157499998808
    
      2.83557824176e-18
      0.027850003913
      0.078749999404
    
      0.00272935815156
      0.027714278549
      0.078749999404
    
      0.00543274637312
      0.027312265709
      0.078749999404
    
      0.010657732375
      0.0257300455123
      -1.124696003e-09
    
      0.00808419473469
      0.0266491305083
      -1.16487053337e-09
    
      0.010657732375
      0.0257300492376
      0.078749999404
    
      0.00808419473469
      0.0266491379589
      0.157499998808
    
      0.00808419473469
      0.0266491342336
      0.078749999404
    
      0.00543274637312
      0.0273122694343
      0.157499998808
    
      0.010657732375
      0.0257300566882
      0.236249998212
    
      0.00808419473469
      0.0266491416842
      0.236249998212
    
      2.83557824176e-18
      0.0278500132263
      0.314999997616
    
      0.00543274637312
      0.0273122750223
      0.314999997616
    
      0.00543274637312
      0.0273122731596
      0.236249998212
    
      0.00272935815156
      0.0277142878622
      0.314999997616
    
      0.00272935815156
      0.0277142859995
      0.236249998212
    
      0.0154711529613
      0.0231542177498
      -1.012102957e-09
    
      0.0154711529613
      0.0231542214751
      0.078749999404
    
      0.0131273912266
      0.0245601739734
      0.078749999404
    
      0.0131273912266
      0.0245601776987
      0.157499998808
    
      0.0176670011133
      0.0215268991888
      -9.40970634744e-10
    
      0.0176670011133
      0.0215269066393
      0.157499998808
    
      0.0176670011133
      0.021526902914
      0.078749999404
    
      0.019692922011
      0.0196929350495
      0.236249998212
    
      0.0154711529613
      0.0231542289257
      0.236249998212
    
      0.0154711529613
      0.0231542252004
      0.157499998808
    
      0.0176670011133
      0.0215269103646
      0.236249998212
    
      0.010657732375
      0.0257300529629
      0.157499998808
    
      0.0131273912266
      0.024560181424
      0.236249998212
    
      0.0154711529613
      0.0231542307884
      0.314999997616
    
      0.019692922011
      0.0196929313242
      0.157499998808
    
      0.019692922011
      0.0196929238737
      -8.60805038361e-10
    
      0.019692922011
      0.019692927599
      0.078749999404
    
      0.0215268973261
      0.0176670067012
      0.078749999404
    
      0.0231542158872
      0.0154711576179
      0.078749999404
    
      0.0231542158872
      0.0154711538926
      -6.76265599076e-10
    
      0.0257300436497
      0.0106577370316
      0.078749999404
    
      0.0245601683855
      0.0131273958832
      0.078749999404
    
      0.0245601683855
      0.0131274061278
      0.314999997616
    
      0.0245601683855
      0.0131274024025
      0.236249998212
    
      0.0231542158872
      0.0154711641371
      0.236249998212
    
      0.0245601683855
      0.0131273986772
      0.157499998808
    
      0.0231542158872
      0.0154711604118
      0.157499998808
    
      0.0215268973261
      0.0176670104265
      0.157499998808
    
      0.0215268973261
      0.0176670141518
      0.236249998212
    
      0.0257300436497
      0.0106577333063
      -4.65864291588e-10
    
      0.0273122601211
      0.00543275009841
      0.078749999404
    
      0.0273122601211
      0.00543274683878
      -2.37472902453e-10
    
      0.0266491286457
      0.00808420218527
      0.157499998808
    
      0.0266491286457
      0.00808419939131
      0.078749999404
    
      0.027714272961
      0.00272936187685
      0.078749999404
    
      0.0278499983251
      7.86537868637e-19
      -3.43806629058e-26
    
      0.0278499983251
      1.37690872037e-08
      0.314999997616
    
      0.0278499983251
      1.03268158469e-08
      0.236249998212
    
      0.027714272961
      0.00272937212139
      0.314999997616
    
      0.0273122601211
      0.00543275708333
      0.236249998212
    
      0.027714272961
      0.00272936536931
      0.157499998808
    
      0.027714272961
      0.00272936862893
      0.236249998212
    
      0.0278499983251
      6.88454360187e-09
      0.157499998808
    
      0.0257300436497
      0.0106577472761
      0.314999997616
    
      0.0266491286457
      0.00808420963585
      0.314999997616
    
      0.0266491286457
      0.00808420591056
      0.236249998212
    
      0.0257300436497
      0.0106577398255
      0.157499998808
    
      0.0257300436497
      0.0106577435508
      0.236249998212
    
      0.0273122601211
      0.0054327538237
      0.157499998808
