
  
 
   
    
      86, 260, 288
    
      288, 260, 176
    
      288, 176, 177
    
      288, 177, 266
    
      266, 177, 40
    
      40, 177, 516
    
      40, 516, 334
    
      334, 516, 517
    
      517, 516, 39
    
      299, 552, 86
    
      299, 86, 398
    
      398, 86, 399
    
      399, 86, 36
    
      399, 36, 2
    
      2, 36, 554
    
      2, 554, 288
    
      2, 288, 266
    
      2, 266, 326
    
      326, 266, 110
    
      110, 266, 40
    
      110, 40, 334
    
      110, 334, 508
    
      508, 334, 230
    
      230, 334, 517
    
      398, 399, 2
    
      398, 2, 326
    
      398, 326, 95
    
      95, 326, 159
    
      159, 326, 384
    
      384, 326, 110
    
      384, 110, 508
    
      384, 508, 230
    
      384, 230, 446
    
      446, 230, 47
    
      446, 47, 209
    
      446, 209, 119
    
      119, 209, 305
    
      119, 305, 108
    
      384, 446, 159
    
      159, 446, 17
    
      17, 446, 119
    
      17, 119, 539
    
      539, 119, 120
    
      120, 119, 445
    
      445, 119, 34
    
      445, 34, 186
    
      186, 34, 500
    
      95, 159, 17
    
      95, 17, 545
    
      545, 17, 93
    
      93, 17, 464
    
      464, 17, 340
    
      340, 17, 411
    
      411, 17, 539
    
      411, 539, 19
    
      411, 19, 134
    
      411, 134, 283
    
      411, 283, 409
    
      411, 409, 340
    
      340, 409, 96
    
      340, 96, 464
    
      464, 96, 365
    
      365, 96, 410
    
      410, 96, 60
    
      60, 96, 409
    
      60, 409, 70
    
      153, 553, 184
    
      153, 184, 388
    
      388, 184, 117
    
      117, 184, 183
    
      183, 184, 547
    
      183, 547, 417
    
      183, 417, 467
    
      467, 417, 89
    
      467, 89, 11
    
      467, 11, 434
    
      434, 11, 358
    
      434, 358, 158
    
      434, 158, 72
    
      72, 158, 200
    
      72, 200, 135
    
      72, 135, 261
    
      72, 261, 264
    
      72, 264, 487
    
      487, 264, 433
    
      487, 433, 136
    
      487, 136, 245
    
      245, 136, 263
    
      415, 92, 18
    
      18, 92, 408
    
      408, 92, 93
    
      93, 92, 546
    
      93, 546, 292
    
      93, 292, 545
    
      545, 292, 268
    
      268, 292, 13
    
      268, 13, 466
    
      268, 466, 153
    
      268, 153, 388
    
      268, 388, 545
    
      545, 388, 541
    
      541, 388, 117
    
      541, 117, 183
    
      541, 183, 434
    
      434, 183, 467
    
      545, 541, 95
    
      95, 541, 434
    
      95, 434, 542
    
      542, 434, 72
    
      542, 72, 487
    
      542, 487, 71
    
      542, 71, 95
    
      95, 71, 385
    
      95, 385, 398
    
      398, 385, 299
    
      299, 385, 118
    
      118, 385, 509
    
      509, 385, 52
    
      52, 385, 71
    
      52, 71, 488
    
      488, 71, 487
    
      488, 487, 245
    
      488, 245, 357
    
      488, 357, 42
    
      488, 42, 52
    
      52, 42, 509
    
      408, 93, 464
    
      408, 464, 18
    
      18, 464, 160
    
      160, 464, 540
    
      540, 464, 365
    
      341, 18, 160
    
      341, 160, 97
    
      445, 186, 444
    
      445, 444, 53
    
      445, 53, 120
    
      120, 53, 45
    
      120, 45, 46
    
      120, 46, 463
    
      120, 463, 539
    
      539, 463, 19
    
      19, 463, 244
    
      454, 299, 118
    
      454, 118, 515
    
      523, 250, 79
    
      523, 79, 351
    
      351, 79, 352
    
      351, 352, 228
    
      351, 228, 482
    
      482, 228, 297
    
      482, 297, 20
    
      20, 297, 284
    
      284, 297, 462
    
      462, 297, 381
    
      381, 297, 507
    
      462, 325, 284
    
      284, 325, 253
    
      284, 253, 350
    
      284, 350, 20
    
      20, 350, 107
    
      107, 350, 537
    
      107, 537, 33
    
      33, 537, 189
    
      33, 189, 451
    
      33, 451, 107
    
      107, 451, 20
    
      20, 451, 174
    
      174, 451, 175
    
      175, 451, 521
    
      521, 451, 189
    
      521, 189, 520
    
      521, 520, 175
    
      226, 483, 430
    
      226, 430, 354
    
      354, 430, 431
    
      354, 431, 205
    
      354, 205, 206
    
      354, 206, 199
    
      199, 206, 78
    
      78, 206, 219
    
      78, 219, 139
    
      78, 139, 353
    
      78, 353, 484
    
      78, 484, 432
    
      432, 484, 221
    
      78, 432, 199
    
      199, 432, 68
    
      440, 63, 459
    
      440, 459, 356
    
      356, 459, 355
    
      355, 459, 496
    
      355, 496, 393
    
      355, 393, 77
    
      77, 393, 43
    
      355, 77, 356
    
      356, 77, 485
    
      356, 485, 309
    
      356, 309, 138
    
      138, 309, 486
    
      138, 486, 201
    
      138, 201, 356
    
      356, 201, 137
    
      137, 201, 233
    
      233, 201, 486
    
      233, 486, 403
    
      233, 403, 402
    
      233, 402, 526
    
      233, 526, 137
    
      137, 526, 241
    
      137, 241, 356
    
      356, 241, 458
    
      458, 241, 436
    
      436, 241, 1
    
      1, 241, 279
    
      279, 241, 133
    
      279, 133, 315
    
      279, 315, 248
    
      279, 248, 1
    
      1, 248, 436
    
      436, 248, 316
    
      316, 248, 257
    
      316, 257, 67
    
      316, 67, 227
    
      316, 227, 436
    
      436, 227, 294
    
      436, 294, 458
    
      458, 294, 275
    
      458, 275, 497
    
      497, 275, 439
    
      497, 439, 64
    
      64, 439, 495
    
      64, 495, 440
    
      64, 440, 356
    
      64, 356, 497
    
      497, 356, 458
    
      124, 104, 231
    
      231, 104, 32
    
      231, 32, 29
    
      29, 32, 401
    
      401, 32, 522
    
      401, 522, 31
    
      31, 522, 262
    
      262, 522, 15
    
      15, 522, 32
    
      15, 32, 400
    
      400, 32, 104
    
      400, 104, 162
    
      400, 162, 23
    
      400, 23, 172
    
      400, 172, 30
    
      400, 30, 276
    
      400, 276, 141
    
      141, 276, 524
    
      141, 524, 100
    
      141, 100, 224
    
      141, 224, 429
    
      429, 224, 142
    
      429, 142, 173
    
      173, 142, 105
    
      105, 142, 4
    
      105, 4, 106
    
      105, 106, 173
    
      173, 106, 523
    
      173, 523, 278
    
      278, 523, 351
    
      278, 351, 15
    
      15, 351, 482
    
      15, 482, 20
    
      15, 20, 256
    
      256, 20, 339
    
      339, 20, 98
    
      98, 20, 174
    
      98, 174, 129
    
      98, 129, 269
    
      98, 269, 339
    
      339, 269, 407
    
      339, 407, 21
    
      339, 21, 323
    
      339, 323, 256
    
      256, 323, 226
    
      256, 226, 354
    
      256, 354, 241
    
      241, 354, 199
    
      241, 199, 265
    
      265, 199, 313
    
      265, 313, 435
    
      265, 435, 133
    
      265, 133, 241
    
      256, 241, 15
    
      15, 241, 526
    
      15, 526, 262
    
      262, 526, 525
    
      525, 526, 402
    
      525, 402, 527
    
      525, 527, 28
    
      525, 28, 31
    
      525, 31, 262
    
      429, 173, 278
    
      429, 278, 15
    
      429, 15, 141
    
      141, 15, 400
    
      381, 507, 380
    
      381, 380, 382
    
      381, 382, 325
    
      325, 382, 188
    
      325, 188, 121
    
      121, 188, 273
    
      273, 188, 192
    
      192, 188, 376
    
      376, 188, 382
    
      376, 382, 379
    
      379, 382, 380
    
      379, 380, 228
    
      379, 228, 352
    
      379, 352, 259
    
      379, 259, 376
    
      376, 259, 143
    
      143, 259, 378
    
      378, 259, 535
    
      535, 259, 352
    
      535, 352, 250
    
      535, 250, 307
    
      535, 307, 207
    
      207, 307, 4
    
      4, 307, 106
    
      192, 376, 123
    
      123, 376, 217
    
      123, 217, 303
    
      303, 217, 148
    
      148, 217, 344
    
      344, 217, 376
    
      344, 376, 143
    
      344, 143, 478
    
      478, 143, 214
    
      214, 143, 481
    
      481, 143, 342
    
      342, 143, 236
    
      236, 143, 210
    
      210, 143, 212
    
      210, 212, 211
    
      211, 212, 425
    
      425, 212, 424
    
      424, 212, 143
    
      424, 143, 216
    
      216, 143, 215
    
      215, 143, 378
    
      215, 378, 505
    
      505, 378, 191
    
      505, 191, 504
    
      504, 191, 55
    
      55, 191, 324
    
      324, 191, 374
    
      374, 191, 378
    
      374, 378, 336
    
      336, 378, 338
    
      338, 378, 535
    
      338, 535, 536
    
      536, 535, 207
    
      536, 207, 161
    
      536, 161, 338
    
      338, 161, 337
    
      337, 161, 100
    
      83, 148, 344
    
      83, 344, 246
    
      83, 246, 473
    
      473, 246, 84
    
      413, 267, 298
    
      413, 298, 469
    
      469, 298, 415
    
      469, 415, 94
    
      469, 94, 8
    
      8, 94, 414
    
      414, 94, 341
    
      8, 414, 152
    
      8, 152, 223
    
      223, 152, 421
    
      223, 421, 149
    
      223, 149, 475
    
      475, 149, 85
    
      475, 85, 422
    
      475, 422, 343
    
      343, 422, 423
    
      423, 422, 472
    
      423, 472, 246
    
      423, 246, 343
    
      343, 246, 344
    
      343, 344, 478
    
      343, 478, 475
    
      475, 478, 8
    
      475, 8, 223
    
      469, 8, 478
    
      469, 478, 419
    
      419, 478, 214
    
      419, 214, 549
    
      549, 214, 155
    
      155, 214, 481
    
      155, 481, 151
    
      155, 151, 466
    
      155, 466, 156
    
      155, 156, 549
    
      549, 156, 14
    
      549, 14, 413
    
      549, 413, 419
    
      419, 413, 469
    
      337, 524, 171
    
      337, 171, 338
    
      338, 171, 252
    
      252, 171, 30
    
      338, 252, 23
    
      338, 23, 336
    
      336, 23, 162
    
      336, 162, 58
    
      336, 58, 374
    
      374, 58, 57
    
      374, 57, 56
    
      374, 56, 375
    
      374, 375, 324
    
      416, 154, 271
    
      271, 154, 236
    
      236, 154, 247
    
      236, 247, 342
    
      342, 247, 91
    
      342, 91, 88
    
      88, 91, 90
    
      88, 90, 10
    
      10, 90, 553
    
      10, 553, 151
    
      10, 151, 88
    
      88, 151, 481
    
      88, 481, 342
    
      502, 190, 505
    
      505, 190, 215
    
      215, 190, 147
    
      215, 147, 216
    
      216, 147, 418
    
      216, 418, 345
    
      345, 418, 476
    
      424, 216, 345
    
      424, 345, 346
    
      424, 346, 144
    
      424, 144, 480
    
      424, 213, 425
    
      425, 213, 81
    
      81, 213, 479
    
      81, 479, 145
    
      238, 12, 157
    
      157, 12, 7
    
      7, 12, 271
    
      7, 271, 236
    
      7, 236, 210
    
      7, 210, 157
    
      273, 192, 538
    
      273, 538, 537
    
      537, 538, 22
    
      537, 22, 189
    
      189, 22, 503
    
      503, 22, 538
    
      503, 538, 192
    
      503, 192, 506
    
      503, 506, 189
    
      415, 298, 92
    
      92, 298, 267
    
      92, 267, 546
    
      546, 267, 292
    
      292, 267, 14
    
      14, 267, 413
    
      292, 14, 156
    
      292, 156, 13
    
      416, 271, 12
    
      416, 12, 358
    
      358, 12, 238
    
      416, 358, 11
    
      416, 11, 154
    
      154, 11, 89
    
      154, 89, 417
    
      154, 417, 247
    
      247, 417, 547
    
      247, 547, 91
    
      91, 547, 184
    
      91, 184, 90
    
      90, 184, 553
    
      309, 280, 528
    
      309, 528, 486
    
      486, 528, 403
    
      403, 528, 168
    
      403, 168, 335
    
      483, 226, 203
    
      203, 226, 99
    
      99, 226, 296
    
      296, 226, 323
    
      296, 323, 499
    
      499, 323, 128
    
      128, 323, 322
    
      322, 323, 21
    
      291, 47, 230
    
      291, 230, 518
    
      518, 230, 517
    
      518, 517, 39
    
      518, 39, 176
    
      176, 39, 516
    
      176, 516, 177
    
      291, 518, 176
    
      291, 176, 37
    
      37, 176, 550
    
      550, 176, 87
    
      227, 232, 294
    
      294, 232, 275
    
      166, 167, 113
    
      113, 167, 114
    
      221, 484, 362
    
      375, 56, 442
    
      43, 393, 112
    
      455, 5, 3
    
      3, 554, 455
    
      5, 455, 456
    
      238, 16, 358
    
      358, 16, 158
    
      158, 16, 412
    
      158, 412, 200
    
      200, 412, 543
    
      352, 79, 250
    
      169, 309, 485
    
      169, 485, 77
    
      169, 77, 43
    
      68, 493, 199
    
      199, 493, 313
    
      60, 70, 410
    
      492, 314, 133
    
      492, 133, 317
    
      317, 133, 435
    
      317, 435, 359
    
      359, 435, 313
    
      359, 313, 493
    
      69, 283, 134
    
      69, 134, 244
    
      244, 134, 19
    
      86, 552, 6
    
      86, 6, 260
    
      153, 466, 151
    
      153, 151, 553
    
      335, 527, 402
    
      335, 402, 403
    
      83, 473, 301
    
      83, 301, 148
    
      148, 301, 303
    
      246, 472, 84
    
      84, 472, 420
    
      420, 472, 422
    
      420, 422, 218
    
      218, 422, 85
    
      218, 85, 421
    
      421, 85, 149
    
      123, 303, 443
    
      534, 461, 111
    
      300, 219, 206
    
      300, 206, 361
    
      361, 206, 205
    
      361, 205, 431
    
      361, 431, 204
    
      361, 204, 140
    
      297, 228, 380
    
      297, 380, 507
    
      176, 260, 87
    
      461, 243, 330
    
      330, 243, 390
    
      386, 357, 245
    
      386, 245, 263
    
      135, 200, 311
    
      135, 311, 74
    
      135, 74, 261
    
      16, 238, 157
    
      16, 157, 544
    
      544, 157, 210
    
      544, 210, 349
    
      349, 210, 211
    
      349, 211, 347
    
      347, 211, 425
    
      4, 142, 207
    
      207, 142, 224
    
      207, 224, 161
    
      161, 224, 100
    
      24, 397, 460
    
      24, 460, 320
    
      320, 460, 441
    
      320, 441, 363
    
      320, 363, 394
    
      394, 363, 112
    
      41, 515, 118
    
      41, 118, 509
    
      41, 509, 42
    
      41, 42, 514
    
      552, 299, 519
    
      519, 299, 454
    
      519, 454, 35
    
      519, 35, 552
    
      454, 515, 333
    
      454, 333, 427
    
      524, 276, 171
    
      171, 276, 30
    
      156, 466, 13
    
      123, 122, 192
    
      192, 122, 506
    
      125, 194, 392
    
      125, 392, 254
    
      125, 254, 126
    
      126, 254, 512
    
      346, 345, 511
    
      346, 511, 258
    
      346, 258, 144
    
      144, 258, 480
    
      46, 244, 463
    
      18, 341, 94
    
      18, 94, 415
    
      409, 283, 70
    
      147, 190, 193
    
      147, 193, 50
    
      147, 50, 418
    
      248, 315, 257
    
      136, 433, 263
    
      365, 410, 367
    
      365, 367, 540
    
      289, 63, 440
    
      289, 440, 495
    
      170, 401, 31
    
      170, 31, 28
    
      273, 537, 350
    
      273, 350, 253
    
      273, 253, 325
    
      337, 100, 524
    
      67, 257, 229
    
      229, 257, 234
    
      234, 257, 315
    
      234, 315, 314
    
      234, 314, 490
    
      490, 314, 492
    
      490, 492, 317
    
      490, 317, 198
    
      198, 317, 359
    
      198, 359, 493
    
      198, 493, 364
    
      364, 493, 68
    
      364, 68, 437
    
      364, 437, 61
    
      364, 61, 198
    
      198, 61, 102
    
      102, 61, 362
    
      362, 61, 437
    
      362, 437, 221
    
      102, 362, 319
    
      102, 319, 26
    
      26, 319, 405
    
      26, 405, 164
    
      26, 164, 102
    
      102, 164, 530
    
      530, 164, 103
    
      530, 103, 101
    
      101, 103, 27
    
      27, 103, 166
    
      27, 166, 113
    
      27, 113, 165
    
      165, 113, 115
    
      115, 113, 114
    
      115, 114, 181
    
      181, 114, 512
    
      181, 512, 254
    
      181, 254, 48
    
      48, 254, 501
    
      501, 254, 392
    
      501, 392, 34
    
      41, 514, 448
    
      41, 448, 182
    
      182, 448, 327
    
      182, 327, 49
    
      182, 49, 287
    
      182, 287, 255
    
      182, 255, 41
    
      41, 255, 332
    
      41, 332, 515
    
      515, 332, 333
    
      333, 332, 222
    
      222, 332, 255
    
      222, 255, 286
    
      286, 255, 328
    
      328, 255, 287
    
      328, 287, 329
    
      328, 329, 243
    
      243, 329, 390
    
      427, 333, 222
    
      427, 222, 272
    
      272, 222, 286
    
      272, 286, 551
    
      551, 286, 457
    
      457, 286, 235
    
      235, 286, 391
    
      391, 286, 165
    
      391, 165, 115
    
      391, 115, 181
    
      391, 181, 48
    
      391, 48, 235
    
      235, 48, 116
    
      116, 48, 208
    
      208, 48, 428
    
      428, 48, 306
    
      306, 48, 180
    
      180, 48, 80
    
      80, 48, 501
    
      80, 501, 109
    
      80, 109, 304
    
      80, 304, 180
    
      180, 304, 306
    
      306, 304, 305
    
      306, 305, 428
    
      428, 305, 209
    
      428, 209, 208
    
      208, 209, 47
    
      208, 47, 116
    
      116, 47, 251
    
      251, 47, 291
    
      251, 291, 37
    
      251, 37, 38
    
      38, 37, 550
    
      38, 550, 87
    
      38, 87, 235
    
      235, 87, 457
    
      457, 87, 260
    
      457, 260, 6
    
      457, 6, 551
    
      551, 6, 272
    
      272, 6, 552
    
      272, 552, 35
    
      272, 35, 454
    
      272, 454, 427
    
      235, 116, 251
    
      235, 251, 38
    
      165, 286, 281
    
      281, 286, 62
    
      62, 286, 24
    
      62, 24, 320
    
      62, 320, 360
    
      360, 320, 394
    
      360, 394, 496
    
      360, 496, 63
    
      360, 63, 289
    
      360, 289, 62
    
      62, 289, 438
    
      438, 289, 495
    
      438, 495, 439
    
      438, 439, 494
    
      438, 494, 132
    
      132, 494, 65
    
      132, 65, 275
    
      132, 275, 237
    
      237, 275, 232
    
      237, 232, 242
    
      242, 232, 318
    
      318, 232, 227
    
      318, 227, 229
    
      318, 229, 66
    
      66, 229, 491
    
      491, 229, 234
    
      491, 234, 285
    
      285, 234, 281
    
      281, 234, 490
    
      281, 490, 198
    
      281, 198, 165
    
      165, 198, 163
    
      163, 198, 102
    
      163, 102, 530
    
      163, 530, 101
    
      163, 101, 27
    
      163, 27, 165
    
      285, 281, 62
    
      285, 62, 242
    
      242, 62, 237
    
      237, 62, 438
    
      237, 438, 132
    
      285, 242, 318
    
      285, 318, 491
    
      491, 318, 66
    
      24, 286, 406
    
      24, 406, 397
    
      397, 406, 533
    
      397, 533, 111
    
      111, 533, 534
    
      534, 533, 461
    
      461, 533, 531
    
      531, 533, 406
    
      531, 406, 286
    
      531, 286, 328
    
      531, 328, 243
    
      531, 243, 461
    
      345, 240, 511
    
      511, 240, 387
    
      511, 387, 258
    
      258, 387, 348
    
      258, 348, 480
    
      193, 190, 502
    
      193, 502, 274
    
      193, 274, 9
    
      9, 274, 295
    
      295, 274, 504
    
      295, 504, 55
    
      295, 55, 377
    
      295, 377, 9
    
      9, 377, 442
    
      442, 377, 375
    
      56, 57, 442
    
      442, 57, 548
    
      442, 548, 9
    
      9, 548, 401
    
      401, 548, 29
    
      29, 548, 57
    
      29, 57, 124
    
      401, 170, 9
    
      9, 170, 293
    
      293, 170, 335
    
      335, 170, 527
    
      527, 170, 28
    
      293, 335, 168
    
      293, 168, 529
    
      529, 168, 280
    
      280, 168, 528
    
      146, 213, 426
    
      146, 426, 510
    
      510, 426, 348
    
      510, 348, 387
    
      510, 387, 373
    
      373, 387, 240
    
      373, 240, 9
    
      9, 240, 468
    
      468, 240, 82
    
      468, 82, 477
    
      468, 477, 418
    
      468, 418, 50
    
      468, 50, 193
    
      468, 193, 9
    
      280, 309, 169
    
      280, 169, 404
    
      280, 404, 529
    
      529, 404, 179
    
      529, 179, 293
    
      293, 179, 9
    
      9, 179, 373
    
      373, 179, 76
    
      76, 179, 330
    
      76, 330, 390
    
      76, 390, 310
    
      310, 390, 329
    
      310, 329, 389
    
      310, 389, 373
    
      310, 373, 76
    
      449, 448, 178
    
      449, 178, 42
    
      449, 42, 51
    
      51, 42, 357
    
      51, 357, 386
    
      51, 386, 185
    
      185, 386, 73
    
      73, 386, 263
    
      73, 263, 239
    
      239, 263, 433
    
      239, 433, 75
    
      75, 433, 264
    
      75, 264, 447
    
      447, 264, 261
    
      447, 261, 282
    
      282, 261, 74
    
      282, 74, 311
    
      282, 311, 290
    
      290, 311, 200
    
      290, 200, 543
    
      290, 543, 465
    
      465, 543, 412
    
      465, 412, 16
    
      465, 16, 544
    
      465, 544, 510
    
      510, 544, 349
    
      510, 349, 347
    
      510, 347, 0
    
      0, 347, 145
    
      0, 145, 479
    
      0, 479, 146
    
      0, 146, 510
    
      465, 510, 373
    
      465, 373, 282
    
      465, 282, 290
    
      447, 282, 373
    
      447, 373, 75
    
      75, 373, 383
    
      75, 383, 187
    
      187, 383, 239
    
      239, 383, 73
    
      73, 383, 373
    
      73, 373, 185
    
      185, 373, 51
    
      51, 373, 449
    
      449, 373, 389
    
      449, 389, 327
    
      179, 404, 453
    
      453, 404, 513
    
      513, 404, 169
    
      513, 169, 43
    
      513, 43, 112
    
      513, 112, 452
    
      452, 112, 363
    
      452, 363, 441
    
      452, 441, 460
    
      452, 460, 331
    
      331, 460, 532
    
      532, 460, 397
    
      532, 397, 396
    
      396, 397, 111
    
      396, 111, 395
    
      395, 111, 461
    
      395, 461, 25
    
      25, 461, 330
    
      25, 330, 179
    
      25, 179, 395
    
      395, 179, 396
    
      396, 179, 331
    
      396, 331, 532
    
      331, 179, 453
    
      331, 453, 452
    
      452, 453, 513
    
      512, 114, 126
    
      126, 114, 167
    
      126, 167, 470
    
      470, 167, 220
    
      220, 167, 166
    
      220, 166, 103
    
      220, 103, 405
    
      220, 405, 202
    
      220, 202, 150
    
      150, 202, 139
    
      150, 139, 471
    
      471, 139, 219
    
      471, 219, 300
    
      471, 300, 361
    
      471, 361, 220
    
      471, 220, 150
    
      194, 125, 126
    
      194, 126, 277
    
      194, 277, 127
    
      127, 277, 444
    
      444, 277, 53
    
      53, 277, 450
    
      450, 277, 126
    
      450, 126, 470
    
      450, 470, 44
    
      44, 470, 308
    
      308, 470, 220
    
      308, 220, 361
    
      308, 361, 140
    
      308, 140, 204
    
      308, 204, 270
    
      270, 204, 431
    
      45, 53, 450
    
      45, 450, 46
    
      46, 450, 44
    
      46, 44, 312
    
      46, 312, 244
    
      244, 312, 69
    
      69, 312, 489
    
      489, 312, 44
    
      489, 44, 368
    
      368, 44, 308
    
      368, 308, 369
    
      369, 308, 270
    
      369, 270, 203
    
      203, 270, 483
    
      489, 368, 69
    
      69, 368, 249
    
      69, 249, 283
    
      283, 249, 70
    
      70, 249, 131
    
      70, 131, 410
    
      410, 131, 367
    
      367, 131, 197
    
      197, 131, 498
    
      498, 131, 249
    
      498, 249, 368
    
      498, 368, 474
    
      474, 368, 302
    
      302, 368, 225
    
      225, 368, 369
    
      225, 369, 203
    
      225, 203, 196
    
      196, 203, 99
    
      196, 99, 296
    
      196, 296, 499
    
      196, 499, 130
    
      130, 499, 128
    
      130, 128, 370
    
      370, 128, 371
    
      371, 128, 322
    
      371, 322, 269
    
      371, 269, 129
    
      371, 129, 59
    
      371, 59, 195
    
      195, 59, 174
    
      195, 174, 372
    
      195, 372, 122
    
      122, 372, 506
    
      506, 372, 520
    
      225, 196, 130
    
      225, 130, 302
    
      302, 130, 370
    
      302, 370, 371
    
      302, 371, 54
    
      54, 371, 122
    
      122, 371, 195
    
      366, 540, 367
    
      366, 367, 197
    
      366, 197, 321
    
      321, 197, 498
    
      321, 498, 420
    
      420, 498, 84
    
      84, 498, 474
    
      84, 474, 473
    
      473, 474, 301
    
      301, 474, 302
    
      301, 302, 443
    
      301, 443, 303
    
      443, 302, 54
    
      443, 54, 122
    
      443, 122, 123
    
      152, 97, 366
    
      152, 366, 321
    
      152, 321, 218
    
      218, 321, 420
    
      270, 431, 430
    
      270, 430, 483
    
      86, 288, 3
    
      86, 3, 5
    
      329, 287, 389
    
      389, 287, 327
    
      327, 287, 49
    
      34, 119, 108
    
      34, 108, 109
    
      109, 108, 304
    
      304, 108, 305
    
      325, 462, 381
    
      307, 250, 523
    
      307, 523, 106
    
      133, 314, 315
    
      103, 164, 405
    
      554, 3, 288
    
      227, 67, 229
    
      23, 252, 172
    
      172, 252, 30
    
      439, 275, 65
    
      439, 65, 494
    
      437, 68, 432
    
      437, 432, 221
    
      372, 174, 175
    
      372, 175, 520
    
      421, 152, 218
    
      36, 86, 456
    
      36, 456, 455
    
      36, 455, 554
    
      505, 504, 274
    
      505, 274, 502
    
      324, 375, 377
    
      324, 377, 55
    
      500, 34, 194
    
      500, 194, 127
    
      500, 127, 186
    
      82, 240, 476
    
      82, 476, 477
    
      477, 476, 418
    
      325, 121, 273
    
      213, 424, 426
    
      426, 424, 348
    
      348, 424, 480
    
      448, 514, 178
    
      178, 514, 42
    
      129, 174, 59
    
      269, 322, 407
    
      407, 322, 21
    
      496, 394, 393
    
      160, 540, 366
    
      160, 366, 97
    
      34, 109, 501
    
      476, 240, 345
    
      496, 459, 63
    
      341, 97, 414
    
      414, 97, 152
    
      449, 327, 448
    
      162, 104, 58
    
      58, 104, 124
    
      58, 124, 57
    
      86, 5, 456
    
      189, 506, 520
    
      194, 34, 392
    
      187, 239, 75
    
      425, 81, 347
    
      202, 319, 353
    
      479, 213, 146
    
      81, 145, 347
    
      319, 362, 484
    
      319, 484, 353
    
      319, 202, 405
    
      112, 393, 394
    
      139, 202, 353
    
      124, 231, 29
    
      127, 444, 186
   
    
      -0.00699100017548
      0.0241000003815
      0.00159999847412
    
      0.0181900005341
      -0.0205900001526
      0.0406999969482
    
      -0.0205900001526
      -0.0200400009155
      0.0353999938965
    
      -0.0204699993134
      -0.0208999996185
      0.0341999969482
    
      0.0202099990845
      0.0223799991608
      0.0303999938965
    
      -0.0204799995422
      -0.0209300003052
      0.0335
    
      -0.0200300006866
      -0.0214300003052
      0.0338000030518
    
      -0.0157399997711
      0.0255699996948
      0.004
    
      -0.0152100000381
      0.0250200004578
      0.0703000030518
    
      0.0156599998474
      0.0168700008392
      0.00129999542236
    
      -0.0167600002289
      0.0247199993134
      0.0252999954224
    
      -0.0175
      0.0242199993134
      0.00729999542236
    
      -0.0169300003052
      0.0252000007629
      0.00309999847412
    
      -0.0173299999237
      0.0241200008392
      0.044
    
      -0.0172600002289
      0.0243899993896
      0.0508000030518
    
      0.0209400005341
      0.0138400001526
      0.0291999969482
    
      -0.0165499992371
      0.0240499992371
      0.00119999694824
    
      -0.0203299999237
      -0.00485200023651
      0.0613000030518
    
      -0.0179400005341
      0.0232399997711
      0.0666999969482
    
      -0.0201700000763
      -0.00482100009918
      0.0723000030518
    
      0.0203999996185
      0.0163500003815
      0.0678000030518
    
      0.0204200000763
      0.0126899995804
      0.0728999938965
    
      0.0192999992371
      0.0224099998474
      0.0691999969482
    
      0.0200900001526
      0.0226599998474
      0.0055
    
      0.00991899967194
      -0.0239099998474
      0.00469999694824
    
      1.86199992895e-05
      -0.0203199996948
      0.00139999389648
    
      0.0148000001907
      -0.0242000007629
      0.0720999908447
    
      0.0058109998703
      -0.0239300003052
      0.0715999908447
    
      0.0201700000763
      0.0121300001144
      0.00229999542236
    
      0.0203600006104
      0.0213999996185
      0.00219999694824
    
      0.0203099994659
      0.0223899993896
      0.009
    
      0.0207399997711
      0.0167600002289
      0.00269999694824
    
      0.0206499996185
      0.01975
      0.00469999694824
    
      0.02
      0.0217099990845
      0.0691999969482
    
      -0.0204500007629
      -0.0208999996185
      0.0711999969482
    
      -0.0199599990845
      -0.0213400001526
      0.0205999984741
    
      -0.0205300006866
      -0.0207999992371
      0.0330999908447
    
      -0.0203400001526
      -0.0213999996185
      0.0516999969482
    
      -0.0202000007629
      -0.0214599990845
      0.0510999908447
    
      -0.0205900001526
      -0.0211700000763
      0.0505
    
      -0.0208400001526
      -0.0207399997711
      0.0493000030518
    
      -0.0193799991608
      -0.0218099994659
      0.00319999694824
    
      -0.0199599990845
      -0.0206100006104
      0.00129999542236
    
      0.0175499992371
      -0.0226299991608
      0.00209999847412
    
      -0.0156400003433
      -0.0117399997711
      0.0731999969482
    
      -0.0206299991608
      -0.0156599998474
      0.0728000030518
    
      -0.0204200000763
      -0.0126899995804
      0.0728999938965
    
      -0.0202600002289
      -0.0214300003052
      0.0603000030518
    
      -0.0155399999619
      -0.0224300003052
      0.0693000030518
    
      -0.0159399995804
      -0.0223500003815
      0.00159999847412
    
      0.00587799978256
      0.0244300003052
      0.00169999694824
    
      -0.0181499996185
      -0.0166700000763
      0.000799995422363
    
      -0.0204699993134
      -0.0189099998474
      0.00279999542236
    
      -0.0206200008392
      -0.0173400001526
      0.0728000030518
    
      0.013029999733
      0.0212399997711
      0.073
    
      0.0146499996185
      0.0235799999237
      0.00179999542236
    
      0.0182099990845
      0.0231599998474
      0.002
    
      0.0192299995422
      0.0227600002289
      0.002
    
      0.0198799991608
      0.0228500003815
      0.00289999389648
    
      0.0200599994659
      0.0176499996185
      0.0730999908447
    
      -0.0182800006866
      0.0148299999237
      0.0723000030518
    
      0.0153199996948
      -0.0242800006866
      0.0700999908447
    
      0.0137700004578
      -0.0239799995422
      0.0185999984741
    
      0.0175400009155
      -0.0232800006866
      0.00629999542236
    
      0.0177900009155
      -0.0226100006104
      0.0125
    
      0.0175300006866
      -0.0233199996948
      0.016
    
      0.0171499996185
      -0.0235699996948
      0.0398999938965
    
      0.0176399993896
      -0.02325
      0.0408999938965
    
      0.0171499996185
      -0.0236000003815
      0.0683000030518
    
      -0.0186000003815
      0.00289599990845
      0.0728999938965
    
      -0.0180699996948
      0.0132700004578
      0.0725999908447
    
      -0.02025
      -0.0115699996948
      0.00369999694824
    
      -0.0185200004578
      0.0101199998856
      0.00219999694824
    
      -0.0177800006866
      -0.010529999733
      0.000599998474121
    
      -0.0177999992371
      0.0119200000763
      0.001
    
      -0.0170699996948
      0.00258200001717
      0.000599998474121
    
      -0.0069390001297
      -0.0179899997711
      0.00109999847412
    
      0.0178099994659
      -0.0217399997711
      0.00239999389648
    
      0.0173700008392
      -0.0220100002289
      0.0723000030518
    
      0.0200200004578
      0.0221800003052
      0.0381999969482
    
      -0.0188899993896
      -0.0219500007629
      0.0705999908447
    
      -0.0075609998703
      0.0256000003815
      0.00189999389648
    
      0.003117000103
      0.0246399993896
      0.00159999847412
    
      0.00029929998517
      0.0241900005341
      0.072
    
      -0.00723500013351
      0.0241800003052
      0.0726999969482
    
      -0.0130900001526
      0.0250100002289
      0.0723999938965
    
      -0.0203999996185
      -0.0209599990845
      0.0318000030518
    
      -0.0201900005341
      -0.0214099998474
      0.0476999969482
    
      -0.0161900005341
      0.0247299995422
      0.0242999954224
    
      -0.0173899993896
      0.0243600006104
      0.0113999938965
    
      -0.0169200000763
      0.0246700000763
      0.024
    
      -0.0168799991608
      0.0247199993134
      0.0222999954224
    
      -0.0178400001526
      0.0237399997711
      0.0605
    
      -0.0182600002289
      0.0208999996185
      0.0551999969482
    
      -0.0170499992371
      0.0245400009155
      0.0698000030518
    
      -0.0202900009155
      -0.00603000020981
      0.0160999984741
    
      -0.0184799995422
      0.0156899995804
      0.0716999969482
    
      -0.0174699993134
      0.0240499992371
      0.0723000030518
    
      0.0204599990845
      0.0160300006866
      0.0725999908447
    
      0.0193999996185
      -0.000332199990749
      0.073
    
      0.0201299991608
      0.0223199996948
      0.0213999938965
    
      0.00786899995804
      -0.0240300006866
      0.0716999969482
    
      0.013529999733
      -0.0242900009155
      0.0713999938965
    
      0.0106300001144
      -0.0239500007629
      0.0721999969482
    
      0.0205300006866
      0.0219599990845
      0.00279999542236
    
      0.0202800006866
      0.0222600002289
      0.0305999908447
    
      0.0202800006866
      0.0222299995422
      0.0315999908447
    
      0.0201399993896
      0.0210400009155
      0.0683999938965
    
      -0.0203899993896
      -0.0211599998474
      0.0695999908447
    
      -0.0199300003052
      -0.0217000007629
      0.0708000030518
    
      -0.0209200000763
      -0.0201200008392
      0.0495999908447
    
      0.00427099990845
      -0.0232700004578
      0.00169999694824
    
      0.0171200008392
      -0.0228899993896
      0.002
    
      -0.00190199995041
      -0.0235400009155
      0.0715999908447
    
      -0.00861400032043
      -0.0228700008392
      0.072
    
      -0.00663100004196
      -0.0235300006866
      0.0711999969482
    
      -0.0186299991608
      -0.0217299995422
      0.0608999938965
    
      -0.0180599994659
      0.0218799991608
      0.0248999938965
    
      -0.0202000007629
      -0.0207800006866
      0.00759999847412
    
      -0.0208400001526
      -0.0192900009155
      0.0663999938965
    
      -0.0208999996185
      -0.0154300003052
      0.0718999938965
    
      0.0196299991608
      0.0224200000763
      0.0615999908447
    
      0.0165
      0.0219699993134
      0.0728999938965
    
      0.0113800001144
      0.0234799995422
      0.0721999969482
    
      0.0200599994659
      0.0224099998474
      0.00219999694824
    
      -0.0187900009155
      -0.0214200000763
      0.0723000030518
    
      -0.0150900001526
      -0.0215400009155
      0.0725
    
      -0.0205799999237
      -0.0193500003815
      0.0726999969482
    
      0.0199799995422
      0.0116300001144
      0.0731999969482
    
      0.0201800003052
      0.0164799995422
      0.0730999908447
    
      0.0179899997711
      0.00991300010681
      0.0730999908447
    
      -0.0164400005341
      0.0176399993896
      0.0728999938965
    
      0.0173799991608
      -0.0233999996185
      0.0160999984741
    
      0.0177600002289
      -0.0223799991608
      0.0543000030518
    
      -0.0194899997711
      -0.000132300004363
      0.0725
    
      -0.0180200004578
      0.0126499996185
      0.00129999542236
    
      -0.0192399997711
      -0.005507999897
      0.00129999542236
    
      0.0196100006104
      -0.00802799987793
      0.00509999847412
    
      0.0184899997711
      -0.0156099996567
      0.00269999694824
    
      0.0169799995422
      -0.0227700004578
      0.0728000030518
    
      0.0177800006866
      -0.0145500001907
      0.0731999969482
    
      0.0204200000763
      0.0212700004578
      0.021
    
      0.0202900009155
      0.0222000007629
      0.0286999969482
    
      -0.00675899982452
      0.0253799991608
      0.0208999938965
    
      -0.00414499998093
      0.0252600002289
      0.00179999542236
    
      -0.00745100021362
      0.0255900001526
      0.00169999694824
    
      -0.00657399988174
      0.0240400009155
      0.00159999847412
    
      0.00635799980164
      0.0246700000763
      0.00209999847412
    
      0.00377600002289
      0.0239200000763
      0.0720999908447
    
      -0.0138299999237
      0.0250499992371
      0.0723999938965
    
      0.0159300003052
      -0.0231000003815
      0.0726999969482
    
      -0.0162900009155
      0.0247399997711
      0.0301999969482
    
      -0.0163500003815
      0.0244799995422
      0.0725
    
      -0.0172399997711
      0.0240100002289
      0.0315999908447
    
      -0.0170699996948
      0.02475
      0.01
    
      -0.0159099998474
      0.0248299999237
      0.0410999908447
    
      -0.0170699996948
      0.0244400005341
      0.0468000030518
    
      -0.0155100002289
      0.0254500007629
      0.00179999542236
    
      -0.0175599994659
      0.0215100002289
      0.00159999847412
    
      -0.0209300003052
      -0.0153900003433
      0.0483000030518
    
      -0.0180599994659
      0.0227099990845
      0.0715999908447
    
      0.0198700008392
      0.0225499992371
      0.0243999938965
    
      0.0202600002289
      0.0225200004578
      0.00359999847412
    
      0.00546299982071
      -0.0240799999237
      0.0705999908447
    
      0.0130900001526
      -0.0242000007629
      0.0720999908447
    
      0.000366800010204
      -0.0239200000763
      0.0658000030518
    
      0.00658400011063
      -0.0235599994659
      0.0723000030518
    
      -0.00197899997234
      -0.0229200000763
      0.0723000030518
    
      0.0180200004578
      -0.00790999984741
      0.00169999694824
    
      0.0174400005341
      -0.0211599998474
      0.00179999542236
    
      0.0197900009155
      0.0121800003052
      0.002
    
      0.0199300003052
      0.0226399993896
      0.0116999969482
    
      0.0203600006104
      0.0222900009155
      0.007
    
      0.0202999992371
      0.0219500007629
      0.0313999938965
    
      0.0203299999237
      0.0187399997711
      0.0728000030518
    
      0.0202800006866
      0.0210200004578
      0.0726999969482
    
      -0.0204899997711
      -0.0211900005341
      0.0488000030518
    
      -0.0206900005341
      -0.0208400001526
      0.0466999969482
    
      -0.0189599990845
      -0.0213999996185
      0.00129999542236
    
      0.00599300003052
      -0.00792199993134
      0.0005
    
      -0.0185599994659
      -0.0219699993134
      0.07
    
      -0.010279999733
      -0.0231200008392
      0.0713999938965
    
      -0.0164400005341
      -0.0222999992371
      0.00179999542236
    
      -0.0179099998474
      0.0224099998474
      0.0208999938965
    
      -0.0173500003815
      0.0239500007629
      0.0246999969482
    
      -0.0172299995422
      -0.0133500003815
      0.000599998474121
    
      -0.0207399997711
      -0.0192299995422
      0.0723999938965
    
      -0.0180200004578
      -0.00162800002098
      0.000599998474121
    
      0.0185499992371
      0.0225799999237
      0.0626999969482
    
      0.0197900009155
      0.0220900001526
      0.0716999969482
    
      0.00907699966431
      0.0242800006866
      0.00219999694824
    
      0.0138500003815
      0.0238400001526
      0.00229999542236
    
      0.0157100000381
      0.0230300006866
      0.0708000030518
    
      0.00944900035858
      0.0234799995422
      0.00179999542236
    
      -0.0199200000763
      -0.0206299991608
      0.0725999908447
    
      0.0195400009155
      0.0189099998474
      0.0730999908447
    
      0.0193299999237
      0.00508900022507
      0.0733000030518
    
      -0.0154799995422
      0.0214899997711
      0.0728000030518
    
      0.0136999998093
      -0.0241200008392
      0.065
    
      0.0178199996948
      -0.0211700000763
      0.0653000030518
    
      -0.0175200004578
      0.0189899997711
      0.00129999542236
    
      0.0188999996185
      -0.0127899999619
      0.00329999542236
    
      0.0160499992371
      -0.0236599998474
      0.0725999908447
    
      0.01875
      -0.00469000005722
      0.0731999969482
    
      0.0179799995422
      -0.013720000267
      0.0731999969482
    
      0.0182900009155
      -0.0140600004196
      0.0728000030518
    
      0.0180200004578
      -0.0172700004578
      0.0723000030518
    
      0.0200400009155
      0.0224699993134
      0.029
    
      -0.0193099994659
      -0.0216399993896
      0.0648999938965
    
      -0.0204500007629
      -0.0211800003052
      0.0640999908447
    
      -0.0127899999619
      0.0257399997711
      0.00319999694824
    
      -0.0103100004196
      0.0255400009155
      0.002
    
      -0.00954899978638
      0.0255300006866
      0.004
    
      -0.00684399986267
      0.0255
      0.00179999542236
    
      -0.013029999733
      0.0252299995422
      0.045
    
      0.00664499998093
      0.0247600002289
      0.00379999542236
    
      0.00286500000954
      0.0249899997711
      0.00359999847412
    
      0.00695100021362
      0.0239400005341
      0.0715999908447
    
      -0.0133500003815
      0.0247000007629
      0.0725999908447
    
      0.0173299999237
      -0.02125
      0.0728000030518
    
      0.0113699998856
      -0.0226100006104
      0.0725999908447
    
      0.0169400005341
      -0.0238099994659
      0.0713000030518
    
      -0.0175699996948
      -0.0219200000763
      0.0133999938965
    
      -0.0147600002289
      0.0249400005341
      0.0723000030518
    
      0.0202299995422
      0.0221700000763
      0.0258000030518
    
      0.0142299995422
      0.00105599999428
      0.0731999969482
    
      0.0194699993134
      -0.00341100001335
      0.0725999908447
    
      0.0175599994659
      -0.0232000007629
      0.0373000030518
    
      0.0199300003052
      0.0220900001526
      0.0471999969482
    
      0.0173500003815
      -0.0234400005341
      0.0408999938965
    
      -0.0206800003052
      -0.0209799995422
      0.0533999938965
    
      0.0205300006866
      0.0215900001526
      0.0025
    
      0.0172900009155
      -0.0233500003815
      0.0278000030518
    
      0.0193199996948
      -0.00584700012207
      0.00319999694824
    
      0.0170400009155
      -0.0235400009155
      0.048
    
      -0.0177999992371
      -0.0218799991608
      0.0506999969482
    
      -0.0155500001907
      0.0252900009155
      0.0108999938965
    
      0.0168799991608
      -0.0234699993134
      0.0190999984741
    
      -0.0168600006104
      0.0248700008392
      0.00169999694824
    
      -0.0182999992371
      -0.00380500006676
      0.000599998474121
    
      0.00246000003815
      0.0227999992371
      0.00159999847412
    
      0.0198099994659
      -0.00955700016022
      0.0236999969482
    
      0.0165100002289
      -0.0236100006104
      0.0283000030518
    
      -0.00773799991608
      -0.0231299991608
      0.00189999389648
    
      -0.0200799999237
      -0.00687200021744
      0.0726999969482
    
      -0.0196200008392
      -0.0101499996185
      0.0015
    
      -0.00599100017548
      0.0246200008392
      0.072
    
      -0.0168400001526
      0.0247199993134
      0.0173999938965
    
      0.0177399997711
      -0.0229899997711
      0.0455999908447
    
      -0.0168500003815
      0.0124099998474
      0.073
    
      0.0198799991608
      0.0224099998474
      0.0358000030518
    
      -0.0198400001526
      -0.0215300006866
      0.0541999969482
    
      0.0199400005341
      0.0226700000763
      0.00809999847412
    
      0.0199500007629
      0.0219400005341
      0.063
    
      -0.0162600002289
      -0.0221900005341
      0.0720999908447
    
      -0.014720000267
      -0.0225499992371
      0.0045
    
      0.0203899993896
      0.00376200008392
      0.0653000030518
    
      0.0175
      -0.0233500003815
      0.044
    
      -0.00371099996567
      0.0249099998474
      0.00159999847412
    
      0.0153500003815
      0.0232600002289
      0.0380999908447
    
      -0.0202399997711
      -0.0212199993134
      0.0393999938965
    
      -0.0178700008392
      0.00983199977875
      0.001
    
      0.02075
      0.0149499998093
      0.00579999542236
    
      -0.0191100006104
      -0.00795800018311
      0.000899993896484
    
      -0.0182299995422
      0.0053639998436
      0.00109999847412
    
      0.0179099998474
      -0.0211900005341
      0.0558999938965
    
      -0.0208299999237
      -0.0199200000763
      0.0451999969482
    
      -0.0174400005341
      0.0241900005341
      0.0528999938965
    
      -0.0175100002289
      0.0235599994659
      0.0388000030518
    
      0.0203999996185
      0.0148000001907
      0.073
    
      0.0184300003052
      -0.0094139995575
      0.0731999969482
    
      -0.0167700004578
      0.0250799999237
      0.00639999389648
    
      -0.0188500003815
      -0.0216499996185
      0.022
    
      0.0192900009155
      0.0224200000763
      0.0638000030518
    
      0.0124899997711
      0.0231299991608
      0.00169999694824
    
      0.0176100006104
      -0.0231200008392
      0.0185999984741
    
      0.0203799991608
      0.0221000003815
      0.0125999984741
    
      -0.0199799995422
      -0.0188199996948
      0.0728000030518
    
      0.0204599990845
      0.0205300006866
      0.0335999908447
    
      0.0180100002289
      -0.0213400001526
      0.0463999938965
    
      0.0172900009155
      -0.0173600006104
      0.00169999694824
    
      0.0120799999237
      -0.0241200008392
      0.0443999938965
    
      -0.0166700000763
      0.0122899999619
      0.000799995422363
    
      -0.0185799999237
      0.00805900001526
      0.0725
    
      0.0201399993896
      0.0212700004578
      0.0618999938965
    
      0.0161399993896
      -0.0237399997711
      0.0388000030518
    
      -0.00536600017548
      -0.0234200000763
      0.0198999938965
    
      -0.0146499996185
      -0.0224699993134
      0.00179999542236
    
      -0.0204899997711
      -0.0207999992371
      0.0380999908447
    
      0.0170200004578
      -0.0234300003052
      0.0111999969482
    
      -0.0171700000763
      0.0187999992371
      0.001
    
      -0.0203799991608
      -0.0213500003815
      0.053
    
      -0.0176399993896
      0.0237800006866
      0.0478999938965
    
      0.0163400001526
      -0.00302200007439
      0.00109999847412
    
      0.0178600006104
      -0.0227199993134
      0.027
    
      0.0146899995804
      0.0228500003815
      0.00169999694824
    
      0.01975
      0.00473299980164
      0.073
    
      0.0201200008392
      0.0216700000763
      0.0550999908447
    
      -0.0173500003815
      0.0242800006866
      0.0585
    
      -0.0204200000763
      -0.0206700000763
      0.0178999938965
    
      0.0172800006866
      -0.0198999996185
      0.0728999938965
    
      0.00244600009918
      0.0233500003815
      0.0725999908447
    
      0.00495699977875
      0.0193500003815
      0.0728999938965
    
      0.00697300004959
      0.0234899997711
      0.0723999938965
    
      -0.0197399997711
      -0.0216700000763
      0.0698000030518
    
      -0.02025
      -0.0213899993896
      0.0670999908447
    
      -0.0190100002289
      -0.0218400001526
      0.0680999908447
    
      0.0200499992371
      0.0223700008392
      0.0320999908447
    
      0.0129799995422
      -0.0133100004196
      0.0731999969482
    
      0.0179699993134
      -0.0177399997711
      0.00219999694824
    
      -0.00992700004578
      -0.0199300003052
      0.00129999542236
    
      -0.0176000003815
      0.0148100004196
      0.001
    
      -0.0198400001526
      -0.00720399999619
      0.0728999938965
    
      0.0175
      -0.0233099994659
      0.0643999938965
    
      0.0172800006866
      -0.0235499992371
      0.0538000030518
    
      0.0175300006866
      -0.0232900009155
      0.0503999938965
    
      0.0176700000763
      -0.0231599998474
      0.0421999969482
    
      0.0168999996185
      -0.0236700000763
      0.0593000030518
    
      0.0170300006866
      -0.0235300006866
      0.0360999908447
    
      0.0159799995422
      -0.0239400005341
      0.0721999969482
    
      0.0149899997711
      -0.0237199993134
      0.00379999542236
    
      -0.0149099998474
      0.0237199993134
      0.0728000030518
    
      0.0202900009155
      0.013
      0.0730999908447
    
      0.0202199993134
      0.0090030002594
      0.0728000030518
    
      0.015720000267
      0.0235400009155
      0.00209999847412
    
      0.0197800006866
      0.0223500003815
      0.0605999908447
    
      -0.0208299999237
      -0.0167399997711
      0.0385999908447
    
      -0.0162700004578
      -0.0220699996948
      0.00139999389648
    
      -0.0107600002289
      -0.0231599998474
      0.0035
    
      -0.0111400003433
      -0.0226200008392
      0.00159999847412
    
      -0.00534000015259
      -0.0213500003815
      0.0015
    
      0.0118100004196
      -0.0180599994659
      0.00169999694824
    
      -0.0190200004578
      -0.0217399997711
      0.00789999389648
    
      -0.0196700000763
      -0.0214799995422
      0.0133999938965
    
      -0.0208400001526
      -0.0207800006866
      0.0508999938965
    
      0.0190699996948
      -0.000488900005817
      0.00219999694824
    
      0.0190900001526
      0.0229300003052
      0.00409999847412
    
      0.01975
      0.0226599998474
      0.017
    
      0.0190300006866
      0.0229099998474
      0.0107999954224
    
      0.0204400005341
      0.0130500001907
      0.0725999908447
    
      -0.0192399997711
      0.0081280002594
      0.0706999969482
    
      -0.0176399993896
      0.024
      0.0711999969482
    
      -0.014970000267
      0.0252099990845
      0.0190999984741
    
      -0.0090389995575
      0.0249300003052
      0.0706999969482
    
      -0.000257400006056
      0.0244799995422
      0.0678000030518
    
      0.00147500002384
      0.0249699993134
      0.00209999847412
    
      -0.00189900004864
      0.0251499996185
      0.002
    
      -0.00825800037384
      0.0244899997711
      0.0015
    
      -0.00501900005341
      0.0241000003815
      0.00159999847412
    
      -0.0103299999237
      0.0240799999237
      0.00139999389648
    
      0.0200900001526
      0.0213999996185
      0.0656999969482
    
      0.0203099994659
      0.0211299991608
      0.0395999908447
    
      0.0196299991608
      0.0224099998474
      0.0406999969482
    
      0.0169500007629
      -0.0231599998474
      0.0725
    
      0.0193199996948
      -0.00954300022125
      0.0685999908447
    
      0.0178400001526
      -0.0223099994659
      0.00369999694824
    
      0.0183099994659
      -0.0183299999237
      0.00459999847412
    
      -0.0198799991608
      -0.0172000007629
      0.00109999847412
    
      -0.0175
      0.0241700000763
      0.00239999389648
    
      0.0169400005341
      -0.0237199993134
      0.064
    
      0.0169200000763
      -0.0234599990845
      0.00669999694824
    
      0.0173199996948
      -0.01625
      0.0730999908447
    
      0.0162700004578
      -0.0241299991608
      0.0715999908447
    
      0.0160699996948
      -0.0232199993134
      0.00239999389648
    
      0.0163600006104
      -0.0239899997711
      0.0678000030518
    
      -0.0182000007629
      0.0188400001526
      0.0718999938965
    
      -0.0173700008392
      0.0228400001526
      0.0726999969482
    
      -0.0174899997711
      0.0203199996948
      0.0725
    
      -0.0112600002289
      0.00588899993896
      0.0730999908447
    
      0.0142399997711
      -0.00661600017548
      0.0733000030518
    
      0.0173099994659
      0.0136599998474
      0.0730999908447
    
      0.0187800006866
      0.0153100004196
      0.0730999908447
    
      0.0196800003052
      0.0211299991608
      0.073
    
      -0.00665999984741
      0.000606999993324
      0.0
    
      0.0181299991608
      0.0232199993134
      0.00259999847412
    
      0.0172999992371
      0.0231599998474
      0.00189999389648
    
      0.0108599996567
      0.0236200008392
      0.0650999908447
    
      0.0159899997711
      0.0228899993896
      0.00179999542236
    
      0.0125500001907
      0.0239099998474
      0.00709999847412
    
      0.0186800003052
      0.0226599998474
      0.0498000030518
    
      0.0196700000763
      0.0224200000763
      0.0528999938965
    
      0.0198099994659
      0.0223700008392
      0.0558999938965
    
      0.0188899993896
      0.0225599994659
      0.0583000030518
    
      -0.01675
      -0.00282999992371
      0.0005
    
      -0.0209899997711
      -0.0194899997711
      0.0521999969482
    
      -0.0206700000763
      -0.0183400001526
      0.00859999847412
    
      -0.0192299995422
      -0.0143900003433
      0.000699996948242
    
      -0.00341100001335
      0.0217399997711
      0.00129999542236
    
      -0.0178799991608
      0.0221100006104
      0.0308000030518
    
      -0.0133500003815
      -0.0202299995422
      0.00119999694824
    
      -0.00925599956512
      -0.0227299995422
      0.0015
    
      -0.00804699993134
      -0.0233400001526
      0.0645999908447
    
      -0.0193400001526
      -0.0215200004578
      0.0720999908447
    
      0.0175
      -0.0229200000763
      0.00239999389648
    
      0.0168799991608
      -0.0235200004578
      0.00279999542236
    
      0.00315100002289
      -0.02075
      0.0015
    
      0.00913000011444
      -0.0211100006104
      0.00159999847412
    
      0.00912399959564
      -0.0236200008392
      0.002
    
      -0.0207600002289
      -0.0190400009155
      0.0230999984741
    
      -0.0205400009155
      -0.0206399993896
      0.0310999908447
    
      0.0204899997711
      0.0215200004578
      0.0075
    
      0.0205300006866
      0.0191200008392
      0.00229999542236
    
      0.0195799999237
      -0.000355699986219
      0.00269999694824
    
      0.0188700008392
      -0.00597200012207
      0.00239999389648
    
      0.0155699996948
      -0.0181399993896
      0.0015
    
      0.0145699996948
      -0.0240499992371
      0.0723999938965
    
      0.00444999980927
      -0.0238500003815
      0.00389999389648
    
      0.0204899997711
      0.0139200000763
      0.0728999938965
    
      -0.0181299991608
      0.0224599990845
      0.063
    
      -0.01875
      0.0103800001144
      0.072
    
      -0.0179599990845
      0.0169500007629
      0.0723999938965
    
      -0.0198400001526
      0.000417800009251
      0.0715
    
      -0.0171000003815
      0.0218400001526
      0.00109999847412
    
      -0.0171000003815
      0.0244099998474
      0.0545
    
      -0.0170100002289
      0.0244400005341
      0.072
    
      -0.0176800003052
      0.024
      0.0653999938965
    
      -0.0171599998474
      0.0248400001526
      0.00559999847412
    
      -0.0174599990845
      0.0241100006104
      0.0170999984741
    
      0.00423699998856
      0.0246900005341
      0.00179999542236
    
      -0.015279999733
      0.0249300003052
      0.0545
    
      -0.0107399997711
      0.0243899993896
      0.0726999969482
    
      -0.0142399997711
      0.0248999996185
      0.0725
    
      -0.0116199998856
      0.0249400005341
      0.0723000030518
    
      -0.00929300022125
      0.0248700008392
      0.0720999908447
    
      -0.00512400007248
      0.0253799991608
      0.0025
    
      -0.00800699996948
      0.0255499992371
      0.00209999847412
    
      -0.00588999986649
      0.0241000003815
      0.00169999694824
    
      -0.0196299991608
      -0.0215599994659
      0.0163999938965
    
      -0.0193400001526
      -0.0217000007629
      0.0666999969482
    
      0.0204500007629
      0.0209699993134
      0.0273999938965
    
      0.0189300003052
      -0.00831900024414
      0.0728999938965
    
      0.0183400001526
      -0.0129099998474
      0.073
    
      0.0172399997711
      -0.0233600006104
      0.071
    
      -0.0188199996948
      -0.00138900005817
      0.00109999847412
    
      -0.0179300003052
      0.0187800006866
      0.00539999389648
    
      0.0174300003052
      -0.0232700004578
      0.0620999908447
    
      0.0180400009155
      -0.0217399997711
      0.0378999938965
    
      0.0167299995422
      -0.0239300003052
      0.0695999908447
    
      0.0171599998474
      -0.0234500007629
      0.0147999954224
    
      0.0177299995422
      -0.0231800003052
      0.0150999984741
    
      0.01775
      -0.0224899997711
      0.00909999847412
    
      0.0149799995422
      -0.02325
      0.00229999542236
    
      0.0177199993134
      0.0225499992371
      0.00189999389648
    
      0.0108000001907
      0.0226800003052
      0.0728000030518
    
      -0.0206599998474
      -0.0182999992371
      0.0726999969482
    
      -0.0208600006104
      -0.0182800006866
      0.0716999969482
    
      -0.021
      -0.0192900009155
      0.0575999908447
    
      -0.0163999996185
      0.00678499984741
      0.000599998474121
    
      -0.0177000007629
      -0.0219799995422
      0.0015
    
      -0.0166599998474
      -0.02
      0.00119999694824
    
      -0.0186100006104
      -0.0175300006866
      0.0728000030518
    
      0.0202800006866
      0.0206700000763
      0.0718000030518
    
      0.0153400001526
      -0.0216700000763
      0.00219999694824
    
      0.0136099996567
      -0.0180400009155
      0.00169999694824
    
      -0.02
      -0.0212199993134
      0.017
    
      -0.0204699993134
      -0.0209400005341
      0.0336999969482
    
      -0.0204799995422
      -0.0209400005341
      0.0331999969482
    
      -0.0185100002289
      -0.0217999992371
      0.0385999908447
    
      0.0181299991608
      -0.0208799991608
      0.0188999938965
    
      0.0178099994659
      -0.0226000003815
      0.005
    
      0.0131300001144
      -0.0232399997711
      0.00189999389648
    
      -1.88699997962e-05
      -0.0232199993134
      0.00169999694824
    
      0.0200100002289
      0.0221299991608
      0.0573999938965
    
      -0.0206299991608
      -0.0111199998856
      0.0725999908447
    
      -0.0183999996185
      0.0178299999237
      0.0693000030518
    
      -0.01525
      0.0193199996948
      0.001
    
      -0.0169599990845
      0.0243600006104
      0.0391999969482
    
      -0.0176100006104
      0.0236700000763
      0.0122999954224
    
      0.00573000001907
      0.0236599998474
      0.00179999542236
    
      -0.0163999996185
      0.0244699993134
      0.0640999908447
    
      -0.00176800000668
      -0.0206700000763
      0.0728000030518
    
      0.0165300006866
      -0.0218400001526
      0.0728999938965
    
      -0.00900100040436
      0.0247700004578
      0.0723000030518
    
      -0.0033599998951
      0.0242099990845
      0.0723999938965
    
      -0.00458900022507
      0.0225100002289
      0.0728000030518
    
      -0.0128999996185
      0.0250900001526
      0.0710999908447
    
      0.00287599992752
      0.0248299999237
      0.00169999694824
    
      0.00356500005722
      0.0247099990845
      0.00169999694824
    
      -0.0106199998856
      0.0250499992371
      0.0588000030518
    
      -0.00712300014496
      0.0255900001526
      0.00169999694824
    
      -0.00470900011063
      0.0253099994659
      0.00179999542236
    
      -0.0138100004196
      0.0252299995422
      0.0286999969482
    
      0.0203199996948
      0.0200499992371
      0.0475999908447
    
      0.0190200004578
      -0.0064279999733
      0.073
    
      0.0169400005341
      -0.0235799999237
      0.0720999908447
    
      0.0178899993896
      -0.0202900009155
      0.00229999542236
    
      0.0186100006104
      -0.0130799999237
      0.00259999847412
    
      -0.0192999992371
      -0.00157500004768
      0.00229999542236
    
      -0.0202000007629
      -0.0160200004578
      0.00189999389648
    
      -0.0190400009155
      -0.00399699997902
      0.0730999908447
    
      0.0165100002289
      -0.02375
      0.0543999938965
    
      0.0170499992371
      -0.0236100006104
      0.0415999908447
    
      0.0172299995422
      -0.0236700000763
      0.0561999969482
    
      0.0170599994659
      -0.0236900005341
      0.066
    
      0.0175300006866
      -0.0233600006104
      0.0151999969482
    
      0.0176000003815
      -0.0232700004578
      0.0133999938965
    
      0.0175799999237
      -0.0232199993134
      0.00439999389648
    
      0.0178500003815
      -0.0225300006866
      0.0142999954224
    
      -0.00986400032043
      0.0216499996185
      0.0728000030518
    
      0.0198799991608
      0.00899400043488
      0.0731999969482
    
      -0.0206000003815
      -0.0198500003815
      0.0725
    
      -0.0185200004578
      -0.0219400005341
      0.0713000030518
    
      0.0105600004196
      0.0239099998474
      0.00189999389648
    
      0.0185400009155
      0.0226700000763
      0.0713999938965
    
      0.0132600002289
      0.0236700000763
      0.00179999542236
    
      0.0113199996948
      0.0241399993896
      0.00239999389648
    
      0.0187700004578
      0.0226200008392
      0.0725999908447
    
      0.0198999996185
      0.0223299999237
      0.0543000030518
    
      -0.0208899993896
      -0.0207099990845
      0.052
    
      -0.0202999992371
      -0.0206200008392
      0.00329999542236
    
      -0.00650400018692
      0.0173700008392
      0.00109999847412
    
      -0.000796400010586
      0.0247700004578
      0.00159999847412
    
      -0.0133900003433
      -0.0224400005341
      0.0720999908447
    
      0.0168400001526
      -0.0216800003052
      0.00179999542236
    
      -0.0194099998474
      -0.0216000003815
      0.00169999694824
    
      -0.0198999996185
      -0.02125
      0.00909999847412
    
      -0.0207600002289
      -0.0209300003052
      0.0491999969482
    
      -0.0206900005341
      -0.0210400009155
      0.0510999908447
    
      -0.0205799999237
      -0.0211499996185
      0.0513999938965
    
      -0.0200699996948
      -0.0211900005341
      0.0197999954224
    
      0.02
      0.0218199996948
      0.0728000030518
    
      0.0201599998474
      0.0216000003815
      0.0725
    
      0.0207000007629
      0.0181499996185
      0.00579999542236
    
      0.0201900005341
      0.0219899997711
      0.035
    
      0.0201900005341
      0.0223400001526
      0.0166999969482
    
      0.0203999996185
      0.00868099975586
      0.00289999389648
    
      0.0205200004578
      0.00459800004959
      0.00589999389648
    
      0.0197600002289
      0.00541200017929
      0.00229999542236
    
      0.018
      -0.0134499998093
      0.002
    
      0.0158800001144
      -0.0143199996948
      0.00119999694824
    
      0.0101300001144
      -0.0241200008392
      0.0718000030518
    
      -0.00377699995041
      -0.0236700000763
      0.00359999847412
    
      0.0119099998474
      -0.0225
      0.00169999694824
    
      0.0030759999752
      -0.0236800003052
      0.00219999694824
    
      0.00254800009727
      -0.0236499996185
      0.00209999847412
    
      0.0192399997711
      0.0227099990845
      0.0291999969482
    
      0.0196399993896
      0.0226700000763
      0.0260999908447
    
      0.0197800006866
      0.0221700000763
      0.0675999908447
    
      0.01875
      0.0225400009155
      0.0681999969482
    
      -0.0207999992371
      -0.0108299999237
      0.0710999908447
    
      -0.0179799995422
      0.0215300006866
      0.0721999969482
    
      -0.0184300003052
      0.0174099998474
      0.0232999954224
    
      -0.0190499992371
      0.00463700008392
      0.00379999542236
    
      -0.0171700000763
      0.0207600002289
      0.001
    
      -0.0127700004578
      0.0241299991608
      0.00139999389648
    
      -0.0185499992371
      0.0180499992371
      0.0418000030518
    
      -0.0177999992371
      0.0237399997711
      0.053
    
      -0.0173099994659
      0.0242800006866
      0.0216999969482
    
      0.0192700004578
      0.0213400001526
      0.00179999542236
    
      -0.0165200004578
      0.0246800003052
      0.0505
    
      -0.0203199996948
      -0.0214200000763
      0.0505999908447
    
      -0.0176700000763
      -0.0218799991608
      0.031
    
      -0.0200699996948
      -0.0212700004578
      0.0248999938965
    
      -0.0170200004578
      0.0245499992371
      0.026
    
      -0.0205
      -0.0208799991608
      0.0345999908447
