
  
 
   
    
      0, 1, 2
    
      1, 0, 3
    
      4, 2, 1
    
      5, 0, 2
    
      0, 6, 3
    
      3, 7, 1
    
      2, 4, 8
    
      1, 9, 4
    
      10, 0, 5
    
      5, 2, 11
    
      6, 0, 12
    
      6, 13, 3
    
      3, 13, 7
    
      1, 7, 14
    
      9, 8, 4
    
      15, 2, 8
    
      1, 16, 9
    
      10, 12, 0
    
      7, 10, 5
    
      11, 2, 17
    
      14, 5, 11
    
      12, 18, 6
    
      6, 19, 13
    
      10, 7, 13
    
      5, 14, 7
    
      1, 14, 16
    
      8, 9, 15
    
      17, 2, 15
    
      16, 15, 9
    
      20, 12, 10
    
      17, 21, 11
    
      11, 22, 14
    
      18, 12, 23
    
      18, 19, 6
    
      19, 10, 13
    
      16, 14, 22
    
      15, 16, 17
    
      20, 23, 12
    
      10, 19, 20
    
      24, 21, 17
    
      21, 25, 17
    
      22, 11, 21
    
      23, 26, 18
    
      18, 27, 19
    
      22, 28, 16
    
      16, 29, 22
    
      16, 24, 17
    
      17, 25, 16
    
      30, 23, 20
    
      27, 20, 19
    
      24, 31, 21
    
      31, 25, 21
    
      21, 29, 22
    
      26, 23, 32
    
      26, 27, 18
    
      28, 22, 33
    
      24, 16, 28
    
      16, 25, 29
    
      29, 34, 22
    
      30, 32, 23
    
      20, 27, 30
    
      24, 35, 31
    
      29, 21, 31
    
      25, 31, 35
    
      36, 26, 32
    
      26, 37, 27
    
      33, 22, 34
    
      33, 24, 28
    
      38, 29, 25
    
      29, 39, 25
    
      29, 38, 34
    
      40, 32, 30
    
      27, 40, 30
    
      24, 41, 35
    
      42, 31, 35
    
      43, 29, 31
    
      25, 42, 35
    
      35, 38, 25
    
      26, 36, 44
    
      40, 36, 32
    
      44, 37, 26
    
      40, 27, 37
    
      45, 33, 34
    
      46, 24, 33
    
      39, 29, 47
    
      42, 25, 39
    
      41, 34, 38
    
      48, 41, 24
    
      38, 35, 41
    
      31, 42, 49
    
      29, 43, 50
    
      31, 49, 43
    
      51, 44, 36
    
      52, 36, 40
    
      44, 53, 37
    
      37, 52, 40
    
      33, 45, 46
    
      41, 45, 34
    
      54, 24, 46
    
      47, 29, 50
    
      49, 39, 47
    
      39, 49, 42
    
      41, 48, 55
    
      56, 48, 24
    
      57, 50, 43
    
      43, 49, 58
    
      44, 51, 59
    
      52, 51, 36
    
      59, 53, 44
    
      52, 37, 53
    
      46, 45, 60
    
      55, 45, 41
    
      56, 24, 54
    
      60, 54, 46
    
      47, 50, 61
    
      47, 58, 49
    
      62, 55, 48
    
      63, 48, 56
    
      50, 57, 64
    
      58, 57, 43
    
      65, 59, 51
    
      66, 51, 52
    
      59, 67, 53
    
      53, 66, 52
    
      68, 60, 45
    
      55, 68, 45
    
      54, 69, 56
    
      60, 70, 54
    
      64, 61, 50
    
      58, 47, 61
    
      55, 62, 71
    
      72, 62, 48
    
      72, 48, 63
    
      56, 73, 63
    
      66, 64, 57
    
      57, 58, 65
    
      59, 65, 74
    
      66, 65, 51
    
      74, 67, 59
    
      66, 53, 67
    
      60, 68, 75
    
      71, 68, 55
    
      69, 54, 76
    
      73, 56, 69
    
      75, 70, 60
    
      70, 76, 54
    
      61, 64, 74
    
      61, 65, 58
    
      62, 77, 71
    
      78, 62, 72
    
      63, 79, 72
    
      79, 63, 73
    
      64, 66, 67
    
      57, 65, 66
    
      65, 61, 74
    
      74, 64, 67
    
      68, 80, 75
    
      71, 81, 68
    
      82, 69, 76
    
      82, 73, 69
    
      75, 83, 70
    
      76, 70, 82
    
      77, 62, 84
    
      77, 81, 71
    
      78, 84, 62
    
      79, 78, 72
    
      85, 79, 73
    
      80, 68, 81
    
      80, 86, 75
    
      85, 73, 82
    
      75, 86, 83
    
      83, 82, 70
    
      84, 87, 77
    
      77, 88, 81
    
      89, 84, 78
    
      78, 79, 90
    
      91, 79, 85
    
      81, 92, 80
    
      80, 93, 86
    
      82, 83, 85
    
      86, 85, 83
    
      87, 84, 94
    
      87, 88, 77
    
      92, 81, 88
    
      89, 94, 84
    
      90, 89, 78
    
      91, 90, 79
    
      85, 86, 91
    
      92, 93, 80
    
      95, 86, 93
    
      94, 96, 87
    
      87, 97, 88
    
      88, 98, 92
    
      99, 94, 89
    
      89, 90, 100
    
      95, 90, 91
    
      86, 95, 91
    
      92, 101, 93
    
      93, 102, 95
    
      96, 94, 103
    
      96, 97, 87
    
      98, 88, 97
    
      98, 101, 92
    
      99, 103, 94
    
      100, 99, 89
    
      95, 100, 90
    
      102, 93, 101
    
      102, 100, 95
    
      103, 104, 96
    
      96, 105, 97
    
      97, 106, 98
    
      98, 107, 101
    
      108, 103, 99
    
      99, 100, 109
    
      101, 110, 102
    
      102, 109, 100
    
      104, 103, 111
    
      104, 105, 96
    
      106, 97, 105
    
      106, 107, 98
    
      110, 101, 107
    
      108, 111, 103
    
      109, 108, 99
    
      110, 109, 102
    
      111, 112, 104
    
      104, 113, 105
    
      105, 114, 106
    
      106, 115, 107
    
      107, 116, 110
    
      117, 111, 108
    
      108, 109, 118
    
      110, 118, 109
    
      112, 111, 119
    
      112, 113, 104
    
      114, 105, 113
    
      114, 115, 106
    
      116, 107, 115
    
      116, 118, 110
    
      117, 119, 111
    
      118, 117, 108
    
      119, 120, 112
    
      112, 121, 113
    
      113, 122, 114
    
      114, 123, 115
    
      115, 124, 116
    
      116, 125, 118
    
      126, 119, 117
    
      117, 118, 125
    
      120, 119, 127
    
      120, 121, 112
    
      122, 113, 121
    
      122, 123, 114
    
      124, 115, 123
    
      124, 125, 116
    
      128, 119, 126
    
      125, 126, 117
    
      128, 127, 119
    
      129, 120, 127
    
      120, 130, 121
    
      130, 122, 121
    
      122, 131, 123
    
      123, 132, 124
    
      124, 133, 125
    
      126, 134, 128
    
      126, 125, 133
    
      135, 127, 128
    
      120, 129, 136
    
      135, 129, 127
    
      136, 130, 120
    
      122, 130, 137
    
      122, 138, 131
    
      132, 123, 131
    
      132, 133, 124
    
      134, 126, 133
    
      139, 128, 134
    
      128, 139, 135
    
      140, 136, 129
    
      141, 129, 135
    
      136, 142, 130
    
      142, 137, 130
    
      137, 138, 122
    
      138, 132, 131
    
      132, 134, 133
    
      143, 139, 134
    
      144, 135, 139
    
      136, 140, 145
    
      146, 140, 129
    
      146, 129, 141
    
      135, 144, 141
    
      145, 142, 136
    
      137, 142, 146
    
      137, 147, 138
    
      132, 138, 143
    
      143, 134, 132
    
      148, 139, 143
    
      139, 148, 144
    
      149, 145, 140
    
      140, 146, 149
    
      147, 146, 141
    
      148, 141, 144
    
      142, 145, 150
    
      150, 146, 142
    
      146, 147, 137
    
      147, 143, 138
    
      143, 147, 148
    
      145, 149, 150
    
      146, 150, 149
    
      141, 148, 147
   
    
      0.11616884917
      -0.0286210775375
      0.123349376023
    
      0.108634702861
      -0.00977264437824
      0.133059471846
    
      0.105720378458
      -0.0268366038799
      0.133059471846
    
      0.119083173573
      -0.0115571161732
      0.123349376023
    
      0.0932185798883
      -0.00713975867257
      0.136437505484
    
      0.0908322185278
      -0.0242938864976
      0.12344931066
    
      0.126499429345
      -0.0128237241879
      0.109797820449
    
      0.09374653548
      -0.00722992653027
      0.12344931066
    
      0.0903042629361
      -0.0242037195712
      0.136437505484
    
      0.0822463333607
      -0.00526583241299
      0.136437505484
    
      0.101487472653
      -0.0261136759073
      0.117424808443
    
      0.0759848058224
      -0.0217581279576
      0.123506337404
    
      0.123585119843
      -0.0298876855522
      0.109797820449
    
      0.104401789606
      -0.00904971454293
      0.117424808443
    
      0.0788991227746
      -0.0046941684559
      0.123506337404
    
      0.0793320164084
      -0.0223297923803
      0.136437505484
    
      0.0662639886141
      -0.00253624026664
      0.127662301064
    
      0.0633496642113
      -0.0196002013981
      0.127662301064
    
      0.130486160517
      -0.0135046113282
      0.0954182818532
    
      0.111524805427
      -0.0102662397549
      0.106768913567
    
      0.108610488474
      -0.0273301992565
      0.106768913567
    
      0.0633496642113
      -0.0196002013981
      0.118887111545
    
      0.0662639886141
      -0.00253624026664
      0.118887111545
    
      0.127571865916
      -0.0305685717613
      0.0954182818532
    
      0.0633496642113
      -0.0196002013981
      0.136437505484
    
      0.0662639886141
      -0.00253624026664
      0.0200096815825
    
      0.130486160517
      -0.0135046113282
      0.082980774343
    
      0.117595769465
      -0.0113030867651
      0.0882670655847
    
      0.0662639886141
      -0.00253624026664
      0.136437505484
    
      0.0662639886141
      -0.00253624026664
      0.0355110652745
    
      0.114681452513
      -0.0283670481294
      0.0882670655847
    
      0.0633496642113
      -0.0196002013981
      0.0355110652745
    
      0.127571865916
      -0.0305685717613
      0.082980774343
    
      0.0646625161171
      0.0147005608305
      0.136437505484
    
      0.0646625161171
      0.0147005608305
      0.0
    
      0.0633496642113
      -0.0196002013981
      0.0200096815825
    
      0.124659858644
      -0.0300712399185
      0.0626947507262
    
      0.117595769465
      -0.0113030867651
      0.0706420615315
    
      0.0662639886141
      -0.00253624026664
      0.0
    
      0.075811907649
      -0.00416690949351
      0.0221035368741
    
      0.114681452513
      -0.0283670481294
      0.0706420615315
    
      0.0633496642113
      -0.0196002013981
      0.0
    
      0.0728975832462
      -0.0212308708578
      0.0221035368741
    
      0.0729801952839
      -0.0212449785322
      0.0315812416375
    
      0.127574175596
      -0.0130072766915
      0.0626947507262
    
      0.0586544126272
      0.030935542658
      0.0
    
      0.0619400329888
      0.0220572128892
      0.136437505484
    
      0.0844837278128
      -0.00564795220271
      0.0240024719387
    
      0.0561181753874
      -0.0353284403682
      0.136437505484
    
      0.0815694183111
      -0.0227119140327
      0.0240024719387
    
      0.0758945196867
      -0.00418101809919
      0.0315812416375
    
      0.119586840272
      -0.0292048286647
      0.0500791035593
    
      0.109181858599
      -0.0274277832359
      0.0545836575329
    
      0.112096175551
      -0.0103638228029
      0.0545836575329
    
      0.0596553608775
      0.0069815623574
      0.136437505484
    
      0.0561181753874
      -0.0353284403682
      0.0
    
      0.059429615736
      -0.0086962711066
      0.136437505484
    
      0.0803716927767
      -0.0225073564798
      0.0329643003643
    
      0.0995335578918
      -0.0257799699903
      0.0311135929078
    
      0.122501164675
      -0.0121408682317
      0.0500791035593
    
      0.0586544126272
      0.030935542658
      0.136437505484
    
      0.102447874844
      -0.00871600955725
      0.0311135929078
    
      0.0450623184443
      -0.0486491024494
      0.136437505484
    
      0.0551538392901
      -0.0237814690918
      0.136437505484
    
      0.0832860171795
      -0.00544339651242
      0.0329643003643
    
      0.112317882478
      -0.0279633775353
      0.0396014489233
    
      0.0967373400927
      -0.0253024119884
      0.0414049103856
    
      0.0996516644955
      -0.00823845062405
      0.0414049103856
    
      0.0486491024494
      0.0450623184443
      0.0
    
      0.059429615736
      -0.0086962711066
      0.00663304049522
    
      0.055815692991
      0.0221836157143
      0.136437505484
    
      0.0450623184443
      -0.0486491024494
      0.0
    
      0.0471194200218
      -0.0372460000217
      0.136437505484
    
      0.0551538392901
      -0.0237814690918
      0.00663304049522
    
      0.115232206881
      -0.0108994171023
      0.0396014489233
    
      0.0486491024494
      0.0450623184443
      0.136437505484
    
      0.0596553608775
      0.0069815623574
      0.00663304049522
    
      0.030935542658
      -0.0586544126272
      0.0
    
      0.0358738899231
      -0.0481722764671
      0.136437505484
    
      0.0471194200218
      -0.0372460000217
      0.00663304049522
    
      0.0353284403682
      0.0561181753874
      0.136437505484
    
      0.0353284403682
      0.0561181753874
      0.0
    
      0.055815692991
      0.0221836157143
      0.00663304049522
    
      0.0481722764671
      0.0358738899231
      0.136437505484
    
      0.030935542658
      -0.0586544126272
      0.136437505484
    
      0.0481722764671
      0.0358738899231
      0.00663304049522
    
      0.0372460000217
      0.0471194200218
      0.136437505484
    
      0.0147005608305
      -0.0646625161171
      0.0
    
      0.0196002013981
      0.0633496642113
      0.0
    
      0.0221836157143
      -0.055815692991
      0.136437505484
    
      0.0358738899231
      -0.0481722764671
      0.00663304049522
    
      0.0372460000217
      0.0471194200218
      0.00663304049522
    
      0.0196002013981
      0.0633496642113
      0.136437505484
    
      0.0237814690918
      0.0551538392901
      0.136437505484
    
      0.0147005608305
      -0.0646625161171
      0.136437505484
    
      0.0237814690918
      0.0551538392901
      0.00663304049522
    
      -0.00253624026664
      -0.0662639886141
      0.0
    
      0.00253624026664
      0.0662639886141
      0.0
    
      0.00253624026664
      0.0662639886141
      0.136437505484
    
      0.0069815623574
      -0.0596553608775
      0.136437505484
    
      0.0221836157143
      -0.055815692991
      0.00663304049522
    
      0.0086962711066
      0.059429615736
      0.136437505484
    
      0.0086962711066
      0.059429615736
      0.00663304049522
    
      -0.00253624026664
      -0.0662639886141
      0.136437505484
    
      -0.0196002013981
      -0.0633496642113
      0.0
    
      -0.0147005608305
      0.0646625161171
      0.0
    
      -0.0147005608305
      0.0646625161171
      0.136437505484
    
      -0.0069815623574
      0.0596553608775
      0.136437505484
    
      -0.0086962711066
      -0.059429615736
      0.136437505484
    
      0.0069815623574
      -0.0596553608775
      0.00663304049522
    
      -0.0069815623574
      0.0596553608775
      0.00663304049522
    
      -0.0196002013981
      -0.0633496642113
      0.136437505484
    
      -0.0353284403682
      -0.0561181753874
      0.0
    
      -0.030935542658
      0.0586544126272
      0.0
    
      -0.030935542658
      0.0586544126272
      0.136437505484
    
      -0.0221836157143
      0.055815692991
      0.136437505484
    
      -0.0221836157143
      0.055815692991
      0.00663304049522
    
      -0.0237814690918
      -0.0551538392901
      0.136437505484
    
      -0.0086962711066
      -0.059429615736
      0.00663304049522
    
      -0.0353284403682
      -0.0561181753874
      0.136437505484
    
      -0.0486491024494
      -0.0450623184443
      0.0
    
      -0.0450623184443
      0.0486491024494
      0.0
    
      -0.0450623184443
      0.0486491024494
      0.136437505484
    
      -0.0358738899231
      0.0481722764671
      0.136437505484
    
      -0.0358738899231
      0.0481722764671
      0.00663304049522
    
      -0.0237814690918
      -0.0551538392901
      0.00663304049522
    
      -0.0372460000217
      -0.0471194200218
      0.136437505484
    
      -0.0486491024494
      -0.0450623184443
      0.136437505484
    
      -0.0481722764671
      -0.0358738899231
      0.136437505484
    
      -0.0586544126272
      -0.030935542658
      0.136437505484
    
      -0.0561181753874
      0.0353284403682
      0.0
    
      -0.0471194200218
      0.0372460000217
      0.136437505484
    
      -0.0471194200218
      0.0372460000217
      0.00663304049522
    
      -0.0372460000217
      -0.0471194200218
      0.00663304049522
    
      -0.0481722764671
      -0.0358738899231
      0.00663304049522
    
      -0.055815692991
      -0.0221836157143
      0.136437505484
    
      -0.0586544126272
      -0.030935542658
      0.0
    
      -0.0561181753874
      0.0353284403682
      0.136437505484
    
      -0.0551538392901
      0.0237814690918
      0.136437505484
    
      -0.055815692991
      -0.0221836157143
      0.00663304049522
    
      -0.0646625161171
      -0.0147005608305
      0.136437505484
    
      -0.0596553608775
      -0.0069815623574
      0.136437505484
    
      -0.0633496642113
      0.0196002013981
      0.0
    
      -0.0551538392901
      0.0237814690918
      0.00663304049522
    
      -0.0596553608775
      -0.0069815623574
      0.00663304049522
    
      -0.0646625161171
      -0.0147005608305
      0.0
    
      -0.0633496642113
      0.0196002013981
      0.136437505484
    
      -0.059429615736
      0.0086962711066
      0.136437505484
    
      -0.059429615736
      0.0086962711066
      0.00663304049522
    
      -0.0662639886141
      0.00253624026664
      0.136437505484
    
      -0.0662639886141
      0.00253624026664
      0.0
