
  
 
   
    
      0, 1, 2
    
      1, 0, 3
    
      3, 0, 4
    
      4, 0, 5
    
      0, 6, 5
    
      6, 0, 7
    
      0, 8, 7
    
      2, 8, 0
    
      8, 2, 9
    
      4, 5, 18
    
      18, 5, 19
    
      5, 20, 19
    
      20, 5, 6
    
      33, 11, 24
    
      34, 11, 33
    
      35, 11, 34
    
      36, 11, 35
    
      19, 11, 36
    
      5, 11, 19
    
      0, 11, 5
    
      11, 0, 2
    
      37, 19, 36
    
      38, 19, 37
    
      18, 19, 38
    
      37, 36, 42
    
      42, 36, 35
    
      36, 43, 35
    
      43, 36, 44
    
      19, 44, 36
    
      44, 19, 45
    
      19, 20, 45
    
      33, 29, 52
    
      33, 30, 29
    
      33, 31, 30
    
      33, 32, 31
    
      33, 23, 32
    
      33, 24, 23
    
      42, 35, 60
    
      60, 35, 61
    
      61, 35, 34
    
      35, 62, 34
    
      62, 35, 63
    
      35, 43, 63
    
      61, 34, 69
    
      69, 34, 68
    
      34, 65, 66
    
      34, 64, 65
    
      34, 62, 64
    
      2, 10, 9
    
      10, 2, 11
    
      2, 12, 11
    
      2, 13, 12
    
      1, 13, 2
    
      13, 1, 14
    
      3, 14, 1
    
      14, 3, 15
    
      4, 15, 3
    
      15, 4, 16
    
      4, 17, 16
    
      17, 4, 18
    
      39, 18, 38
    
      18, 39, 17
    
      38, 40, 39
    
      40, 38, 37
    
      37, 41, 40
    
      41, 37, 42
    
      42, 59, 41
    
      59, 42, 60
    
      33, 66, 54
    
      66, 33, 34
    
      55, 34, 33
    
      67, 34, 55
    
      34, 67, 68
    
      57, 68, 67
    
      68, 57, 69
    
      58, 69, 57
    
      69, 58, 61
    
      58, 60, 61
    
      60, 58, 59
    
      21, 20, 6
    
      20, 21, 22
    
      21, 23, 22
    
      23, 21, 24
    
      25, 24, 21
    
      24, 25, 11
    
      25, 26, 11
    
      7, 26, 25
    
      26, 7, 8
    
      8, 10, 26
    
      10, 8, 9
    
      26, 10, 11
    
      28, 12, 13
    
      29, 12, 28
    
      30, 12, 29
    
      31, 12, 30
    
      32, 12, 31
    
      23, 12, 32
    
      24, 12, 23
    
      12, 24, 11
    
      28, 17, 39
    
      28, 16, 17
    
      28, 15, 16
    
      28, 14, 15
    
      14, 28, 13
    
      28, 39, 40
    
      22, 45, 20
    
      45, 22, 46
    
      22, 23, 46
    
      32, 46, 23
    
      46, 32, 47
    
      47, 32, 48
    
      31, 48, 32
    
      48, 31, 49
    
      30, 49, 31
    
      49, 30, 50
    
      29, 50, 30
    
      50, 29, 51
    
      52, 51, 29
    
      51, 52, 53
    
      33, 53, 52
    
      53, 33, 54
    
      33, 28, 55
    
      52, 28, 33
    
      28, 52, 29
    
      28, 57, 55
    
      28, 58, 57
    
      28, 59, 58
    
      28, 41, 59
    
      28, 40, 41
    
      48, 63, 43
    
      63, 48, 49
    
      49, 62, 63
    
      62, 49, 50
    
      50, 64, 62
    
      64, 50, 51
    
      51, 65, 64
    
      65, 51, 53
    
      53, 66, 65
    
      66, 53, 54
    
      55, 57, 67
    
      43, 47, 48
    
      47, 43, 44
    
      44, 46, 47
    
      46, 44, 45
    
      25, 6, 7
    
      6, 25, 21
    
      10, 27, 11
    
      11, 27, 10
    
      11, 27, 12
    
      12, 27, 11
    
      13, 12, 27
    
      27, 12, 13
    
      33, 55, 54
    
      54, 55, 33
    
      56, 54, 55
    
      55, 54, 56
   
    
      -0.081625007093
      -0.0664999932051
      0.0249424818903
    
      -0.081625007093
      -0.0701881721616
      0.0285144578665
    
      -0.081625007093
      -0.0664999932051
      0.0290000028908
    
      -0.081625007093
      -0.0736249908805
      0.0270908772945
    
      -0.081625007093
      -0.0765762701631
      0.0248262826353
    
      -0.081625007093
      -0.0664999932051
      0.0225812550634
    
      -0.081625007093
      0.0759517401457
      0.0225812550634
    
      -0.081625007093
      0.0772394388914
      0.0249424818903
    
      -0.081625007093
      0.0788497626781
      0.0270966533571
    
      -0.081625007093
      0.0807500109076
      0.0290000028908
    
      0.0801249966025
      0.0807500109076
      0.0289999973029
    
      0.0801249966025
      -0.0664999932051
      0.0289999973029
    
      0.0811250060797
      -0.0664999932051
      0.0289999973029
    
      0.081625007093
      -0.0664999932051
      0.0289999973029
    
      0.081625007093
      -0.0701881721616
      0.028514450416
    
      0.081625007093
      -0.0736249908805
      0.0270908717066
    
      0.081625007093
      -0.0765762701631
      0.0248262733221
    
      0.081625007093
      -0.0788408443332
      0.0218749977648
    
      -0.081625007093
      -0.0788408443332
      0.0218750070781
    
      -0.081625007093
      -0.0664999932051
      0.0169033035636
    
      -0.081625007093
      0.0750127956271
      0.0200609322637
    
      0.0801249966025
      0.0759517401457
      0.0225812476128
    
      0.0801249966025
      0.0750127956271
      0.0200609248132
    
      0.0801249966025
      -0.0664999932051
      0.0208990965039
    
      0.0801249966025
      -0.0664999932051
      0.0260847713798
    
      0.0801249966025
      0.0772394388914
      0.0249424725771
    
      0.0801249966025
      0.0788497626781
      0.0270966477692
    
      0.081625007093
      0.0807500109076
      0.0289999973029
    
      0.081625007093
      -0.0664999932051
      0.00455754762515
    
      0.0801249966025
      -0.0664999932051
      0.00455754762515
    
      0.0801249966025
      -0.0664999932051
      0.0069187739864
    
      0.0801249966025
      -0.0664999932051
      0.0101729501039
    
      0.0801249966025
      -0.0664999932051
      0.0127981947735
    
      0.0801249966025
      -0.0664999932051
      0.000499998044688
    
      -0.081625007093
      -0.0664999932051
      0.00050000398187
    
      -0.081625007093
      -0.0664999932051
      0.00736067816615
    
      -0.081625007093
      -0.0664999932051
      0.0142213273793
    
      -0.081625007093
      -0.0807499960065
      0.0147500028834
    
      -0.081625007093
      -0.0802644193172
      0.0184381790459
    
      0.081625007093
      -0.0802644193172
      0.0184381697327
    
      0.081625007093
      -0.0807499960065
      0.0147499963641
    
      0.081625007093
      -0.0802644193172
      0.0110618453473
    
      -0.081625007093
      -0.0802644193172
      0.0110618527979
    
      -0.081625007093
      0.0744416639209
      0.0120673058555
    
      -0.081625007093
      0.0742500051856
      0.0147500028834
    
      -0.081625007093
      0.0744416639209
      0.0174327306449
    
      0.0801249966025
      0.0744416639209
      0.017432725057
    
      0.0801249966025
      0.0742500051856
      0.0147499963641
    
      0.0801249966025
      0.0744416639209
      0.0120672984049
    
      0.0801249966025
      0.0750127956271
      0.0094390977174
    
      0.0801249966025
      0.0759517401457
      0.0069187739864
    
      0.0801249966025
      0.0772394388914
      0.00455754762515
    
      0.0801249966025
      -0.0664999932051
      0.00240337033756
    
      0.0801249966025
      0.0788497626781
      0.00240337033756
    
      0.0801249966025
      0.0807500109076
      0.000499998044688
    
      0.081625007093
      -0.0664999932051
      0.000499998044688
    
      0.081625007093
      0.0807500109076
      0.000499998044688
    
      0.081625007093
      -0.0736249908805
      0.00240914593451
    
      0.081625007093
      -0.0765762701631
      0.00467374688014
    
      0.081625007093
      -0.0788408443332
      0.00762499962002
    
      -0.081625007093
      -0.0788408443332
      0.0076250070706
    
      -0.081625007093
      -0.0765762701631
      0.00467375433072
    
      -0.081625007093
      0.0759517401457
      0.00691878143698
    
      -0.081625007093
      0.0750127956271
      0.00943910423666
    
      -0.081625007093
      0.0772394388914
      0.00455755507573
    
      -0.081625007093
      0.0788497626781
      0.00240337778814
    
      -0.081625007093
      0.0807500109076
      0.00050000398187
    
      0.081625007093
      -0.0701881721616
      0.00098557327874
    
      -0.081625007093
      -0.0701881721616
      0.000985579215921
    
      -0.081625007093
      -0.0736249908805
      0.00240915338509
    
      -0.081625007093
      0.0807500109076
      0.00050000398187
    
      0.0131249967963
      0.0807500109076
      1.49011614159e-09
    
      -0.081625007093
      -0.0664999932051
      0.00050000398187
    
      -0.081625007093
      -0.0701881721616
      0.000985579215921
    
      -0.081625007093
      -0.0736249908805
      0.00240915338509
    
      -0.081625007093
      -0.0765762701631
      0.00467375433072
    
      -0.081625007093
      -0.0788408443332
      0.0076250070706
    
      -0.081625007093
      -0.0802644193172
      0.0110618527979
    
      -0.081625007093
      -0.0807499960065
      0.0147500028834
    
      -0.081625007093
      -0.0802644193172
      0.0184381790459
    
      -0.081625007093
      -0.0788408443332
      0.0218750070781
    
      -0.081625007093
      -0.0765762701631
      0.0248262826353
    
      -0.081625007093
      -0.0736249908805
      0.0270908772945
    
      -0.081625007093
      -0.0701881721616
      0.0285144578665
    
      -0.081625007093
      -0.0664999932051
      0.0290000028908
    
      -0.081625007093
      0.0807500109076
      0.0290000028908
    
      0.0131249967963
      0.0807500109076
      0.0284999962896
    
      -0.081625007093
      0.0788497626781
      0.0270966533571
    
      -0.081625007093
      0.0772394388914
      0.0249424818903
    
      -0.081625007093
      0.0759517401457
      0.0225812550634
    
      -0.081625007093
      -0.0664999932051
      0.0249424818903
    
      -0.081625007093
      -0.0664999932051
      0.0225812550634
    
      -0.081625007093
      -0.0664999932051
      0.0169033035636
    
      -0.081625007093
      0.0750127956271
      0.0200609322637
    
      -0.081625007093
      0.0744416639209
      0.0174327306449
    
      -0.081625007093
      0.0742500051856
      0.0147500028834
    
      -0.081625007093
      -0.0664999932051
      0.0142213273793
    
      -0.081625007093
      -0.0664999932051
      0.00736067816615
    
      -0.081625007093
      0.0744416639209
      0.0120673058555
    
      -0.081625007093
      0.0750127956271
      0.00943910423666
    
      -0.081625007093
      0.0759517401457
      0.00691878143698
    
      -0.081625007093
      0.0788497626781
      0.00240337778814
    
      -0.081625007093
      0.0772394388914
      0.00455755507573
    
      0.0801249966025
      -0.0664999932051
      0.0289999973029
    
      0.0811250060797
      -0.0664999932051
      0.0289999973029
    
      0.0801249966025
      0.0731011852622
      0.00699539575726
    
      0.0801249966025
      0.0759517401457
      0.0069187739864
