
  
 
   
    
      0, 1, 2
    
      2, 1, 0
    
      1, 0, 3
    
      3, 0, 1
    
      4, 2, 1
    
      1, 2, 4
    
      2, 5, 0
    
      0, 5, 2
    
      6, 3, 0
    
      0, 3, 6
    
      2, 4, 5
    
      5, 4, 2
    
      0, 5, 6
    
      6, 5, 0
    
      3, 6, 7
    
      7, 6, 3
    
      8, 5, 4
    
      4, 5, 8
    
      5, 9, 6
    
      6, 9, 5
    
      10, 7, 6
    
      6, 7, 10
    
      5, 8, 9
    
      9, 8, 5
    
      6, 9, 10
    
      10, 9, 6
    
      7, 10, 11
    
      11, 10, 7
    
      12, 9, 8
    
      8, 9, 12
    
      9, 13, 10
    
      10, 13, 9
    
      14, 11, 10
    
      10, 11, 14
    
      9, 12, 13
    
      13, 12, 9
    
      10, 13, 14
    
      14, 13, 10
    
      11, 14, 15
    
      15, 14, 11
    
      16, 13, 12
    
      12, 13, 16
    
      13, 17, 14
    
      14, 17, 13
    
      18, 15, 14
    
      14, 15, 18
    
      13, 16, 17
    
      17, 16, 13
    
      17, 19, 14
    
      14, 19, 17
    
      15, 18, 20
    
      20, 18, 15
    
      14, 19, 18
    
      18, 19, 14
    
      21, 17, 16
    
      16, 17, 21
    
      17, 21, 19
    
      19, 21, 17
    
      22, 20, 18
    
      18, 20, 22
    
      19, 23, 18
    
      18, 23, 19
    
      24, 19, 21
    
      21, 19, 24
    
      20, 22, 25
    
      25, 22, 20
    
      18, 26, 22
    
      22, 26, 18
    
      19, 24, 23
    
      23, 24, 19
    
      23, 26, 18
    
      18, 26, 23
    
      27, 25, 22
    
      22, 25, 27
    
      26, 28, 22
    
      22, 28, 26
    
      29, 23, 24
    
      24, 23, 29
    
      26, 23, 30
    
      30, 23, 26
    
      25, 27, 31
    
      31, 27, 25
    
      22, 28, 27
    
      27, 28, 22
    
      28, 26, 32
    
      32, 26, 28
    
      29, 30, 23
    
      23, 30, 29
    
      30, 32, 26
    
      26, 32, 30
    
      33, 31, 27
    
      27, 31, 33
    
      28, 34, 27
    
      27, 34, 28
    
      28, 32, 34
    
      34, 32, 28
    
      31, 33, 35
    
      35, 33, 31
    
      27, 34, 33
    
      33, 34, 27
    
      36, 34, 32
    
      32, 34, 36
    
      37, 35, 33
    
      33, 35, 37
    
      38, 33, 34
    
      34, 33, 38
    
      34, 36, 38
    
      38, 36, 34
    
      35, 37, 39
    
      39, 37, 35
    
      33, 40, 37
    
      37, 40, 33
    
      38, 41, 33
    
      33, 41, 38
    
      42, 38, 36
    
      36, 38, 42
    
      43, 39, 37
    
      37, 39, 43
    
      44, 40, 33
    
      33, 40, 44
    
      37, 40, 45
    
      45, 40, 37
    
      38, 42, 41
    
      41, 42, 38
    
      41, 46, 33
    
      33, 46, 41
    
      39, 43, 47
    
      47, 43, 39
    
      43, 37, 45
    
      45, 37, 43
    
      40, 44, 48
    
      48, 44, 40
    
      49, 44, 33
    
      33, 44, 49
    
      40, 50, 45
    
      45, 50, 40
    
      51, 41, 42
    
      42, 41, 51
    
      41, 51, 46
    
      46, 51, 41
    
      46, 52, 33
    
      33, 52, 46
    
      53, 47, 43
    
      43, 47, 53
    
      53, 43, 45
    
      45, 43, 53
    
      54, 48, 44
    
      44, 48, 54
    
      48, 55, 40
    
      40, 55, 48
    
      44, 49, 54
    
      54, 49, 44
    
      56, 49, 33
    
      33, 49, 56
    
      50, 40, 55
    
      55, 40, 50
    
      45, 50, 57
    
      57, 50, 45
    
      58, 46, 51
    
      51, 46, 58
    
      46, 58, 52
    
      52, 58, 46
    
      52, 59, 33
    
      33, 59, 52
    
      53, 60, 47
    
      47, 60, 53
    
      60, 53, 45
    
      45, 53, 60
    
      61, 54, 49
    
      49, 54, 61
    
      49, 56, 61
    
      61, 56, 49
    
      62, 56, 33
    
      33, 56, 62
    
      55, 63, 50
    
      50, 63, 55
    
      50, 64, 57
    
      57, 64, 50
    
      45, 57, 65
    
      65, 57, 45
    
      66, 52, 58
    
      58, 52, 66
    
      59, 52, 67
    
      67, 52, 59
    
      59, 68, 33
    
      33, 68, 59
    
      69, 47, 60
    
      60, 47, 69
    
      70, 60, 45
    
      45, 60, 70
    
      71, 61, 56
    
      56, 61, 71
    
      56, 62, 71
    
      71, 62, 56
    
      72, 62, 33
    
      33, 62, 72
    
      64, 50, 63
    
      63, 50, 64
    
      57, 64, 73
    
      73, 64, 57
    
      74, 65, 57
    
      57, 65, 74
    
      65, 75, 45
    
      45, 75, 65
    
      66, 67, 52
    
      52, 67, 66
    
      67, 76, 59
    
      59, 76, 67
    
      68, 59, 76
    
      76, 59, 68
    
      68, 72, 33
    
      33, 72, 68
    
      69, 60, 77
    
      77, 60, 69
    
      70, 77, 60
    
      60, 77, 70
    
      78, 70, 45
    
      45, 70, 78
    
      79, 71, 62
    
      62, 71, 79
    
      62, 72, 79
    
      79, 72, 62
    
      63, 80, 64
    
      64, 80, 63
    
      64, 81, 73
    
      73, 81, 64
    
      57, 73, 74
    
      74, 73, 57
    
      82, 45, 75
    
      75, 45, 82
    
      76, 83, 68
    
      68, 83, 76
    
      72, 68, 83
    
      83, 68, 72
    
      77, 70, 84
    
      84, 70, 77
    
      78, 84, 70
    
      70, 84, 78
    
      85, 78, 45
    
      45, 78, 85
    
      83, 79, 72
    
      72, 79, 83
    
      81, 64, 80
    
      80, 64, 81
    
      86, 73, 81
    
      81, 73, 86
    
      87, 74, 73
    
      73, 74, 87
    
      45, 82, 88
    
      88, 82, 45
    
      82, 75, 89
    
      89, 75, 82
    
      84, 78, 90
    
      90, 78, 84
    
      91, 78, 85
    
      85, 78, 91
    
      92, 85, 45
    
      45, 85, 92
    
      80, 93, 81
    
      81, 93, 80
    
      73, 86, 87
    
      87, 86, 73
    
      86, 81, 93
    
      93, 81, 86
    
      94, 88, 82
    
      82, 88, 94
    
      92, 45, 88
    
      88, 45, 92
    
      95, 89, 75
    
      75, 89, 95
    
      89, 94, 82
    
      82, 94, 89
    
      96, 90, 78
    
      78, 90, 96
    
      96, 78, 91
    
      91, 78, 96
    
      85, 97, 91
    
      91, 97, 85
    
      98, 85, 92
    
      92, 85, 98
    
      93, 87, 86
    
      86, 87, 93
    
      94, 99, 88
    
      88, 99, 94
    
      92, 88, 100
    
      100, 88, 92
    
      89, 95, 94
    
      94, 95, 89
    
      90, 96, 101
    
      101, 96, 90
    
      102, 96, 91
    
      91, 96, 102
    
      97, 85, 103
    
      103, 85, 97
    
      104, 91, 97
    
      97, 91, 104
    
      98, 103, 85
    
      85, 103, 98
    
      105, 98, 92
    
      92, 98, 105
    
      106, 99, 94
    
      94, 99, 106
    
      107, 88, 99
    
      99, 88, 107
    
      108, 100, 88
    
      88, 100, 108
    
      92, 100, 109
    
      109, 100, 92
    
      106, 94, 95
    
      95, 94, 106
    
      102, 101, 96
    
      96, 101, 102
    
      110, 102, 91
    
      91, 102, 110
    
      91, 104, 111
    
      111, 104, 91
    
      103, 98, 112
    
      112, 98, 103
    
      105, 112, 98
    
      98, 112, 105
    
      113, 105, 92
    
      92, 105, 113
    
      114, 99, 106
    
      106, 99, 114
    
      115, 88, 107
    
      107, 88, 115
    
      114, 107, 99
    
      99, 107, 114
    
      100, 108, 116
    
      116, 108, 100
    
      88, 117, 108
    
      108, 117, 88
    
      100, 116, 109
    
      109, 116, 100
    
      92, 109, 118
    
      118, 109, 92
    
      101, 102, 119
    
      119, 102, 101
    
      110, 119, 102
    
      102, 119, 110
    
      120, 110, 91
    
      91, 110, 120
    
      121, 111, 104
    
      104, 111, 121
    
      111, 120, 91
    
      91, 120, 111
    
      112, 105, 122
    
      122, 105, 112
    
      113, 122, 105
    
      105, 122, 113
    
      123, 113, 92
    
      92, 113, 123
    
      115, 124, 88
    
      88, 124, 115
    
      125, 115, 107
    
      107, 115, 125
    
      125, 107, 114
    
      114, 107, 125
    
      108, 117, 116
    
      116, 117, 108
    
      88, 126, 117
    
      117, 126, 88
    
      127, 118, 109
    
      109, 118, 127
    
      118, 128, 92
    
      92, 128, 118
    
      110, 120, 119
    
      119, 120, 110
    
      121, 129, 111
    
      111, 129, 121
    
      130, 120, 111
    
      111, 120, 130
    
      122, 113, 131
    
      131, 113, 122
    
      123, 131, 113
    
      113, 131, 123
    
      132, 123, 92
    
      92, 123, 132
    
      115, 133, 124
    
      124, 133, 115
    
      134, 88, 124
    
      124, 88, 134
    
      135, 115, 125
    
      125, 115, 135
    
      136, 126, 88
    
      88, 126, 136
    
      118, 127, 137
    
      137, 127, 118
    
      138, 128, 118
    
      118, 128, 138
    
      128, 139, 92
    
      92, 139, 128
    
      140, 119, 120
    
      120, 119, 140
    
      141, 111, 129
    
      129, 111, 141
    
      120, 130, 140
    
      140, 130, 120
    
      142, 130, 111
    
      111, 130, 142
    
      123, 132, 131
    
      131, 132, 123
    
      143, 132, 92
    
      92, 132, 143
    
      135, 133, 115
    
      115, 133, 135
    
      133, 144, 124
    
      124, 144, 133
    
      136, 88, 134
    
      134, 88, 136
    
      124, 145, 134
    
      134, 145, 124
    
      136, 146, 126
    
      126, 146, 136
    
      147, 137, 127
    
      127, 137, 147
    
      137, 138, 118
    
      118, 138, 137
    
      138, 148, 128
    
      128, 148, 138
    
      128, 149, 139
    
      139, 149, 128
    
      139, 150, 92
    
      92, 150, 139
    
      141, 142, 111
    
      111, 142, 141
    
      141, 129, 151
    
      151, 129, 141
    
      152, 140, 130
    
      130, 140, 152
    
      130, 142, 152
    
      152, 142, 130
    
      153, 131, 132
    
      132, 131, 153
    
      132, 143, 153
    
      153, 143, 132
    
      154, 143, 92
    
      92, 143, 154
    
      155, 133, 135
    
      135, 133, 155
    
      155, 144, 133
    
      133, 144, 155
    
      144, 156, 124
    
      124, 156, 144
    
      134, 146, 136
    
      136, 146, 134
    
      124, 157, 145
    
      145, 157, 124
    
      134, 145, 146
    
      146, 145, 134
    
      137, 147, 138
    
      138, 147, 137
    
      148, 138, 147
    
      147, 138, 148
    
      149, 128, 148
    
      148, 128, 149
    
      158, 139, 149
    
      149, 139, 158
    
      139, 158, 150
    
      150, 158, 139
    
      150, 159, 92
    
      92, 159, 150
    
      151, 142, 141
    
      141, 142, 151
    
      160, 151, 129
    
      129, 151, 160
    
      161, 152, 142
    
      142, 152, 161
    
      162, 153, 143
    
      143, 153, 162
    
      143, 154, 162
    
      162, 154, 143
    
      163, 154, 92
    
      92, 154, 163
    
      164, 144, 155
    
      155, 144, 164
    
      164, 156, 144
    
      144, 156, 164
    
      156, 165, 124
    
      124, 165, 156
    
      166, 157, 124
    
      124, 157, 166
    
      167, 150, 158
    
      158, 150, 167
    
      150, 167, 159
    
      159, 167, 150
    
      159, 168, 92
    
      92, 168, 159
    
      169, 142, 151
    
      151, 142, 169
    
      151, 160, 169
    
      169, 160, 151
    
      142, 170, 161
    
      161, 170, 142
    
      171, 162, 154
    
      154, 162, 171
    
      172, 154, 163
    
      163, 154, 172
    
      173, 163, 92
    
      92, 163, 173
    
      174, 156, 164
    
      164, 156, 174
    
      174, 165, 156
    
      156, 165, 174
    
      165, 175, 124
    
      124, 175, 165
    
      166, 176, 157
    
      157, 176, 166
    
      166, 124, 177
    
      177, 124, 166
    
      178, 159, 167
    
      167, 159, 178
    
      159, 178, 168
    
      168, 178, 159
    
      168, 179, 92
    
      92, 179, 168
    
      180, 142, 169
    
      169, 142, 180
    
      181, 169, 160
    
      160, 169, 181
    
      170, 142, 182
    
      182, 142, 170
    
      183, 161, 170
    
      170, 161, 183
    
      154, 184, 171
    
      171, 184, 154
    
      185, 154, 172
    
      172, 154, 185
    
      163, 186, 172
    
      172, 186, 163
    
      173, 187, 163
    
      163, 187, 173
    
      188, 173, 92
    
      92, 173, 188
    
      189, 165, 174
    
      174, 165, 189
    
      165, 190, 175
    
      175, 190, 165
    
      191, 124, 175
    
      175, 124, 191
    
      177, 176, 166
    
      166, 176, 177
    
      177, 124, 191
    
      191, 124, 177
    
      192, 168, 178
    
      178, 168, 192
    
      168, 192, 179
    
      179, 192, 168
    
      179, 193, 92
    
      92, 193, 179
    
      180, 182, 142
    
      142, 182, 180
    
      194, 180, 169
    
      169, 180, 194
    
      169, 181, 195
    
      195, 181, 169
    
      170, 182, 183
    
      183, 182, 170
    
      184, 154, 185
    
      185, 154, 184
    
      196, 171, 184
    
      184, 171, 196
    
      185, 172, 197
    
      197, 172, 185
    
      186, 163, 187
    
      187, 163, 186
    
      198, 172, 186
    
      186, 172, 198
    
      187, 173, 199
    
      199, 173, 187
    
      188, 199, 173
    
      173, 199, 188
    
      200, 188, 92
    
      92, 188, 200
    
      165, 189, 190
    
      190, 189, 165
    
      201, 175, 190
    
      190, 175, 201
    
      175, 202, 191
    
      191, 202, 175
    
      177, 203, 176
    
      176, 203, 177
    
      191, 203, 177
    
      177, 203, 191
    
      204, 179, 192
    
      192, 179, 204
    
      179, 204, 193
    
      193, 204, 179
    
      193, 205, 92
    
      92, 205, 193
    
      182, 180, 206
    
      206, 180, 182
    
      180, 194, 207
    
      207, 194, 180
    
      208, 194, 169
    
      169, 194, 208
    
      209, 195, 181
    
      181, 195, 209
    
      210, 169, 195
    
      195, 169, 210
    
      206, 183, 182
    
      182, 183, 206
    
      211, 184, 185
    
      185, 184, 211
    
      184, 212, 196
    
      196, 212, 184
    
      198, 197, 172
    
      172, 197, 198
    
      185, 197, 211
    
      211, 197, 185
    
      199, 188, 213
    
      213, 188, 199
    
      200, 213, 188
    
      188, 213, 200
    
      214, 200, 92
    
      92, 200, 214
    
      215, 190, 189
    
      189, 190, 215
    
      216, 175, 201
    
      201, 175, 216
    
      190, 215, 201
    
      201, 215, 190
    
      175, 217, 202
    
      202, 217, 175
    
      191, 202, 203
    
      203, 202, 191
    
      218, 193, 204
    
      204, 193, 218
    
      193, 218, 205
    
      205, 218, 193
    
      205, 219, 92
    
      92, 219, 205
    
      207, 206, 180
    
      180, 206, 207
    
      220, 207, 194
    
      194, 207, 220
    
      194, 208, 220
    
      220, 208, 194
    
      221, 208, 169
    
      169, 208, 221
    
      195, 209, 210
    
      210, 209, 195
    
      210, 222, 169
    
      169, 222, 210
    
      212, 184, 211
    
      211, 184, 212
    
      223, 196, 212
    
      212, 196, 223
    
      224, 211, 197
    
      197, 211, 224
    
      213, 200, 225
    
      225, 200, 213
    
      214, 225, 200
    
      200, 225, 214
    
      226, 214, 92
    
      92, 214, 226
    
      227, 175, 216
    
      216, 175, 227
    
      216, 201, 228
    
      228, 201, 216
    
      229, 201, 215
    
      215, 201, 229
    
      175, 230, 217
    
      217, 230, 175
    
      231, 205, 218
    
      218, 205, 231
    
      205, 231, 219
    
      219, 231, 205
    
      219, 232, 92
    
      92, 232, 219
    
      233, 220, 208
    
      208, 220, 233
    
      208, 221, 233
    
      233, 221, 208
    
      234, 221, 169
    
      169, 221, 234
    
      235, 210, 209
    
      209, 210, 235
    
      210, 235, 222
    
      222, 235, 210
    
      222, 236, 169
    
      169, 236, 222
    
      237, 212, 211
    
      211, 212, 237
    
      212, 238, 223
    
      223, 238, 212
    
      211, 224, 237
    
      237, 224, 211
    
      214, 226, 225
    
      225, 226, 214
    
      239, 226, 92
    
      92, 226, 239
    
      240, 175, 227
    
      227, 175, 240
    
      227, 216, 241
    
      241, 216, 227
    
      229, 228, 201
    
      201, 228, 229
    
      228, 241, 216
    
      216, 241, 228
    
      230, 175, 242
    
      242, 175, 230
    
      243, 217, 230
    
      230, 217, 243
    
      244, 219, 231
    
      231, 219, 244
    
      219, 244, 232
    
      232, 244, 219
    
      232, 245, 92
    
      92, 245, 232
    
      246, 233, 221
    
      221, 233, 246
    
      221, 234, 246
    
      246, 234, 221
    
      247, 234, 169
    
      169, 234, 247
    
      248, 222, 235
    
      235, 222, 248
    
      222, 248, 236
    
      236, 248, 222
    
      236, 249, 169
    
      169, 249, 236
    
      238, 212, 237
    
      237, 212, 238
    
      250, 223, 238
    
      238, 223, 250
    
      251, 237, 224
    
      224, 237, 251
    
      252, 225, 226
    
      226, 225, 252
    
      226, 239, 252
    
      252, 239, 226
    
      253, 239, 92
    
      92, 239, 253
    
      254, 175, 240
    
      240, 175, 254
    
      240, 227, 255
    
      255, 227, 240
    
      241, 255, 227
    
      227, 255, 241
    
      242, 175, 256
    
      256, 175, 242
    
      230, 242, 243
    
      243, 242, 230
    
      257, 232, 244
    
      244, 232, 257
    
      232, 257, 245
    
      245, 257, 232
    
      245, 253, 92
    
      92, 253, 245
    
      258, 246, 234
    
      234, 246, 258
    
      234, 247, 258
    
      258, 247, 234
    
      259, 247, 169
    
      169, 247, 259
    
      260, 236, 248
    
      248, 236, 260
    
      249, 236, 261
    
      261, 236, 249
    
      249, 262, 169
    
      169, 262, 249
    
      263, 238, 237
    
      237, 238, 263
    
      238, 263, 250
    
      250, 263, 238
    
      237, 251, 264
    
      264, 251, 237
    
      265, 252, 239
    
      239, 252, 265
    
      239, 253, 265
    
      265, 253, 239
    
      266, 175, 254
    
      254, 175, 266
    
      240, 255, 254
    
      254, 255, 240
    
      256, 175, 267
    
      267, 175, 256
    
      256, 268, 242
    
      242, 268, 256
    
      269, 243, 242
    
      242, 243, 269
    
      270, 245, 257
    
      257, 245, 270
    
      245, 271, 253
    
      253, 271, 245
    
      272, 258, 247
    
      247, 258, 272
    
      247, 259, 272
    
      272, 259, 247
    
      273, 259, 169
    
      169, 259, 273
    
      260, 261, 236
    
      236, 261, 260
    
      249, 261, 262
    
      262, 261, 249
    
      262, 274, 169
    
      169, 274, 262
    
      275, 263, 237
    
      237, 263, 275
    
      276, 250, 263
    
      263, 250, 276
    
      277, 264, 251
    
      251, 264, 277
    
      264, 278, 237
    
      237, 278, 264
    
      279, 265, 253
    
      253, 265, 279
    
      280, 175, 266
    
      266, 175, 280
    
      254, 281, 266
    
      266, 281, 254
    
      281, 254, 255
    
      255, 254, 281
    
      267, 175, 282
    
      282, 175, 267
    
      267, 283, 256
    
      256, 283, 267
    
      268, 256, 283
    
      283, 256, 268
    
      269, 242, 268
    
      268, 242, 269
    
      270, 284, 245
    
      245, 284, 270
    
      271, 245, 284
    
      284, 245, 271
    
      271, 285, 253
    
      253, 285, 271
    
      286, 272, 259
    
      259, 272, 286
    
      259, 273, 286
    
      286, 273, 259
    
      287, 273, 169
    
      169, 273, 287
    
      288, 262, 261
    
      261, 262, 288
    
      262, 288, 274
    
      274, 288, 262
    
      274, 289, 169
    
      169, 289, 274
    
      263, 275, 276
    
      276, 275, 263
    
      290, 275, 237
    
      237, 275, 290
    
      264, 277, 291
    
      291, 277, 264
    
      292, 278, 264
    
      264, 278, 292
    
      278, 290, 237
    
      237, 290, 278
    
      253, 293, 279
    
      279, 293, 253
    
      294, 175, 280
    
      280, 175, 294
    
      266, 295, 280
    
      280, 295, 266
    
      295, 266, 281
    
      281, 266, 295
    
      282, 175, 294
    
      294, 175, 282
    
      282, 296, 267
    
      267, 296, 282
    
      283, 267, 296
    
      296, 267, 283
    
      284, 297, 271
    
      271, 297, 284
    
      285, 271, 297
    
      297, 271, 285
    
      253, 285, 293
    
      293, 285, 253
    
      298, 286, 273
    
      273, 286, 298
    
      273, 287, 298
    
      298, 287, 273
    
      299, 287, 169
    
      169, 287, 299
    
      300, 274, 288
    
      288, 274, 300
    
      274, 300, 289
    
      289, 300, 274
    
      289, 301, 169
    
      169, 301, 289
    
      302, 276, 275
    
      275, 276, 302
    
      275, 290, 302
    
      302, 290, 275
    
      303, 291, 277
    
      277, 291, 303
    
      291, 304, 264
    
      264, 304, 291
    
      278, 292, 305
    
      305, 292, 278
    
      306, 292, 264
    
      264, 292, 306
    
      290, 278, 307
    
      307, 278, 290
    
      308, 279, 293
    
      293, 279, 308
    
      280, 309, 294
    
      294, 309, 280
    
      309, 280, 295
    
      295, 280, 309
    
      310, 282, 294
    
      294, 282, 310
    
      282, 310, 296
    
      296, 310, 282
    
      285, 297, 311
    
      311, 297, 285
    
      285, 311, 293
    
      293, 311, 285
    
      312, 298, 287
    
      287, 298, 312
    
      287, 299, 312
    
      312, 299, 287
    
      313, 299, 169
    
      169, 299, 313
    
      314, 289, 300
    
      300, 289, 314
    
      289, 314, 301
    
      301, 314, 289
    
      301, 315, 169
    
      169, 315, 301
    
      307, 302, 290
    
      290, 302, 307
    
      291, 303, 304
    
      304, 303, 291
    
      304, 316, 264
    
      264, 316, 304
    
      317, 305, 292
    
      292, 305, 317
    
      305, 307, 278
    
      278, 307, 305
    
      292, 306, 318
    
      318, 306, 292
    
      319, 306, 264
    
      264, 306, 319
    
      293, 320, 308
    
      308, 320, 293
    
      321, 294, 309
    
      309, 294, 321
    
      322, 310, 294
    
      294, 310, 322
    
      323, 296, 310
    
      310, 296, 323
    
      324, 311, 297
    
      297, 311, 324
    
      293, 311, 320
    
      320, 311, 293
    
      325, 312, 299
    
      299, 312, 325
    
      299, 313, 325
    
      325, 313, 299
    
      326, 313, 169
    
      169, 313, 326
    
      327, 301, 314
    
      314, 301, 327
    
      301, 327, 315
    
      315, 327, 301
    
      315, 326, 169
    
      169, 326, 315
    
      328, 304, 303
    
      303, 304, 328
    
      304, 328, 316
    
      316, 328, 304
    
      316, 329, 264
    
      264, 329, 316
    
      292, 318, 317
    
      317, 318, 292
    
      318, 306, 330
    
      330, 306, 318
    
      319, 331, 306
    
      306, 331, 319
    
      332, 319, 264
    
      264, 319, 332
    
      333, 308, 320
    
      320, 308, 333
    
      294, 321, 334
    
      334, 321, 294
    
      310, 322, 323
    
      323, 322, 310
    
      335, 322, 294
    
      294, 322, 335
    
      311, 324, 336
    
      336, 324, 311
    
      311, 336, 320
    
      320, 336, 311
    
      337, 325, 313
    
      313, 325, 337
    
      313, 326, 337
    
      337, 326, 313
    
      338, 315, 327
    
      327, 315, 338
    
      326, 315, 339
    
      339, 315, 326
    
      340, 316, 328
    
      328, 316, 340
    
      316, 340, 329
    
      329, 340, 316
    
      329, 341, 264
    
      264, 341, 329
    
      342, 317, 318
    
      318, 317, 342
    
      306, 343, 330
    
      330, 343, 306
    
      318, 330, 342
    
      342, 330, 318
    
      331, 319, 344
    
      344, 319, 331
    
      345, 306, 331
    
      331, 306, 345
    
      332, 344, 319
    
      319, 344, 332
    
      346, 332, 264
    
      264, 332, 346
    
      320, 347, 333
    
      333, 347, 320
    
      348, 334, 321
    
      321, 334, 348
    
      294, 334, 349
    
      349, 334, 294
    
      350, 323, 322
    
      322, 323, 350
    
      322, 335, 350
    
      350, 335, 322
    
      349, 335, 294
    
      294, 335, 349
    
      351, 336, 324
    
      324, 336, 351
    
      336, 352, 320
    
      320, 352, 336
    
      339, 337, 326
    
      326, 337, 339
    
      338, 339, 315
    
      315, 339, 338
    
      353, 329, 340
    
      340, 329, 353
    
      329, 353, 341
    
      341, 353, 329
    
      341, 354, 264
    
      264, 354, 341
    
      343, 306, 355
    
      355, 306, 343
    
      330, 343, 356
    
      356, 343, 330
    
      357, 342, 330
    
      330, 342, 357
    
      345, 355, 306
    
      306, 355, 345
    
      344, 332, 358
    
      358, 332, 344
    
      346, 358, 332
    
      332, 358, 346
    
      359, 346, 264
    
      264, 346, 359
    
      320, 352, 347
    
      347, 352, 320
    
      360, 333, 347
    
      347, 333, 360
    
      334, 348, 361
    
      361, 348, 334
    
      361, 349, 334
    
      334, 349, 361
    
      362, 350, 335
    
      335, 350, 362
    
      335, 349, 362
    
      362, 349, 335
    
      336, 351, 352
    
      352, 351, 336
    
      363, 341, 353
    
      353, 341, 363
    
      341, 363, 354
    
      354, 363, 341
    
      354, 364, 264
    
      264, 364, 354
    
      355, 365, 343
    
      343, 365, 355
    
      343, 366, 356
    
      356, 366, 343
    
      330, 356, 357
    
      357, 356, 330
    
      358, 346, 367
    
      367, 346, 358
    
      359, 367, 346
    
      346, 367, 359
    
      368, 359, 264
    
      264, 359, 368
    
      352, 369, 347
    
      347, 369, 352
    
      347, 370, 360
    
      360, 370, 347
    
      371, 361, 348
    
      348, 361, 371
    
      372, 349, 361
    
      361, 349, 372
    
      373, 362, 349
    
      349, 362, 373
    
      374, 352, 351
    
      351, 352, 374
    
      375, 354, 363
    
      363, 354, 375
    
      354, 375, 364
    
      364, 375, 354
    
      364, 376, 264
    
      264, 376, 364
    
      366, 343, 365
    
      365, 343, 366
    
      377, 356, 366
    
      366, 356, 377
    
      378, 357, 356
    
      356, 357, 378
    
      367, 359, 379
    
      379, 359, 367
    
      368, 379, 359
    
      359, 379, 368
    
      380, 368, 264
    
      264, 368, 380
    
      352, 374, 369
    
      369, 374, 352
    
      347, 369, 370
    
      370, 369, 347
    
      381, 360, 370
    
      370, 360, 381
    
      361, 371, 372
    
      372, 371, 361
    
      382, 349, 372
    
      372, 349, 382
    
      349, 383, 373
    
      373, 383, 349
    
      384, 364, 375
    
      375, 364, 384
    
      364, 384, 376
    
      376, 384, 364
    
      376, 385, 264
    
      264, 385, 376
    
      365, 386, 366
    
      366, 386, 365
    
      356, 377, 378
    
      378, 377, 356
    
      377, 366, 386
    
      386, 366, 377
    
      368, 380, 379
    
      379, 380, 368
    
      387, 380, 264
    
      264, 380, 387
    
      388, 369, 374
    
      374, 369, 388
    
      369, 389, 370
    
      370, 389, 369
    
      370, 390, 381
    
      381, 390, 370
    
      391, 372, 371
    
      371, 372, 391
    
      392, 349, 382
    
      382, 349, 392
    
      372, 391, 382
    
      382, 391, 372
    
      383, 349, 392
    
      392, 349, 383
    
      393, 373, 383
    
      383, 373, 393
    
      394, 376, 384
    
      384, 376, 394
    
      376, 394, 385
    
      385, 394, 376
    
      385, 395, 264
    
      264, 395, 385
    
      386, 378, 377
    
      377, 378, 386
    
      396, 379, 380
    
      380, 379, 396
    
      387, 397, 380
    
      380, 397, 387
    
      398, 387, 264
    
      264, 387, 398
    
      369, 388, 389
    
      389, 388, 369
    
      370, 389, 390
    
      390, 389, 370
    
      399, 381, 390
    
      390, 381, 399
    
      382, 400, 392
    
      392, 400, 382
    
      400, 382, 391
    
      391, 382, 400
    
      401, 383, 392
    
      392, 383, 401
    
      383, 401, 393
    
      393, 401, 383
    
      402, 385, 394
    
      394, 385, 402
    
      385, 402, 395
    
      395, 402, 385
    
      395, 403, 264
    
      264, 403, 395
    
      396, 380, 397
    
      397, 380, 396
    
      397, 387, 404
    
      404, 387, 397
    
      398, 404, 387
    
      387, 404, 398
    
      405, 398, 264
    
      264, 398, 405
    
      406, 389, 388
    
      388, 389, 406
    
      389, 407, 390
    
      390, 407, 389
    
      390, 408, 399
    
      399, 408, 390
    
      409, 392, 400
    
      400, 392, 409
    
      410, 401, 392
    
      392, 401, 410
    
      411, 393, 401
    
      401, 393, 411
    
      412, 395, 402
    
      402, 395, 412
    
      395, 412, 403
    
      403, 412, 395
    
      403, 405, 264
    
      264, 405, 403
    
      404, 398, 413
    
      413, 398, 404
    
      405, 413, 398
    
      398, 413, 405
    
      406, 414, 389
    
      389, 414, 406
    
      407, 389, 414
    
      414, 389, 407
    
      390, 407, 408
    
      408, 407, 390
    
      415, 399, 408
    
      408, 399, 415
    
      409, 416, 392
    
      392, 416, 409
    
      401, 410, 411
    
      411, 410, 401
    
      417, 410, 392
    
      392, 410, 417
    
      418, 403, 412
    
      412, 403, 418
    
      403, 418, 405
    
      405, 418, 403
    
      413, 405, 418
    
      418, 405, 413
    
      414, 419, 407
    
      407, 419, 414
    
      407, 420, 408
    
      408, 420, 407
    
      408, 421, 415
    
      415, 421, 408
    
      422, 416, 409
    
      409, 416, 422
    
      392, 416, 423
    
      423, 416, 392
    
      424, 411, 410
    
      410, 411, 424
    
      410, 417, 424
    
      424, 417, 410
    
      425, 417, 392
    
      392, 417, 425
    
      420, 407, 419
    
      419, 407, 420
    
      420, 426, 408
    
      408, 426, 420
    
      408, 426, 421
    
      421, 426, 408
    
      427, 415, 421
    
      421, 415, 427
    
      416, 422, 428
    
      428, 422, 416
    
      423, 416, 429
    
      429, 416, 423
    
      392, 423, 425
    
      425, 423, 392
    
      430, 424, 417
    
      417, 424, 430
    
      417, 425, 430
    
      430, 425, 417
    
      419, 431, 420
    
      420, 431, 419
    
      426, 420, 431
    
      431, 420, 426
    
      426, 432, 421
    
      421, 432, 426
    
      421, 433, 427
    
      427, 433, 421
    
      434, 428, 422
    
      422, 428, 434
    
      416, 428, 435
    
      435, 428, 416
    
      429, 416, 435
    
      435, 416, 429
    
      423, 429, 436
    
      436, 429, 423
    
      423, 437, 425
    
      425, 437, 423
    
      437, 430, 425
    
      425, 430, 437
    
      431, 438, 426
    
      426, 438, 431
    
      432, 426, 438
    
      438, 426, 432
    
      421, 432, 433
    
      433, 432, 421
    
      439, 427, 433
    
      433, 427, 439
    
      428, 434, 440
    
      440, 434, 428
    
      440, 435, 428
    
      428, 435, 440
    
      429, 435, 441
    
      441, 435, 429
    
      441, 436, 429
    
      429, 436, 441
    
      423, 436, 437
    
      437, 436, 423
    
      438, 442, 432
    
      432, 442, 438
    
      432, 443, 433
    
      433, 443, 432
    
      433, 444, 439
    
      439, 444, 433
    
      445, 440, 434
    
      434, 440, 445
    
      435, 440, 446
    
      446, 440, 435
    
      447, 441, 435
    
      435, 441, 447
    
      443, 432, 442
    
      442, 432, 443
    
      444, 433, 443
    
      443, 433, 444
    
      448, 439, 444
    
      444, 439, 448
    
      445, 449, 440
    
      440, 449, 445
    
      446, 440, 450
    
      450, 440, 446
    
      435, 446, 447
    
      447, 446, 435
    
      442, 448, 443
    
      443, 448, 442
    
      444, 443, 448
    
      448, 443, 444
    
      451, 449, 445
    
      445, 449, 451
    
      440, 449, 452
    
      452, 449, 440
    
      452, 450, 440
    
      440, 450, 452
    
      446, 450, 453
    
      453, 450, 446
    
      453, 447, 446
    
      446, 447, 453
    
      451, 454, 449
    
      449, 454, 451
    
      449, 454, 452
    
      452, 454, 449
    
      452, 455, 450
    
      450, 455, 452
    
      456, 453, 450
    
      450, 453, 456
    
      457, 454, 451
    
      451, 454, 457
    
      458, 452, 454
    
      454, 452, 458
    
      455, 452, 459
    
      459, 452, 455
    
      456, 450, 455
    
      455, 450, 456
    
      457, 458, 454
    
      454, 458, 457
    
      452, 458, 460
    
      460, 458, 452
    
      461, 459, 452
    
      452, 459, 461
    
      462, 458, 457
    
      457, 458, 462
    
      458, 463, 460
    
      460, 463, 458
    
      461, 452, 460
    
      460, 452, 461
    
      459, 461, 464
    
      464, 461, 459
    
      462, 465, 458
    
      458, 465, 462
    
      463, 458, 465
    
      465, 458, 463
    
      463, 466, 460
    
      460, 466, 463
    
      467, 461, 460
    
      460, 461, 467
    
      467, 464, 461
    
      461, 464, 467
    
      465, 468, 463
    
      463, 468, 465
    
      466, 463, 468
    
      468, 463, 466
    
      466, 469, 460
    
      460, 469, 466
    
      470, 467, 460
    
      460, 467, 470
    
      464, 467, 471
    
      471, 467, 464
    
      468, 472, 466
    
      466, 472, 468
    
      469, 466, 472
    
      472, 466, 469
    
      469, 473, 460
    
      460, 473, 469
    
      470, 471, 467
    
      467, 471, 470
    
      474, 470, 460
    
      460, 470, 474
    
      472, 475, 469
    
      469, 475, 472
    
      473, 469, 475
    
      475, 469, 473
    
      473, 476, 460
    
      460, 476, 473
    
      471, 470, 477
    
      477, 470, 471
    
      474, 477, 470
    
      470, 477, 474
    
      478, 474, 460
    
      460, 474, 478
    
      475, 479, 473
    
      473, 479, 475
    
      476, 473, 479
    
      479, 473, 476
    
      476, 480, 460
    
      460, 480, 476
    
      477, 474, 481
    
      481, 474, 477
    
      478, 481, 474
    
      474, 481, 478
    
      482, 478, 460
    
      460, 478, 482
    
      479, 483, 476
    
      476, 483, 479
    
      480, 476, 483
    
      483, 476, 480
    
      460, 480, 484
    
      484, 480, 460
    
      481, 478, 485
    
      485, 478, 481
    
      482, 485, 478
    
      478, 485, 482
    
      486, 482, 460
    
      460, 482, 486
    
      483, 487, 480
    
      480, 487, 483
    
      484, 480, 488
    
      488, 480, 484
    
      484, 489, 460
    
      460, 489, 484
    
      485, 482, 490
    
      490, 482, 485
    
      486, 490, 482
    
      482, 490, 486
    
      491, 486, 460
    
      460, 486, 491
    
      492, 480, 487
    
      487, 480, 492
    
      488, 480, 493
    
      493, 480, 488
    
      484, 488, 489
    
      489, 488, 484
    
      494, 460, 489
    
      489, 460, 494
    
      490, 486, 495
    
      495, 486, 490
    
      496, 486, 491
    
      491, 486, 496
    
      460, 494, 491
    
      491, 494, 460
    
      480, 492, 493
    
      493, 492, 480
    
      487, 497, 492
    
      492, 497, 487
    
      493, 498, 488
    
      488, 498, 493
    
      499, 489, 488
    
      488, 489, 499
    
      500, 495, 486
    
      486, 495, 500
    
      501, 486, 496
    
      496, 486, 501
    
      496, 491, 502
    
      502, 491, 496
    
      503, 491, 494
    
      494, 491, 503
    
      493, 492, 504
    
      504, 492, 493
    
      505, 492, 497
    
      497, 492, 505
    
      498, 493, 506
    
      506, 493, 498
    
      499, 488, 498
    
      498, 488, 499
    
      495, 500, 507
    
      507, 500, 495
    
      500, 486, 501
    
      501, 486, 500
    
      501, 496, 508
    
      508, 496, 501
    
      503, 502, 491
    
      491, 502, 503
    
      502, 508, 496
    
      496, 508, 502
    
      504, 492, 509
    
      509, 492, 504
    
      504, 506, 493
    
      493, 506, 504
    
      492, 505, 509
    
      509, 505, 492
    
      497, 510, 505
    
      505, 510, 497
    
      511, 507, 500
    
      500, 507, 511
    
      512, 500, 501
    
      501, 500, 512
    
      508, 513, 501
    
      501, 513, 508
    
      509, 514, 504
    
      504, 514, 509
    
      506, 504, 514
    
      514, 504, 506
    
      509, 505, 515
    
      515, 505, 509
    
      516, 505, 510
    
      510, 505, 516
    
      507, 511, 517
    
      517, 511, 507
    
      511, 500, 518
    
      518, 500, 511
    
      518, 500, 512
    
      512, 500, 518
    
      512, 501, 513
    
      513, 501, 512
    
      514, 509, 519
    
      519, 509, 514
    
      515, 505, 520
    
      520, 505, 515
    
      515, 519, 509
    
      509, 519, 515
    
      505, 516, 521
    
      521, 516, 505
    
      510, 522, 516
    
      516, 522, 510
    
      523, 517, 511
    
      511, 517, 523
    
      524, 511, 518
    
      518, 511, 524
    
      518, 512, 525
    
      525, 512, 518
    
      513, 525, 512
    
      512, 525, 513
    
      520, 505, 521
    
      521, 505, 520
    
      515, 520, 519
    
      519, 520, 515
    
      521, 516, 526
    
      526, 516, 521
    
      527, 516, 522
    
      522, 516, 527
    
      517, 523, 528
    
      528, 523, 517
    
      523, 511, 529
    
      529, 511, 523
    
      530, 511, 524
    
      524, 511, 530
    
      518, 525, 524
    
      524, 525, 518
    
      520, 521, 531
    
      531, 521, 520
    
      531, 519, 520
    
      520, 519, 531
    
      516, 527, 526
    
      526, 527, 516
    
      521, 526, 532
    
      532, 526, 521
    
      522, 533, 527
    
      527, 533, 522
    
      534, 528, 523
    
      523, 528, 534
    
      529, 511, 530
    
      530, 511, 529
    
      535, 523, 529
    
      529, 523, 535
    
      524, 536, 530
    
      530, 536, 524
    
      536, 524, 525
    
      525, 524, 536
    
      532, 531, 521
    
      521, 531, 532
    
      526, 527, 537
    
      537, 527, 526
    
      538, 532, 526
    
      526, 532, 538
    
      539, 527, 533
    
      533, 527, 539
    
      528, 534, 540
    
      540, 534, 528
    
      534, 523, 535
    
      535, 523, 534
    
      530, 541, 529
    
      529, 541, 530
    
      529, 542, 535
    
      535, 542, 529
    
      541, 530, 536
    
      536, 530, 541
    
      539, 537, 527
    
      527, 537, 539
    
      526, 537, 538
    
      538, 537, 526
    
      533, 543, 539
    
      539, 543, 533
    
      535, 540, 534
    
      534, 540, 535
    
      542, 529, 541
    
      541, 529, 542
    
      540, 535, 542
    
      542, 535, 540
    
      537, 539, 543
    
      543, 539, 537
    
      543, 538, 537
    
      537, 538, 543
   
    
      -0.00669479789212
      0.0679718181491
      0.00334596983157
    
      -0.00664383918047
      0.068075068295
      0.0019117849879
    
      -0.00668136775494
      0.0710244178772
      0.00356620992534
    
      -0.00669723330066
      0.0650230273604
      0.0016901633935
    
      -0.00663040904328
      0.0711276903749
      0.002132024616
    
      -0.00670790160075
      0.0740770474076
      0.00378503114916
    
      -0.00674819108099
      0.0649197697639
      0.00312434881926
    
      -0.00679057324305
      0.0619720220566
      0.00146719929762
    
      -0.00665694335476
      0.074180290103
      0.00235084607266
    
      -0.00677439011633
      0.0771291479468
      0.00400239694864
    
      -0.00684153195471
      0.0618687719107
      0.00290138437413
    
      -0.00692385202274
      0.0589225813746
      0.00124293053523
    
      -0.00672343280166
      0.0772323906422
      0.00256821210496
    
      -0.00688081746921
      0.0801802352071
      0.00421826913953
    
      -0.00697480142117
      0.0588193461299
      0.0026771153789
    
      -0.00709703378379
      0.0558752678335
      0.00101739354432
    
      -0.00682986015454
      0.0802834779024
      0.00278408243321
    
      -0.00702718319371
      0.0832297801971
      0.00443261070177
    
      -0.00714799156412
      0.0557720325887
      0.00245158048347
    
      -0.00709750596434
      0.0834234952927
      0.00444405851886
    
      -0.00731010222808
      0.0528305619955
      0.000790628721006
    
      -0.00697622448206
      0.0833330228925
      0.0029984258581
    
      -0.00736105209216
      0.0527273230255
      0.00222481554374
    
      -0.00720917247236
      0.0835969075561
      0.0044525754638
    
      -0.00704654725268
      0.0835267454386
      0.00300987367518
    
      -0.00756301498041
      0.049788992852
      0.00056267605396
    
      -0.00735659291968
      0.083741299808
      0.0044577321969
    
      -0.00761396437883
      0.0496857538819
      0.00199686083943
    
      -0.00753239914775
      0.0838494598866
      0.00445927446708
    
      -0.00715821422637
      0.0837001278996
      0.0030183903873
    
      -0.00730563467368
      0.0838445350528
      0.00302354688756
    
      -0.0078557273373
      0.0467510931194
      0.000333569885697
    
      -0.00748144090176
      0.0839527100325
      0.0030250872951
    
      -0.00790668558329
      0.0466478392482
      0.00176775525324
    
      -0.00772778363898
      0.0839159935713
      0.00445712171495
    
      -0.00780314905569
      0.0463800281286
      0.00030872496427
    
      -0.00767683377489
      0.0840192511678
      0.00302293687128
    
      -0.0078540975228
      0.0462767742574
      0.00174290966243
    
      -0.00793299637735
      0.0839375481009
      0.00445138430223
    
      -0.00765615794808
      0.0460349358618
      0.000289103772957
    
      -0.0113931987435
      0.0669324398041
      0.00310421036556
    
      -0.00813775602728
      0.0839130952954
      0.00444234581664
    
      -0.00788203906268
      0.0840408205986
      0.00301719713025
    
      -0.00770711526275
      0.0459316819906
      0.00172328855842
    
      -0.0110378982499
      0.0702126547694
      0.00335298501886
    
      -0.0116441985592
      0.0438597723842
      0.00143424444832
    
      -0.00833183713257
      0.0838438048959
      0.00443046214059
    
      -0.00742478761822
      0.0457393415272
      0.000276042119367
    
      -0.0113422414288
      0.06703568995
      0.00167002365924
    
      -0.0106031512842
      0.0734831467271
      0.00360387843102
    
      -0.0116688460112
      0.0636443793774
      0.00285770162009
    
      -0.00808680616319
      0.0840163528919
      0.0030081612058
    
      -0.00850552506745
      0.0837331563234
      0.00441632559523
    
      -0.00747574632987
      0.0456360839307
      0.00171022920404
    
      -0.0109869409353
      0.0703159049153
      0.00191879784688
    
      -0.0116178877652
      0.0637476295233
      0.00142351654358
    
      -0.0100892139599
      0.0767419934273
      0.00385674834251
    
      -0.0118482373655
      0.0471542626619
      0.00166417052969
    
      -0.00828087888658
      0.0839470550418
      0.00299627683125
    
      -0.00865014083683
      0.0835866928101
      0.00440064445138
    
      -0.00717575987801
      0.0454101450741
      0.00170462112874
    
      -0.0105522023514
      0.0735864043236
      0.00216969382018
    
      -0.00949638616294
      0.0799872428179
      0.0041114455089
    
      -0.0118137188256
      0.060453671962
      0.00117942155339
    
      -0.0118646770716
      0.0603504404426
      0.00261360709555
    
      -0.0115932412446
      0.0439630262554
      5.94954165933e-08
    
      -0.00845456682146
      0.0838364213705
      0.00298214075156
    
      -0.00859918259084
      0.083689942956
      0.00296645937487
    
      -0.00875843688846
      0.0834117382765
      0.00438420008868
    
      -0.00712480209768
      0.0455133803189
      0.000270433985861
    
      -0.0068275956437
      0.0452692396939
      0.00170684664045
    
      -0.0100382547826
      0.0768452361226
      0.00242256326601
    
      -0.0088250124827
      0.0832170546055
      0.00436781952158
    
      -0.0119723472744
      0.0504524894059
      0.00189720862545
    
      -0.0117972791195
      0.0472575165331
      0.000229985686019
    
      -0.0118193626404
      0.0424257926643
      0.000133476089104
    
      -0.00870747957379
      0.0835150033236
      0.00295001571067
    
      -0.00677663739771
      0.0453724935651
      0.000272660021437
    
      -0.00645498931408
      0.0452229678631
      0.00171675428282
    
      -0.00944542884827
      0.0800905004144
      0.00267725996673
    
      -0.0119296135381
      0.0571557544172
      0.000937879667617
    
      -0.0119805717841
      0.0570524968207
      0.00237206462771
    
      -0.0118627212942
      0.0423840992153
      0.00156835757662
    
      -0.00877405423671
      0.0833202898502
      0.00293363211676
    
      -0.00640403060243
      0.0453262217343
      0.000282568915281
    
      -0.000741447962355
      0.0446120165288
      0.00187577109318
    
      -0.0120164714754
      0.0537525564432
      0.0021332197357
    
      -0.0119213983417
      0.0505557432771
      0.000463023374323
    
      0.0119714476168
      0.0395757071674
      0.00254988786764
    
      -0.0119643984362
      0.0408962108195
      0.0017068174202
    
      -0.00603236770257
      0.0453777574003
      0.000299484410789
    
      -0.00109804316889
      0.0446541123092
      0.00186613062397
    
      0.0116051100194
      0.0440243817866
      0.0022721325513
    
      -0.0119655132294
      0.053855791688
      0.000699032621924
    
      -0.0119485920295
      0.0394052192569
      0.00184877286665
    
      -0.0119237992913
      0.0408759340644
      0.000271391822025
    
      -0.00608331803232
      0.0452744886279
      0.00173366919626
    
      -0.000690489890985
      0.0447152704
      0.000441585696535
    
      -0.000385710416595
      0.044659152627
      0.001891801483
    
      -0.0118086338043
      0.0379524566233
      0.00215251906775
    
      0.0118438201025
      0.0425528027117
      0.0023675293196
    
      -0.0056869732216
      0.0455235727131
      0.000322253996274
    
      -0.00573793100193
      0.0454203151166
      0.00175643898547
    
      -0.000334760901751
      0.0447624064982
      0.000457616813947
    
      -0.00104708503932
      0.0447573661804
      0.000431945314631
    
      -5.28962482349e-05
      0.0447925589979
      0.00191323226318
    
      -0.0119059188291
      0.0393229797482
      0.000412959809182
    
      -0.011552744545
      0.0365156345069
      0.00245659588836
    
      0.011966181919
      0.0410668738186
      0.00246030581184
    
      0.0116560682654
      0.0441276170313
      0.000837947707623
    
      -0.00544234504923
      0.0456504970789
      0.00178350997157
    
      -0.00143338716589
      0.0447827801108
      0.00186347903218
    
      -1.93815708371e-06
      0.0448958165944
      0.000479045353131
    
      -2.79403357126e-05
      0.0448107905686
      0.00191543216351
    
      -0.0117713706568
      0.0378047153354
      0.000724850338884
    
      -0.0111825140193
      0.0351035930216
      0.00275913113728
    
      0.0118968710303
      0.0425940677524
      0.000932960479986
    
      0.0120164621621
      0.0410461500287
      0.00102519243956
    
      0.0117454631254
      0.0473212860525
      0.00251447176561
    
      -0.00539138680324
      0.0457537323236
      0.000349324924173
    
      -0.00521672097966
      0.0459493137896
      0.00181304081343
    
      -0.00138243776746
      0.044886033982
      0.000429294275818
    
      2.30177611229e-05
      0.0449140630662
      0.000481245020637
    
      0.000236369407503
      0.0450039766729
      0.00193872966338
    
      0.0112187052146
      0.0352605655789
      0.00339445285499
    
      -0.0115157151595
      0.0363021977246
      0.00103725434747
    
      0.0120141208172
      0.0394934676588
      0.00111407483928
    
      0.0117964213714
      0.0474245399237
      0.00108028459363
    
      0.0116865299642
      0.057220056653
      0.00322500965558
    
      -0.00167575117666
      0.0450933352113
      0.000433796667494
    
      -0.005076427944
      0.0462964326143
      0.00184301531408
    
      0.000287327507976
      0.0451072268188
      0.000504543131683
    
      0.000464162847493
      0.0452802889049
      0.00196671462618
    
      -0.0106802834198
      0.0337926745415
      0.00338816898875
    
      0.0115845100954
      0.0366787649691
      0.00312034157105
    
      -0.0111405439675
      0.0348247028887
      0.00134824740235
    
      0.0118359392509
      0.0381201170385
      0.00283824116923
    
      0.011805829592
      0.0506208203733
      0.00275415508077
    
      0.0117861898616
      0.0539210699499
      0.00299104931764
    
      0.0115069244057
      0.06051588431
      0.00345590081997
    
      -0.00516576273367
      0.0460525676608
      0.000378855562303
    
      -0.00172670057509
      0.0449900813401
      0.00186798139475
    
      -0.00503101851791
      0.0466682128608
      0.00187139294576
    
      0.000616342527792
      0.0456043891609
      0.00199545384385
    
      -0.0100657250732
      0.0325240269303
      0.00400399556383
    
      0.011631892994
      0.0364653430879
      0.00170131027699
    
      0.0118835531175
      0.0379723720253
      0.00141088292003
    
      0.0118567869067
      0.0507240742445
      0.00131997046992
    
      0.0118371397257
      0.0540243089199
      0.00155686377548
    
      0.011737478897
      0.0573233067989
      0.00179082446266
    
      0.0112474774942
      0.0638066157699
      0.00368358986452
    
      -0.00195980258286
      0.0452631227672
      0.00187935784925
    
      -0.00502546969801
      0.0463996864855
      0.000408830004744
    
      0.00051512097707
      0.0453835427761
      0.000532529549673
    
      0.000683500547893
      0.0459561571479
      0.00202316464856
    
      -0.0106551218778
      0.0334704965353
      0.0019885757938
    
      -0.00934260338545
      0.0313054546714
      0.00460281968117
    
      0.0112606752664
      0.0349816605449
      0.00198356760666
    
      0.0115578826517
      0.0606191419065
      0.00202171551064
    
      0.0109083419666
      0.0670903027058
      0.00390794081613
    
      -0.00190884468611
      0.0453663915396
      0.000445170997409
    
      -0.00498006911948
      0.046771466732
      0.000437207694631
    
      0.000667300599162
      0.0457076430321
      0.00056126905838
    
      0.00601766025648
      0.0453601814806
      0.00216977973469
    
      -0.0100538386032
      0.0321573875844
      0.00261603714898
    
      -0.00851538684219
      0.0301444474608
      0.00518095027655
    
      0.0107334619388
      0.0339080058038
      0.00385330198333
    
      0.0112984348089
      0.0639098659158
      0.0022494031582
    
      0.010489708744
      0.0703650638461
      0.00412882212549
    
      -0.00211822567508
      0.0455850064754
      0.00189690140542
    
      -0.0050480584614
      0.0497788563371
      0.00209472817369
    
      0.000734450062737
      0.0460593923926
      0.000588979455642
    
      0.0056694955565
      0.0455010831356
      0.00216755410656
    
      0.00639026705176
      0.0453139059246
      0.00217968714423
    
      -0.00934040732682
      0.0308934357017
      0.00322676356882
    
      0.00862989295274
      0.0301244854927
      0.00513964053243
    
      0.0107694650069
      0.0335831865668
      0.00245452602394
    
      0.0101376939565
      0.0325957871974
      0.00429892865941
    
      0.010959292762
      0.0671935752034
      0.00247375434265
    
      0.00999183394015
      0.0736289545894
      0.00434610713273
    
      -0.00500408140942
      0.0559998080134
      0.00254415208474
    
      -0.00206726766191
      0.0456882603467
      0.000462716765469
    
      -0.00503907958046
      0.0528894588351
      0.00231898622587
    
      -0.00499710906297
      0.0498820915818
      0.000660543038975
    
      0.000871922005899
      0.0491204448044
      0.00225766422227
    
      0.00536951003596
      0.0457270294428
      0.00217316183262
    
      0.0060686096549
      0.0454634353518
      0.000735594716389
    
      0.00644122483209
      0.0454171597958
      0.000745502242353
    
      0.00676193879917
      0.0453654453158
      0.0021966022905
    
      -0.0085192034021
      0.0296864565462
      0.00381699437276
    
      -0.00759319355711
      0.028956476599
      0.00557727133855
    
      0.00943505950272
      0.0313320048153
      0.00472859060392
    
      0.0105406595394
      0.0704683214426
      0.00269463751465
    
      0.00941499229521
      0.0768800675869
      0.00455966684967
    
      -0.00494305510074
      0.0591097101569
      0.00277020595968
    
      -0.00208120350726
      0.0839562490582
      0.00466063991189
    
      0.000922880019061
      0.0492236986756
      0.000823477399535
    
      0.00542046781629
      0.0458302758634
      0.000738977047149
    
      0.00572045333683
      0.0456043183804
      0.000733368971851
    
      0.0068128881976
      0.0454686805606
      0.000762417155784
    
      0.00710732443258
      0.0455112531781
      0.00221937196329
    
      -0.00657560909167
      0.0278406478465
      0.00594909768552
    
      0.00944809429348
      0.0309173762798
      0.00335335358977
    
      0.0101640289649
      0.0322256162763
      0.00291206105612
    
      0.0100427838042
      0.0737322121859
      0.00291192228906
    
      0.00875954329967
      0.0801164805889
      0.00476937554777
    
      -0.00498813018203
      0.052992708981
      0.00088480085833
    
      -0.00495312316343
      0.0561030618846
      0.00110996537842
    
      -0.00485601834953
      0.062218926847
      0.00299713760614
    
      -0.002030253876
      0.084059484303
      0.00322645297274
    
      -0.00212188740261
      0.0841279178858
      0.00467155314982
    
      0.00513814017177
      0.0460226200521
      0.00218622176908
    
      0.00103497586679
      0.0522862076759
      0.00249136751518
    
      0.00715828267857
      0.0456145070493
      0.000785187003203
    
      0.00740291085094
      0.0457414314151
      0.00224644481204
    
      -0.0075970091857
      0.0284984558821
      0.00421331543475
    
      -0.00597042450681
      0.027518093586
      0.00605570664629
    
      0.00862607732415
      0.0296664964408
      0.00377568416297
    
      0.0094659505412
      0.0769833102822
      0.00312548177317
    
      0.00802585668862
      0.0833363384008
      0.00497511122376
    
      -0.00489209685475
      0.0592129603028
      0.001336021116
    
      -0.00474296184257
      0.0653272271156
      0.0032249270007
    
      -0.00220307568088
      0.084284722805
      0.00467995833606
    
      0.00108593399636
      0.0523894503713
      0.00105718057603
    
      0.0051890979521
      0.0461258739233
      0.000752036576159
    
      0.00745385978371
      0.0458446666598
      0.000812257931102
    
      0.00762853492051
      0.0460402518511
      0.00227597355843
    
      -0.00539904506877
      0.0271441806108
      0.00617965962738
    
      -0.0059742401354
      0.0270601026714
      0.00469175120816
    
      -0.00657942565158
      0.0273826234043
      0.00458514457569
    
      0.00770685821772
      0.0289386380464
      0.00554040586576
    
      0.00881050154567
      0.080219745636
      0.00333518884145
    
      0.00795552600175
      0.0835300534964
      0.00498655857518
    
      -0.00480506010354
      0.0623221583664
      0.00156295241322
    
      -0.00460391165689
      0.0684344246984
      0.00345356226899
    
      -0.00207093777135
      0.0842311754823
      0.00323736760765
    
      -0.00231990544125
      0.0844172686338
      0.00468534883112
    
      0.00499115744606
      0.0463677160442
      0.00220584264025
    
      0.00117265363224
      0.055453248322
      0.00272425916046
    
      0.00776882795617
      0.0463873706758
      0.00230594817549
    
      -0.00486631784588
      0.026722073555
      0.00631990889087
    
      -0.00540286162868
      0.0266861934215
      0.00481570605189
    
      0.00668847654015
      0.0278251767159
      0.00591714074835
    
      0.00770303374156
      0.0284806527197
      0.00417645229027
    
      0.00807680655271
      0.0834395885468
      0.00354092568159
    
      0.00784385856241
      0.0837034583092
      0.00499507552013
    
      -0.00469201244414
      0.0654304847121
      0.00179074238986
    
      -0.00443887710571
      0.0715402811766
      0.00368302129209
    
      -0.00215211766772
      0.0843879580498
      0.00324577093124
    
      -0.00246539595537
      0.0845176428556
      0.00468740612268
    
      0.00122361176182
      0.0555565021932
      0.00129007233772
    
      0.00504211615771
      0.0464709699154
      0.000771657738369
    
      0.00767949270085
      0.0461435057223
      0.000841788656544
    
      0.0078142369166
      0.0467591509223
      0.00233432604
    
      -0.00437676999718
      0.0262553039938
      0.00647526374087
    
      -0.00487014232203
      0.0262640509754
      0.0049559539184
    
      0.00608306890354
      0.0275040604174
      0.00602666521445
    
      0.00800648424774
      0.0836333334446
      0.00355237396434
    
      -0.00455296225846
      0.0685376748443
      0.00201937695965
    
      -0.00424784841016
      0.074644587934
      0.00391329498962
    
      -0.00226894742809
      0.0845205113292
      0.00325116305612
    
      -0.00241444632411
      0.0846209004521
      0.00325322104618
    
      -0.00263085961342
      0.0845798552036
      0.00468600634485
    
      0.00128493807279
      0.0586213283241
      0.00295632495545
    
      0.00493857869878
      0.0467387959361
      0.00223069009371
    
      0.00781978666782
      0.046490624547
      0.000871763331816
    
      -0.00393453612924
      0.0257478859276
      0.00664440635592
    
      0.00551142403856
      0.0271314550191
      0.00615337304771
    
      0.00607924396172
      0.0270460378379
      0.00466271024197
    
      0.00668466091156
      0.0273671876639
      0.00455318531021
    
      0.00789481773973
      0.0838067233562
      0.00356089044362
    
      0.00769643904641
      0.0838478654623
      0.00500023178756
    
      -0.00438791885972
      0.0716435238719
      0.00224883691408
    
      -0.00403086049482
      0.0777471289039
      0.00414436357096
    
      -0.00280639133416
      0.0846001580358
      0.00468123238534
    
      0.00137182069011
      0.0617902688682
      0.00318755232729
    
      0.00133588758763
      0.05872457847
      0.00152214022819
    
      0.00498952809721
      0.0468420311809
      0.000796503270976
    
      0.00146939733531
      0.0681299418211
      0.00364742311649
    
      0.00786519609392
      0.0468623898923
      0.000900140963495
    
      -0.00354337971658
      0.0252041015774
      0.00682590296492
    
      -0.00438058655709
      0.0257973168045
      0.00511130876839
    
      0.00497839646414
      0.0267105828971
      0.00629618857056
    
      0.00550759909675
      0.0266734659672
      0.00478941760957
    
      0.00774739729241
      0.0839511007071
      0.00356604694389
    
      0.00752063235268
      0.0839560329914
      0.00500177498907
    
      -0.00419689016417
      0.0747478380799
      0.00247910991311
    
      -0.00378791359253
      0.0808477029204
      0.00437620980665
    
      -0.00257990136743
      0.0846830829978
      0.00325181917287
    
      -0.00298151164316
      0.0845773667097
      0.00467336876318
    
      0.00143330998253
      0.0649598836899
      0.00341792288236
    
      0.00489551015198
      0.0498492270708
      0.00245308782905
    
      0.00148006586824
      0.0713002532721
      0.00387604068965
    
      0.00746286474168
      0.0497924871743
      0.00254021794535
    
      -0.00320660369471
      0.0246285554022
      0.00701821781695
    
      -0.00393836107105
      0.025289895013
      0.00528045045212
    
      0.00497458036989
      0.0262525938451
      0.00493223313242
    
      0.00757159106433
      0.0840592756867
      0.00356758758426
    
      -0.00397990271449
      0.0778503865004
      0.00271017849445
    
      -0.003519032849
      0.0839460641146
      0.00460882019252
    
      -0.002755433321
      0.0847034156322
      0.00324704498053
    
      -0.00314574898221
      0.0845128446817
      0.00466288719326
    
      0.00142277881969
      0.0618935376406
      0.00175336538814
    
      0.00494646839797
      0.049952480942
      0.00101890077349
    
      0.00482642278075
      0.0529593043029
      0.00267453189008
    
      0.00152034696657
      0.068233191967
      0.00221323780715
    
      0.00149844400585
      0.0844442993402
      0.00482295872644
    
      0.00148426811211
      0.0650631263852
      0.0019837373402
    
      0.00751382252201
      0.0498957447708
      0.00110603298526
    
      -0.00354719604366
      0.0247461143881
      0.00546194845811
    
      0.00448851427063
      0.0262449774891
      0.00645390339196
    
      0.00732524739578
      0.0840225592256
      0.00499962177128
    
      -0.00373695534654
      0.0809509530663
      0.00294202519581
    
      -0.00348167610355
      0.0841182991862
      0.00462254835293
    
      -0.00293055339716
      0.0846806243062
      0.00323918182403
    
      -0.00328927533701
      0.0844104066491
      0.00465041259304
    
      0.0047313333489
      0.0560687370598
      0.0028950071428
    
      0.00153102411423
      0.071403503418
      0.00244185398333
    
      0.00146533246152
      0.0744706168771
      0.00410375744104
    
      0.00164197920822
      0.0845467373729
      0.00483543379232
    
      0.00715121626854
      0.0528300404549
      0.00274782557972
    
      -0.00321042863652
      0.0241705682129
      0.00565426144749
    
      0.00404592882842
      0.0257385894656
      0.00662517733872
    
      0.00448469817638
      0.0257869902998
      0.00508994748816
    
      0.00737620564178
      0.0841258242726
      0.00356543646194
    
      -0.00346808345057
      0.0840493068099
      0.00317463534884
    
      -0.00340353208594
      0.0842762365937
      0.00463669328019
    
      -0.00309479073621
      0.0846160799265
      0.00322870071977
    
      0.00487738102674
      0.0530625507236
      0.00124034681357
    
      0.0046102241613
      0.0591773353517
      0.00311449961737
    
      0.00142518861685
      0.0776408240199
      0.00433056149632
    
      0.00169293722138
      0.0846499726176
      0.00340124685317
    
      0.00180621666368
      0.0846112594008
      0.00484591536224
    
      0.00720217451453
      0.0529333166778
      0.00131364061963
    
      -0.00292707164772
      0.0240261498839
      0.00721971597522
    
      0.00365437776782
      0.0251957308501
      0.00680856080726
    
      0.00712003465742
      0.0840441286564
      0.00499388389289
    
      -0.00343071785755
      0.084221534431
      0.00318836164661
    
      -0.00323832593858
      0.0845136642456
      0.00321622774936
    
      -0.00335257430561
      0.0843794718385
      0.00320250866935
    
      0.00478228228167
      0.0561719946563
      0.00146082206629
    
      0.00446312129498
      0.0622849054635
      0.00333299208432
    
      0.0015162905911
      0.074573867023
      0.00266957096756
    
      0.0013841871405
      0.0843101218343
      0.00480923987925
    
      0.00185716606211
      0.0847145169973
      0.0034117277246
    
      0.00154940213542
      0.0845475569367
      0.00338877364993
    
      0.00198133685626
      0.0846340507269
      0.00485377758741
    
      0.00687934271991
      0.055871322751
      0.00295711448416
    
      -0.0029308879748
      0.0235681608319
      0.00585576100275
    
      0.0033171987161
      0.0246209744364
      0.0070024994202
    
      0.00404210342094
      0.025280598551
      0.00526122376323
    
      0.00717099243775
      0.0841473862529
      0.00355969718657
    
      0.00691527593881
      0.0840196460485
      0.00498484633863
    
      0.00466118194163
      0.0592805929482
      0.00168031465728
    
      0.0042900335975
      0.0653911754489
      0.00355046940967
    
      0.00143514527008
      0.084413357079
      0.00337505456991
    
      0.00135963433422
      0.0808106660843
      0.00455643655732
    
      0.00147613824811
      0.0777440741658
      0.00289637409151
    
      0.00203228625469
      0.0847373083234
      0.00341959088109
    
      0.002156868577
      0.0846137404442
      0.00485855247825
    
      0.00693030050024
      0.0559745579958
      0.00152292952407
    
      -0.00270715076476
      0.0234019588679
      0.00742869079113
    
      0.00365056144074
      0.0247377436608
      0.00544460583478
    
      0.00451407907531
      0.0623881481588
      0.00189880770631
    
      0.00409096060321
      0.0684959813952
      0.00376691739075
    
      0.0013570014853
      0.0842554420233
      0.00336090801284
    
      0.00130605208687
      0.0841521918774
      0.00479509495199
    
      0.002207826823
      0.0847170054913
      0.0034243655391
    
      0.00232232362032
      0.0845515504479
      0.00485995179042
    
      0.00672119436786
      0.0839503630996
      0.00497296126559
    
      0.00664731254801
      0.058915771544
      0.00316804647446
    
      -0.00271096732467
      0.0229439735413
      0.00606473488733
    
      -0.00254870229401
      0.0227613057941
      0.00764337228611
    
      0.00331337377429
      0.0241629853845
      0.00563854305074
    
      0.00696623371914
      0.0841229110956
      0.00355066149496
    
      0.00434099137783
      0.0654944255948
      0.002116284566
    
      0.00386592885479
      0.0715990737081
      0.00398232042789
    
      0.00126868672669
      0.0839799493551
      0.00478136632591
    
      0.0014105924638
      0.0809139236808
      0.00312224915251
    
      0.00237328186631
      0.0846547856927
      0.00342576694675
    
      0.00246782274917
      0.084451161325
      0.00485789449885
    
      0.00669826194644
      0.0590190403163
      0.00173386104871
    
      -0.0024530806113
      0.0221095699817
      0.0078619401902
    
      0.00303722918034
      0.0240192208439
      0.00720534473658
    
      0.0041419188492
      0.0685992315412
      0.00233273254707
    
      0.0036149546504
      0.0747002586722
      0.00419666618109
    
      0.00131964485627
      0.0840832218528
      0.00334718101658
    
      0.00258465250954
      0.0843186229467
      0.00485250353813
    
      0.00677215261385
      0.0840536206961
      0.00353877688758
    
      0.00654750643298
      0.0838397294283
      0.00495882611722
    
      0.0064551262185
      0.0619628988206
      0.00338058755733
    
      -0.00255252723582
      0.0223032832146
      0.00627941638231
    
      -0.00242108409293
      0.021452344954
      0.00808253884315
    
      0.00303341285326
      0.0235611982644
      0.0058413897641
    
      0.00391688663512
      0.071702323854
      0.00254813535139
    
      0.0033380468376
      0.0777993053198
      0.00440993206576
    
      0.0025187721476
      0.0845544189215
      0.00342370918952
    
      0.00263560190797
      0.0844218730927
      0.00341831729747
    
      0.00266583194025
      0.0841618105769
      0.0048440983519
    
      0.00650608446449
      0.0620661526918
      0.00194640061818
    
      -0.00245689693838
      0.0216515827924
      0.0064979842864
    
      0.00281687104143
      0.023395512253
      0.00741538079455
    
      0.00366591243073
      0.0748035162687
      0.00276247877628
    
      0.00303522241302
      0.0808960050344
      0.0046221120283
    
      0.00271679018624
      0.0842650681734
      0.00340991374105
    
      0.00270651630126
      0.0839901417494
      0.00483318604529
    
      0.00659846421331
      0.0839429944754
      0.00352464104071
    
      0.00640289951116
      0.0836932733655
      0.00494314450771
    
      0.00630285264924
      0.0650121644139
      0.00359469885007
    
      -0.00242490042001
      0.0209943577647
      0.0067185824737
    
      0.00265796808526
      0.0227552335709
      0.00763082783669
    
      0.00281304609962
      0.0229375213385
      0.00605142768472
    
      0.0033889960032
      0.0779025629163
      0.00297574745491
    
      0.00275747431442
      0.0840933844447
      0.00339899887331
    
      0.00645385729149
      0.0837965086102
      0.0035089594312
    
      0.00635381042957
      0.0651154071093
      0.0021605133079
    
      -0.00243870751001
      0.0173052027822
      0.00895967986435
    
      0.0025618749205
      0.0221037380397
      0.00784985627979
    
      0.00308618065901
      0.0809992477298
      0.00318792508915
    
      0.00634555192664
      0.0836215540767
      0.00349251553416
    
      0.00629459368065
      0.0835183113813
      0.00492670061067
    
      0.00619049975649
      0.0680630505085
      0.00381034612656
    
      -0.00243500294164
      0.0170019250363
      0.00755320815369
    
      0.00252920063213
      0.0173062328249
      0.00897254608572
    
      0.00265414314345
      0.0222972426564
      0.00626687286422
    
      0.00252941506915
      0.0214465819299
      0.0080706095323
    
      0.00622801901773
      0.0833236202598
      0.00491031911224
    
      0.00624145753682
      0.068166308105
      0.00237616151571
    
      -0.00246854312718
      0.0132178198546
      0.00954124890268
    
      0.00255790399387
      0.0132188135758
      0.00955388601869
    
      0.00255805836059
      0.0216457508504
      0.00648590084165
    
      0.00627897726372
      0.0834268555045
      0.00347613240592
    
      0.00614060508087
      0.0802724063396
      0.00468755047768
    
      0.0061180847697
      0.0711150318384
      0.00402749236673
    
      -0.00246506137773
      0.0129652069882
      0.00812573637813
    
      0.00260755862109
      0.0091316010803
      0.0101352473721
    
      0.0025329052005
      0.0170029550791
      0.00756607623771
    
      0.0025255898945
      0.0209885593504
      0.00670665549114
    
      0.00619155401364
      0.0803756713867
      0.00325336540118
    
      0.00616904255003
      0.0712182819843
      0.00259330775589
    
      -0.00251932977699
      0.00913067534566
      0.0101227387786
    
      0.00256164325401
      0.012966202572
      0.00813837349415
    
      0.00614409474656
      0.0773234963417
      0.00303194695152
    
      0.00609313696623
      0.0772202536464
      0.0044661317952
    
      0.00608563283458
      0.0741676092148
      0.00424610078335
    
      -0.00251581356861
      0.00892873015255
      0.00869818590581
    
      0.00267994822934
      0.00495952088386
      0.0101391682401
    
      0.0026110750623
      0.00892965588719
      0.00871069263667
    
      0.00613658223301
      0.0742708668113
      0.00281191547401
    
      -0.00258754240349
      0.00495880050585
      0.010134447366
    
      0.00277350260876
      0.000787852331996
      0.0101430891082
    
      -0.00258659920655
      0.00485232193023
      0.00870597269386
    
      0.00288823153824
      -0.00338330166414
      0.0101470109075
    
      0.00268185185269
      0.00485304230824
      0.00871069263667
    
      -0.00267692073248
      0.000787337718066
      0.0101461578161
    
      0.00288547831587
      -0.00329884607345
      0.00871069263667
    
      0.00277332263067
      0.000776840781327
      0.00871069263667
    
      -0.00267806998454
      0.000776326283813
      0.0087137632072
    
      -0.00278748152778
      -0.00338361039758
      0.0101578682661
    
      0.00301808794029
      -0.00736688356847
      0.00847127847373
    
      0.00400249147788
      -0.0847008600831
      0.005364197772
    
      0.00302084092982
      -0.00745130470023
      0.00990759488195
    
      -0.00279022566974
      -0.00329915480688
      0.00872155092657
    
      -0.00292054563761
      -0.00745164742693
      0.0099189626053
    
      0.00317138247192
      -0.0114341657609
      0.00823186617345
    
      -0.00292329816148
      -0.0073671923019
      0.00848264433444
    
      -0.00307429418899
      -0.0115189645439
      0.00968013796955
    
      0.00317413522862
      -0.0115186227486
      0.00966818351299
    
      -0.00307704741135
      -0.0114345094189
      0.00824381969869
    
      -0.00324872019701
      -0.0155854579061
      0.00944140180945
    
      0.00334810628556
      -0.0155850797892
      0.00942878052592
    
      0.00334534491412
      -0.0155006581917
      0.00799246504903
    
      -0.00325147272088
      -0.0155010018498
      0.00800508633256
    
      -0.00344381364994
      -0.0196510255337
      0.00920276157558
    
      0.00354273663834
      -0.0196506138891
      0.00918939616531
    
      -0.00344656640664
      -0.0195665694773
      0.00776644516736
    
      -0.00365958362818
      -0.0237155295908
      0.00896422099322
    
      0.00353998388164
      -0.0195661913604
      0.00775307882577
    
      0.00375804351643
      -0.0237151179463
      0.00895002949983
    
      -0.00366232777014
      -0.0236310735345
      0.00752790272236
    
      -0.00389600428753
      -0.0277789011598
      0.0087257893756
    
      0.00375529075973
      -0.0236306618899
      0.00751371169463
    
      0.00399400992319
      -0.0277784578502
      0.00871069263667
    
      -0.00389875727706
      -0.0276944432408
      0.00728947063908
    
      -0.00391089217737
      -0.0847012996674
      0.00537933688611
    
      0.00399125693366
      -0.0276940371841
      0.00727437529713
    
      0.00520776817575
      -0.0477999262512
      0.00753129879013
    
      -0.00507701095194
      -0.0470943003893
      0.0061512067914
    
      -0.00441471859813
      -0.0847372859716
      0.00537818577141
    
      -0.0039136451669
      -0.0846168473363
      0.00394301954657
    
      0.00520501565188
      -0.0477154739201
      0.00609498238191
    
      0.00450631789863
      -0.0847367718816
      0.00536111881956
    
      -0.0050742495805
      -0.0471787191927
      0.00758752552792
    
      -0.00491722440347
      -0.0846861451864
      0.00538215506822
    
      0.00399973848835
      -0.0846164003015
      0.00392788089812
    
      0.00634339079261
      -0.0664934366941
      0.0049888426438
    
      0.00500883255154
      -0.0846855938435
      0.00536316540092
    
      -0.00625525647774
      -0.0664941221476
      0.00501294480637
    
      -0.004919977393
      -0.0846017226577
      0.00394583726302
    
      -0.00441747158766
      -0.0846528336406
      0.00394186843187
    
      0.00634614331648
      -0.0665778592229
      0.00642515998334
    
      0.00549500994384
      -0.0845487937331
      0.00537027604878
    
      0.00500607956201
      -0.0846011340618
      0.00392684759572
    
      0.0045035649091
      -0.0846523568034
      0.00392480148003
    
      -0.00540339294821
      -0.0845494046807
      0.00539112603292
    
      -0.00625250302255
      -0.0665785744786
      0.00644926214591
    
      -0.00540614593774
      -0.0844649523497
      0.0039548096247
    
      0.00720708817244
      -0.080740429461
      0.00414960226044
    
      0.00549225695431
      -0.0844643414021
      0.00393396057189
    
      -0.00585870537907
      -0.0843311324716
      0.00540483091027
    
      -0.00712055712938
      -0.0807412490249
      0.00417701341212
    
      0.00720984162763
      -0.0808248892426
      0.00558591773733
    
      0.00595034845173
      -0.0843304395676
      0.00538223842159
    
      0.00594759499654
      -0.0842460244894
      0.00394592154771
    
      -0.00586145045236
      -0.0842466801405
      0.00396851543337
    
      -0.0062695518136
      -0.0840378329158
      0.00542286038399
    
      -0.00711780460551
      -0.0808256715536
      0.00561332888901
    
      0.00733757065609
      -0.0812275782228
      0.00412071263418
    
      0.00636122887954
      -0.08403711766
      0.00539869675413
    
      -0.00627230526879
      -0.0839533805847
      0.00398654490709
    
      -0.00662367744371
      -0.0836782976985
      0.0054446766153
    
      -0.00691048195586
      -0.0832632631063
      0.00546962860972
    
      -0.00725109130144
      -0.0812283679843
      0.0041486248374
    
      0.00734032364562
      -0.0813119933009
      0.00555703043938
    
      0.00671538896859
      -0.0836775451899
      0.00541915744543
    
      0.00635847635567
      -0.0839526951313
      0.00396237988025
    
      -0.00712141487747
      -0.0828051045537
      0.00549696618691
    
      -0.00724833877757
      -0.0813128277659
      0.00558494217694
    
      0.00738207995892
      -0.0817298591137
      0.00409109983593
    
      0.00721323722973
      -0.0828043073416
      0.00546954199672
    
      0.00700225215405
      -0.0832624733448
      0.00544301001355
    
      -0.00662643043324
      -0.0835938453674
      0.00400835974142
    
      -0.00691323447973
      -0.0831788033247
      0.00403331080452
    
      -0.00729566020891
      -0.0817306786776
      0.00411917967722
    
      0.00738483248278
      -0.0818142741919
      0.00552741531283
    
      0.00734204752371
      -0.0823167189956
      0.0054979599081
    
      0.00671264436096
      -0.0835930928588
      0.00398283917457
    
      -0.00725017394871
      -0.0823175385594
      0.00552587723359
    
      -0.00712416833267
      -0.082720682025
      0.00406064838171
    
      -0.00729290768504
      -0.0818151012063
      0.00555549748242
    
      0.00733929453418
      -0.0822322666645
      0.00406164256856
    
      0.00699949124828
      -0.0831780508161
      0.00400669267401
    
      0.0072104758583
      -0.0827198550105
      0.00403322465718
    
      -0.00725292600691
      -0.0822330862284
      0.00408955942839
