
  
 
   
    
      0, 1, 2
    
      1, 0, 3
    
      4, 3, 0
    
      5, 3, 4
    
      6, 3, 5
    
      7, 3, 6
    
      8, 3, 7
    
      9, 3, 8
    
      9, 10, 3
    
      11, 10, 9
    
      12, 10, 11
    
      13, 10, 12
    
      13, 14, 10
    
      15, 14, 13
    
      14, 15, 16
    
      15, 17, 16
    
      17, 15, 18
    
      17, 18, 19
    
      17, 20, 16
    
      20, 17, 21
    
      20, 21, 22
    
      21, 14, 22
    
      14, 21, 23
    
      23, 10, 14
    
      10, 23, 24
    
      24, 3, 10
    
      3, 24, 1
    
      22, 14, 25
    
      25, 14, 26
    
      26, 14, 16
    
      16, 20, 26
    
      27, 20, 26
    
      20, 27, 28
    
      27, 29, 28
    
      29, 27, 30
    
      27, 25, 30
    
      25, 27, 26
    
      22, 30, 25
    
      30, 22, 29
    
      20, 29, 22
    
      29, 20, 28
    
      12, 31, 13
    
      4, 0, 32
    
      32, 0, 33
    
      33, 0, 34
    
      34, 0, 35
    
      35, 0, 36
    
      36, 0, 37
    
      0, 38, 37
    
      38, 0, 2
    
      38, 2, 39
    
      2, 40, 39
    
      40, 2, 41
    
      40, 41, 42
    
      41, 43, 42
    
      43, 41, 44
    
      45, 43, 44
    
      43, 45, 46
    
      47, 46, 45
    
      46, 47, 48
    
      48, 47, 49
    
      49, 47, 50
    
      50, 47, 51
    
      52, 51, 47
    
      53, 51, 52
    
      51, 53, 54
    
      55, 54, 53
    
      54, 55, 56
    
      55, 57, 56
    
      57, 55, 37
    
      53, 37, 55
    
      53, 36, 37
    
      52, 36, 53
    
      52, 58, 36
    
      52, 59, 58
    
      52, 60, 59
    
      52, 61, 60
    
      52, 62, 61
    
      63, 62, 52
    
      63, 64, 62
    
      63, 65, 64
    
      63, 66, 65
    
      63, 67, 66
    
      63, 68, 67
    
      69, 68, 63
    
      69, 70, 68
    
      69, 71, 70
    
      69, 72, 71
    
      69, 73, 72
    
      74, 73, 69
    
      75, 73, 74
    
      73, 75, 76
    
      77, 76, 75
    
      78, 76, 77
    
      78, 79, 76
    
      79, 78, 80
    
      77, 81, 78
    
      81, 77, 82
    
      82, 77, 83
    
      83, 77, 75
    
      75, 84, 83
    
      74, 84, 75
    
      74, 85, 84
    
      85, 74, 86
    
      74, 87, 86
    
      87, 74, 69
    
      69, 88, 87
    
      88, 69, 63
    
      63, 47, 88
    
      47, 63, 52
    
      86, 82, 85
    
      82, 86, 81
    
      85, 89, 82
    
      89, 85, 90
    
      85, 91, 90
    
      91, 85, 92
    
      92, 85, 93
    
      93, 85, 84
    
      83, 93, 84
    
      93, 83, 94
    
      83, 89, 94
    
      89, 83, 82
    
      89, 91, 94
    
      91, 89, 90
    
      94, 91, 92
    
      94, 92, 93
    
      37, 38, 57
    
      95, 49, 50
    
      49, 95, 96
    
      97, 96, 95
    
      96, 97, 98
    
      97, 99, 98
    
      99, 97, 100
    
      101, 99, 100
    
      99, 101, 39
    
      38, 39, 101
    
      102, 103, 104
    
      103, 102, 105
    
      106, 105, 102
    
      107, 105, 106
    
      107, 108, 105
    
      109, 108, 107
    
      108, 109, 110
    
      109, 111, 110
    
      109, 112, 111
    
      112, 109, 113
    
      109, 114, 113
    
      114, 109, 115
    
      107, 115, 109
    
      115, 107, 116
    
      107, 117, 116
    
      117, 107, 106
    
      106, 118, 117
    
      118, 106, 119
    
      106, 102, 119
    
      102, 118, 119
    
      118, 102, 120
    
      102, 121, 120
    
      104, 121, 102
    
      121, 104, 122
    
      122, 123, 121
    
      123, 122, 124
    
      125, 123, 124
    
      126, 123, 125
    
      127, 123, 126
    
      128, 123, 127
    
      123, 128, 129
    
      128, 130, 129
    
      130, 128, 131
    
      131, 128, 132
    
      132, 128, 133
    
      134, 133, 128
    
      134, 132, 133
    
      135, 132, 134
    
      136, 132, 135
    
      136, 137, 132
    
      138, 137, 136
    
      138, 139, 137
    
      140, 139, 138
    
      140, 141, 139
    
      141, 140, 142
    
      140, 143, 142
    
      143, 140, 144
    
      138, 144, 140
    
      144, 138, 145
    
      138, 146, 145
    
      146, 138, 136
    
      136, 147, 146
    
      147, 136, 148
    
      148, 136, 135
    
      135, 149, 148
    
      149, 135, 150
    
      150, 135, 127
    
      127, 135, 134
    
      134, 128, 127
    
      127, 126, 150
    
      126, 149, 150
    
      151, 149, 126
    
      151, 148, 149
    
      152, 148, 151
    
      153, 148, 152
    
      153, 147, 148
    
      154, 147, 153
    
      154, 146, 147
    
      155, 146, 154
    
      155, 145, 146
    
      156, 145, 155
    
      156, 144, 145
    
      144, 156, 114
    
      156, 113, 114
    
      113, 156, 112
    
      155, 112, 156
    
      112, 155, 157
    
      155, 158, 157
    
      158, 155, 154
    
      154, 159, 158
    
      159, 154, 153
    
      152, 159, 153
    
      159, 152, 160
    
      151, 160, 152
    
      161, 160, 151
    
      160, 161, 162
    
      162, 163, 160
    
      163, 162, 164
    
      165, 163, 164
    
      163, 165, 111
    
      166, 111, 165
    
      111, 166, 110
    
      167, 110, 166
    
      110, 167, 108
    
      103, 108, 167
    
      108, 103, 105
    
      111, 157, 163
    
      111, 112, 157
    
      163, 157, 158
    
      163, 158, 160
    
      160, 158, 159
    
      151, 125, 161
    
      125, 151, 126
    
      168, 144, 114
    
      144, 168, 143
    
      168, 142, 143
    
      142, 168, 141
    
      169, 141, 168
    
      141, 169, 139
    
      169, 137, 139
    
      137, 169, 170
    
      169, 116, 170
    
      169, 115, 116
    
      168, 115, 169
    
      168, 114, 115
    
      170, 116, 117
    
      170, 117, 171
    
      171, 117, 118
    
      118, 121, 171
    
      121, 118, 120
    
      171, 121, 131
    
      131, 121, 130
    
      130, 121, 123
    
      130, 123, 129
    
      132, 171, 131
    
      171, 132, 170
    
      170, 132, 137
    
      172, 173, 174
    
      173, 172, 175
    
      175, 172, 176
    
      176, 172, 177
    
      174, 191, 180
    
      191, 174, 190
    
      190, 174, 173
    
      190, 173, 192
    
      173, 193, 192
    
      193, 173, 194
    
      175, 194, 173
    
      194, 175, 195
    
      176, 195, 175
    
      195, 176, 196
    
      176, 197, 196
    
      197, 176, 198
    
      176, 177, 198
    
      198, 177, 199
    
      190, 215, 214
    
      190, 192, 215
    
      192, 216, 215
    
      216, 192, 193
    
      193, 196, 216
    
      193, 195, 196
    
      195, 193, 194
    
      216, 196, 217
    
      217, 196, 197
    
      217, 197, 218
    
      198, 218, 197
    
      218, 198, 219
    
      198, 199, 219
    
      219, 199, 220
    
      214, 228, 227
    
      214, 215, 228
    
      216, 228, 215
    
      228, 216, 217
    
      217, 229, 228
    
      229, 217, 230
    
      217, 218, 230
    
      230, 218, 231
    
      231, 218, 232
    
      219, 232, 218
    
      232, 219, 233
    
      219, 220, 233
    
      233, 220, 234
    
      227, 229, 261
    
      227, 228, 229
    
      261, 229, 262
    
      230, 262, 229
    
      262, 230, 231
    
      231, 263, 262
    
      263, 231, 264
    
      231, 265, 264
    
      231, 266, 265
    
      231, 232, 266
    
      266, 232, 267
    
      232, 268, 267
    
      268, 232, 269
    
      269, 232, 270
    
      233, 270, 232
    
      270, 233, 271
    
      233, 234, 271
    
      271, 234, 272
    
      261, 262, 283
    
      283, 262, 263
    
      283, 263, 282
    
      282, 263, 284
    
      264, 286, 285
    
      264, 287, 286
    
      264, 288, 287
    
      264, 289, 288
    
      264, 290, 289
    
      264, 265, 290
    
      265, 291, 290
    
      291, 265, 292
    
      266, 292, 265
    
      292, 266, 293
    
      267, 293, 266
    
      293, 267, 294
    
      268, 294, 267
    
      294, 268, 295
    
      269, 295, 268
    
      295, 269, 296
    
      297, 296, 269
    
      296, 297, 298
    
      297, 299, 298
    
      299, 297, 300
    
      297, 270, 300
    
      269, 270, 297
    
      300, 270, 301
    
      301, 270, 302
    
      302, 270, 303
    
      303, 270, 304
    
      271, 304, 270
    
      304, 271, 305
    
      271, 272, 305
    
      305, 272, 306
    
      306, 272, 273
    
      306, 273, 307
    
      307, 273, 274
    
      307, 274, 308
    
      308, 274, 275
    
      308, 275, 309
    
      309, 275, 276
    
      309, 276, 310
    
      278, 310, 276
    
      278, 311, 310
    
      279, 311, 278
    
      279, 312, 311
    
      280, 312, 279
    
      280, 313, 312
    
      281, 313, 280
    
      281, 314, 313
    
      282, 314, 281
    
      282, 284, 314
    
      285, 304, 315
    
      316, 304, 285
    
      317, 304, 316
    
      318, 304, 317
    
      319, 304, 318
    
      320, 304, 319
    
      303, 304, 320
    
      321, 303, 320
    
      303, 321, 322
    
      323, 322, 321
    
      324, 322, 323
    
      324, 325, 322
    
      326, 325, 324
    
      326, 327, 325
    
      328, 327, 326
    
      328, 299, 327
    
      291, 299, 328
    
      291, 298, 299
    
      292, 298, 291
    
      292, 296, 298
    
      293, 296, 292
    
      293, 295, 296
    
      295, 293, 294
    
      289, 291, 328
    
      291, 289, 290
    
      328, 288, 289
    
      288, 328, 326
    
      326, 287, 288
    
      287, 326, 324
    
      324, 286, 287
    
      286, 324, 323
    
      323, 329, 286
    
      329, 323, 330
    
      323, 321, 330
    
      330, 321, 331
    
      320, 331, 321
    
      331, 320, 319
    
      318, 331, 319
    
      331, 318, 332
    
      317, 332, 318
    
      332, 317, 333
    
      316, 333, 317
    
      333, 316, 334
    
      335, 334, 316
    
      334, 335, 336
    
      337, 336, 335
    
      336, 337, 338
    
      339, 338, 337
    
      338, 339, 340
    
      339, 330, 340
    
      330, 339, 329
    
      285, 329, 339
    
      285, 286, 329
    
      285, 339, 337
    
      285, 337, 335
    
      285, 335, 316
    
      330, 331, 340
    
      340, 331, 332
    
      340, 332, 338
    
      338, 332, 333
    
      338, 333, 336
    
      336, 333, 334
    
      300, 327, 299
    
      327, 300, 301
    
      301, 325, 327
    
      325, 301, 302
    
      302, 322, 325
    
      322, 302, 303
    
      315, 304, 341
    
      305, 341, 304
    
      341, 305, 306
    
      306, 342, 341
    
      342, 306, 307
    
      307, 343, 342
    
      343, 307, 308
    
      309, 343, 308
    
      343, 309, 344
    
      310, 344, 309
    
      344, 310, 345
    
      315, 341, 348
    
      348, 341, 342
    
      348, 342, 343
    
      348, 343, 347
    
      347, 343, 346
    
      346, 343, 344
    
      346, 344, 345
    
      278, 276, 277
    
      172, 178, 177
    
      172, 179, 178
    
      174, 179, 172
    
      180, 179, 174
    
      179, 180, 181
    
      182, 181, 180
    
      183, 181, 182
    
      181, 183, 184
    
      183, 185, 184
    
      185, 183, 186
    
      182, 186, 183
    
      186, 182, 187
    
      182, 188, 187
    
      188, 182, 189
    
      182, 190, 189
    
      182, 191, 190
    
      182, 180, 191
    
      177, 200, 199
    
      177, 178, 200
    
      201, 200, 178
    
      200, 201, 202
    
      201, 203, 202
    
      201, 204, 203
    
      201, 205, 204
    
      206, 205, 201
    
      205, 206, 207
    
      206, 187, 207
    
      208, 187, 206
    
      208, 186, 187
    
      186, 208, 185
    
      208, 184, 185
    
      184, 208, 181
    
      206, 181, 208
    
      181, 206, 179
    
      206, 178, 179
    
      178, 206, 201
    
      207, 187, 209
    
      209, 187, 188
    
      209, 188, 210
    
      210, 188, 211
    
      211, 188, 212
    
      189, 212, 188
    
      212, 189, 213
    
      189, 214, 213
    
      189, 190, 214
    
      199, 221, 220
    
      199, 200, 221
    
      202, 221, 200
    
      221, 202, 222
    
      202, 223, 222
    
      202, 203, 223
    
      203, 224, 223
    
      203, 211, 224
    
      204, 211, 203
    
      204, 210, 211
    
      205, 210, 204
    
      205, 209, 210
    
      209, 205, 207
    
      211, 212, 224
    
      224, 212, 225
    
      213, 225, 212
    
      225, 213, 226
    
      213, 227, 226
    
      213, 214, 227
    
      220, 235, 234
    
      220, 221, 235
    
      222, 235, 221
    
      235, 222, 236
    
      236, 237, 235
    
      237, 236, 238
    
      238, 239, 237
    
      239, 238, 240
    
      240, 241, 239
    
      241, 240, 242
    
      242, 243, 241
    
      243, 242, 244
    
      244, 245, 243
    
      245, 244, 246
    
      247, 245, 246
    
      245, 247, 248
    
      249, 248, 247
    
      248, 249, 250
    
      251, 250, 249
    
      250, 251, 252
    
      251, 253, 252
    
      253, 251, 254
    
      254, 255, 253
    
      255, 254, 256
    
      256, 257, 255
    
      257, 256, 258
    
      258, 259, 257
    
      259, 258, 260
    
      260, 226, 259
    
      226, 260, 225
    
      226, 261, 259
    
      226, 227, 261
    
      234, 237, 272
    
      234, 235, 237
    
      272, 237, 273
    
      273, 237, 239
    
      273, 239, 274
    
      274, 239, 241
    
      274, 241, 275
    
      275, 241, 243
    
      275, 243, 276
    
      276, 243, 245
    
      276, 245, 277
    
      277, 245, 250
    
      250, 245, 248
    
      250, 278, 277
    
      252, 278, 250
    
      252, 279, 278
    
      253, 279, 252
    
      253, 280, 279
    
      255, 280, 253
    
      255, 281, 280
    
      257, 281, 255
    
      257, 282, 281
    
      257, 283, 282
    
      259, 283, 257
    
      259, 261, 283
    
      264, 284, 263
    
      284, 264, 285
    
      285, 314, 284
    
      314, 285, 315
    
      311, 345, 310
    
      345, 311, 346
    
      312, 346, 311
    
      346, 312, 347
    
      312, 348, 347
    
      348, 312, 313
    
      313, 315, 348
    
      315, 313, 314
    
      224, 225, 349
    
      223, 224, 349
    
      223, 349, 350
    
      222, 223, 350
    
      351, 352, 353
    
      352, 351, 354
    
      355, 354, 351
    
      354, 355, 356
    
      357, 356, 355
    
      356, 357, 358
    
      357, 359, 358
    
      359, 357, 360
    
      361, 360, 357
    
      360, 361, 362
    
      363, 362, 361
    
      362, 363, 364
    
      365, 364, 363
    
      364, 365, 366
    
      365, 367, 366
    
      367, 365, 368
    
      365, 369, 368
    
      365, 370, 369
    
      363, 370, 365
    
      363, 371, 370
    
      361, 371, 363
    
      357, 371, 361
    
      355, 371, 357
    
      355, 372, 371
    
      372, 355, 373
    
      351, 373, 355
    
      373, 351, 353
    
      353, 372, 373
    
      372, 353, 352
    
      352, 371, 372
    
      371, 352, 374
    
      352, 354, 374
    
      374, 354, 375
    
      356, 375, 354
    
      375, 356, 376
    
      356, 377, 376
    
      356, 358, 377
    
      358, 378, 377
    
      378, 358, 359
    
      359, 364, 378
    
      359, 362, 364
    
      362, 359, 360
    
      378, 364, 366
    
      378, 366, 379
    
      379, 366, 367
    
      379, 367, 380
    
      380, 367, 381
    
      368, 381, 367
    
      381, 368, 382
    
      368, 383, 382
    
      368, 369, 383
    
      384, 383, 369
    
      383, 384, 385
    
      384, 386, 385
    
      384, 387, 386
    
      384, 388, 387
    
      389, 388, 384
    
      389, 390, 388
    
      389, 391, 390
    
      391, 389, 374
    
      370, 374, 389
    
      374, 370, 371
    
      389, 369, 370
    
      369, 389, 384
    
      374, 375, 391
    
      391, 375, 392
    
      392, 375, 393
    
      393, 375, 394
    
      375, 395, 394
    
      395, 375, 376
    
      376, 396, 395
    
      376, 377, 396
    
      377, 379, 396
    
      379, 377, 378
    
      379, 397, 396
    
      397, 379, 380
    
      380, 398, 397
    
      398, 380, 399
    
      380, 381, 399
    
      399, 381, 400
    
      382, 400, 381
    
      400, 382, 401
    
      382, 402, 401
    
      382, 383, 402
    
      385, 402, 383
    
      402, 385, 403
    
      385, 404, 403
    
      385, 386, 404
    
      404, 405, 386
    
      405, 404, 406
    
      404, 407, 406
    
      407, 404, 408
    
      403, 404, 408
    
      403, 408, 409
    
      410, 408, 409
    
      408, 410, 407
    
      407, 411, 410
    
      407, 412, 411
    
      406, 412, 407
    
      406, 413, 412
    
      405, 413, 406
    
      405, 414, 413
    
      415, 414, 405
    
      416, 414, 415
    
      416, 417, 414
    
      418, 417, 416
    
      419, 417, 418
    
      420, 417, 419
    
      420, 421, 417
    
      422, 421, 420
    
      422, 423, 421
    
      423, 422, 424
    
      422, 425, 424
    
      425, 422, 426
    
      420, 426, 422
    
      426, 420, 427
    
      428, 427, 420
    
      427, 428, 429
    
      428, 430, 429
    
      430, 428, 431
    
      428, 432, 431
    
      428, 433, 432
    
      428, 419, 433
    
      419, 428, 420
    
      392, 419, 433
    
      419, 392, 391
    
      390, 419, 391
    
      419, 390, 418
    
      388, 418, 390
    
      418, 388, 416
    
      387, 416, 388
    
      416, 387, 415
    
      387, 405, 415
    
      405, 387, 386
    
      433, 393, 392
    
      393, 433, 432
    
      434, 393, 432
    
      393, 434, 435
    
      434, 436, 435
    
      436, 434, 437
    
      431, 434, 437
    
      431, 432, 434
    
      431, 437, 438
    
      438, 437, 439
    
      440, 437, 439
    
      437, 440, 436
    
      436, 441, 440
    
      436, 394, 441
    
      435, 394, 436
    
      393, 394, 435
    
      395, 441, 394
    
      441, 395, 442
    
      395, 397, 442
    
      395, 396, 397
    
      442, 397, 398
    
      442, 398, 443
    
      443, 398, 444
    
      399, 444, 398
    
      444, 399, 445
    
      399, 400, 445
    
      445, 400, 446
    
      401, 446, 400
    
      446, 401, 447
    
      401, 448, 447
    
      401, 402, 448
    
      403, 448, 402
    
      448, 403, 449
    
      403, 409, 449
    
      449, 409, 450
    
      451, 409, 450
    
      409, 451, 410
    
      410, 411, 451
    
      451, 411, 452
    
      453, 452, 411
    
      452, 453, 454
    
      453, 455, 454
    
      453, 456, 455
    
      457, 456, 453
    
      457, 458, 456
    
      457, 459, 458
    
      460, 459, 457
    
      460, 461, 459
    
      462, 461, 460
    
      462, 463, 461
    
      464, 463, 462
    
      464, 465, 463
    
      466, 465, 464
    
      466, 467, 465
    
      466, 468, 467
    
      468, 466, 469
    
      466, 423, 469
    
      423, 466, 421
    
      464, 421, 466
    
      421, 464, 417
    
      464, 414, 417
    
      414, 464, 462
    
      462, 413, 414
    
      413, 462, 460
    
      460, 412, 413
    
      412, 460, 457
    
      453, 412, 457
    
      412, 453, 411
    
      424, 469, 423
    
      469, 424, 425
    
      426, 469, 425
    
      469, 426, 427
    
      469, 427, 468
    
      468, 427, 470
    
      470, 427, 471
    
      471, 427, 429
    
      471, 429, 472
    
      472, 429, 430
    
      472, 430, 473
    
      473, 430, 474
    
      431, 474, 430
    
      474, 431, 438
    
      438, 475, 474
    
      475, 438, 476
    
      438, 439, 476
    
      476, 439, 477
    
      478, 439, 477
    
      439, 478, 440
    
      440, 479, 478
    
      440, 441, 479
    
      442, 479, 441
    
      479, 442, 443
    
      443, 480, 479
    
      480, 443, 481
    
      443, 444, 481
    
      481, 444, 482
    
      445, 482, 444
    
      482, 445, 483
    
      445, 446, 483
    
      483, 446, 484
    
      447, 484, 446
    
      484, 447, 485
    
      447, 448, 485
    
      485, 448, 486
    
      449, 486, 448
    
      486, 449, 487
    
      449, 450, 487
    
      487, 450, 488
    
      489, 450, 488
    
      450, 489, 451
    
      451, 452, 489
    
      489, 452, 490
    
      454, 490, 452
    
      490, 454, 491
    
      454, 492, 491
    
      454, 455, 492
    
      493, 492, 455
    
      492, 493, 494
    
      493, 495, 494
    
      493, 496, 495
    
      497, 496, 493
    
      497, 498, 496
    
      497, 499, 498
    
      500, 499, 497
    
      501, 499, 500
    
      501, 502, 499
    
      503, 502, 501
    
      503, 504, 502
    
      505, 504, 503
    
      505, 506, 504
    
      507, 506, 505
    
      507, 508, 506
    
      509, 508, 507
    
      509, 510, 508
    
      510, 509, 511
    
      509, 468, 511
    
      468, 509, 467
    
      507, 467, 509
    
      467, 507, 465
    
      507, 463, 465
    
      463, 507, 505
    
      505, 461, 463
    
      461, 505, 503
    
      503, 459, 461
    
      459, 503, 501
    
      501, 458, 459
    
      458, 501, 500
    
      500, 456, 458
    
      456, 500, 497
    
      497, 455, 456
    
      455, 497, 493
    
      468, 510, 511
    
      510, 468, 470
    
      471, 510, 470
    
      510, 471, 508
    
      472, 508, 471
    
      508, 472, 506
    
      473, 506, 472
    
      506, 473, 504
    
      473, 502, 504
    
      502, 473, 512
    
      473, 474, 512
    
      512, 474, 475
    
      512, 475, 513
    
      513, 475, 514
    
      476, 514, 475
    
      514, 476, 515
    
      476, 516, 515
    
      476, 477, 516
    
      517, 477, 516
    
      477, 517, 478
    
      478, 480, 517
    
      478, 479, 480
    
      517, 480, 518
    
      518, 480, 519
    
      481, 519, 480
    
      519, 481, 520
    
      481, 521, 520
    
      481, 482, 521
    
      483, 521, 482
    
      521, 483, 522
    
      483, 484, 522
    
      522, 484, 523
    
      485, 523, 484
    
      523, 485, 524
    
      485, 486, 524
    
      524, 486, 525
    
      487, 525, 486
    
      525, 487, 526
    
      487, 488, 526
    
      526, 488, 527
    
      527, 489, 488
    
      489, 527, 528
    
      529, 528, 527
    
      528, 529, 530
    
      531, 530, 529
    
      530, 531, 532
    
      533, 532, 531
    
      532, 533, 534
    
      535, 534, 533
    
      534, 535, 536
    
      537, 536, 535
    
      536, 537, 538
    
      537, 539, 538
    
      539, 537, 518
    
      518, 519, 537
    
      537, 519, 540
    
      520, 540, 519
    
      540, 520, 541
    
      520, 542, 541
    
      520, 521, 542
    
      522, 542, 521
    
      542, 522, 543
    
      522, 523, 543
    
      543, 523, 544
    
      544, 523, 545
    
      524, 545, 523
    
      545, 524, 546
    
      524, 525, 546
    
      546, 525, 547
    
      525, 548, 547
    
      548, 525, 526
    
      526, 529, 548
    
      526, 527, 529
    
      548, 529, 531
    
      548, 531, 549
    
      533, 549, 531
    
      533, 540, 549
    
      535, 540, 533
    
      537, 540, 535
    
      540, 550, 549
    
      550, 540, 541
    
      541, 551, 550
    
      541, 542, 551
    
      543, 551, 542
    
      551, 543, 544
    
      544, 552, 551
    
      552, 544, 553
    
      544, 554, 553
    
      544, 545, 554
    
      545, 555, 554
    
      555, 545, 546
    
      546, 547, 555
    
      555, 547, 556
    
      547, 557, 556
    
      557, 547, 548
    
      548, 558, 557
    
      548, 549, 558
    
      549, 559, 558
    
      559, 549, 550
    
      550, 552, 559
    
      550, 551, 552
    
      559, 552, 560
    
      552, 561, 560
    
      561, 552, 553
    
      553, 554, 561
    
      554, 560, 561
    
      560, 554, 555
    
      555, 556, 560
    
      559, 560, 556
    
      559, 556, 562
    
      556, 563, 562
    
      563, 556, 557
    
      557, 558, 563
    
      558, 562, 563
    
      562, 558, 559
    
      518, 516, 539
    
      516, 518, 517
    
      515, 516, 539
    
      515, 539, 564
    
      564, 539, 538
    
      564, 538, 565
    
      565, 538, 536
    
      565, 536, 534
    
      565, 534, 566
    
      566, 534, 532
    
      566, 532, 567
    
      530, 567, 532
    
      530, 490, 567
    
      528, 490, 530
    
      489, 490, 528
    
      491, 567, 490
    
      567, 491, 568
    
      491, 569, 568
    
      491, 492, 569
    
      492, 570, 569
    
      570, 492, 494
    
      494, 571, 570
    
      494, 495, 571
    
      495, 572, 571
    
      572, 495, 573
    
      495, 574, 573
    
      574, 495, 496
    
      496, 575, 574
    
      575, 496, 498
    
      498, 513, 575
    
      513, 498, 499
    
      499, 512, 513
    
      512, 499, 502
    
      513, 514, 575
    
      575, 514, 574
    
      574, 514, 576
    
      515, 576, 514
    
      576, 515, 564
    
      564, 577, 576
    
      577, 564, 565
    
      566, 577, 565
    
      577, 566, 578
    
      579, 578, 566
    
      578, 579, 580
    
      579, 581, 580
    
      581, 579, 582
    
      579, 583, 582
    
      566, 583, 579
    
      566, 567, 583
    
      568, 583, 567
    
      583, 568, 584
    
      568, 585, 584
    
      568, 569, 585
    
      569, 586, 585
    
      586, 569, 570
    
      570, 587, 586
    
      570, 571, 587
    
      571, 588, 587
    
      588, 571, 572
    
      572, 578, 588
    
      572, 577, 578
    
      573, 577, 572
    
      573, 576, 577
    
      574, 576, 573
    
      588, 578, 580
    
      588, 580, 589
    
      584, 589, 580
    
      584, 585, 589
    
      585, 590, 589
    
      590, 585, 586
    
      586, 587, 590
    
      587, 589, 590
    
      589, 587, 588
    
      584, 580, 581
    
      582, 584, 581
    
      584, 582, 583
   
    
      0.00866025872529
      0.0288364198059
      0.00749999843538
    
      0.00707105919719
      0.0238364189863
      0.00853553880006
    
      0.00866025872529
      0.0238364189863
      0.00749999843538
    
      0.00707105919719
      0.0288364198059
      0.00853553880006
    
      0.00725785875693
      0.0288364198059
      0.00684601906687
    
      0.00676321890205
      0.0288364198059
      0.00691113853827
    
      0.00626857904717
      0.0288364198059
      0.00684601906687
    
      0.00580763909966
      0.0288364198059
      0.0066550988704
    
      0.0054118395783
      0.0288364198059
      0.00635137921199
    
      0.00510811898857
      0.0288364198059
      0.00595557875931
    
      0.00499999942258
      0.0288364198059
      0.00933011900634
    
      0.00491719972342
      0.0288364198059
      0.00549463834614
    
      0.00488463975489
      0.0288364198059
      0.00524731865153
    
      0.00362685974687
      0.0288364198059
      0.0082734990865
    
      0.0025881996844
      0.0288364198059
      0.00982961896807
    
      0.0
      0.0288364198059
      0.00842995848507
    
      0.0
      0.0288364198059
      0.00999999884516
    
      -0.0025881996844
      0.0238364189863
      0.00982961896807
    
      -0.000290739990305
      0.0282747577876
      0.00841081794351
    
      -0.0025881996844
      0.0238364189863
      0.00825957860798
    
      0.0
      0.0263364184648
      0.00999999884516
    
      0.0
      0.0238364189863
      0.00999999884516
    
      0.00124999985565
      0.0263364184648
      0.00991771835834
    
      0.0025881996844
      0.0238364189863
      0.00982961896807
    
      0.00499999942258
      0.0238364189863
      0.00933011900634
    
      0.00124999985565
      0.0275864191353
      0.00991771835834
    
      0.0
      0.0275864191353
      0.00999999884516
    
      0.0
      0.0275864191353
      0.00968749821186
    
      0.0
      0.0263364184648
      0.00968749821186
    
      0.00124999985565
      0.0263364184648
      0.00968749821186
    
      0.00124999985565
      0.0275864191353
      0.00968749821186
    
      0.00362685974687
      0.0288364198059
      0.00524731865153
    
      0.00771879917011
      0.0288364198059
      0.0066550988704
    
      0.00811459962279
      0.0288364198059
      0.00635137921199
    
      0.00841831881553
      0.0288364198059
      0.00595557875931
    
      0.008609239012
      0.0288364198059
      0.00549463834614
    
      0.00867435894907
      0.0288364198059
      0.00499999849126
    
      0.00965925864875
      0.0288364198059
      0.00629409914836
    
      0.00917801912874
      0.0279770400375
      0.00687499856576
    
      0.00917801912874
      0.0268051587045
      0.00687499856576
    
      0.00917801912874
      0.0263364184648
      0.00687499856576
    
      0.00965925864875
      0.0238364189863
      0.00629409914836
    
      0.00965925864875
      0.0263364184648
      0.00629409914836
    
      0.00999999884516
      0.0263364184648
      0.00499999849126
    
      0.00999999884516
      0.0238364189863
      0.00499999895692
    
      0.00965925864875
      0.0238364189863
      0.00370589899831
    
      0.00965925864875
      0.0263364184648
      0.00370589876547
    
      0.00866025872529
      0.0238364189863
      0.0024999990128
    
      0.00917801912874
      0.0263364184648
      0.00312499864958
    
      0.00917801912874
      0.0268051587045
      0.00312499864958
    
      0.00917801912874
      0.0275082979351
      0.00312499864958
    
      0.00917801912874
      0.0279770400375
      0.00312499864958
    
      0.00866025872529
      0.0288364198059
      0.00249999877997
    
      0.00965925864875
      0.0288364198059
      0.00370589876547
    
      0.00965925864875
      0.0279770400375
      0.00370589876547
    
      0.00999999884516
      0.0288364198059
      0.00499999849126
    
      0.00999999884516
      0.0279770400375
      0.00499999849126
    
      0.00965925864875
      0.0279770400375
      0.00629409914836
    
      0.008609239012
      0.0288364198059
      0.00450535863638
    
      0.00841831881553
      0.0288364198059
      0.00404441868886
    
      0.00811459962279
      0.0288364198059
      0.00364861870185
    
      0.00771879917011
      0.0288364198059
      0.00334489881061
    
      0.00725785875693
      0.0288364198059
      0.00315397861414
    
      0.00707105919719
      0.0288364198059
      0.00146445864812
    
      0.00676321890205
      0.0288364198059
      0.00308885867707
    
      0.00626857904717
      0.0288364198059
      0.00315397861414
    
      0.00580763909966
      0.0288364198059
      0.00334489881061
    
      0.0054118395783
      0.0288364198059
      0.00364861870185
    
      0.00510811898857
      0.0288364198059
      0.00404441868886
    
      0.00499999942258
      0.0288364198059
      0.000669878732879
    
      0.00491719972342
      0.0288364198059
      0.00450535863638
    
      0.00488463975489
      0.0288364198059
      0.00475267879665
    
      0.00362685974687
      0.0288364198059
      0.00475267879665
    
      0.00362685974687
      0.0288364198059
      0.00172649882734
    
      0.0025881996844
      0.0288364198059
      0.000170378683833
    
      0.0
      0.0288364198059
      -1.19209286886e-09
    
      0.0
      0.0288364198059
      0.00157003873028
    
      -0.00057435996132
      0.0277268383652
      3.77988799301e-05
    
      -0.0025881996844
      0.0238364189863
      0.000170378974872
    
      -0.000290739990305
      0.0282747577876
      0.00158917868976
    
      -0.0025881996844
      0.0238364189863
      0.00174041895662
    
      0.0
      0.0238364189863
      -1.19209286886e-09
    
      0.0
      0.0263364184648
      -1.19209286886e-09
    
      0.0
      0.0275864191353
      -1.19209286886e-09
    
      0.00124999985565
      0.0275864191353
      8.22788424557e-05
    
      0.00124999985565
      0.0263364184648
      8.22788424557e-05
    
      0.0025881996844
      0.0238364189863
      0.000170378974872
    
      0.00499999942258
      0.0238364189863
      0.000669879023917
    
      0.00707105919719
      0.0238364189863
      0.00146445899736
    
      0.0
      0.0263364184648
      0.000312498799758
    
      0.00124999985565
      0.0263364184648
      0.000312498799758
    
      0.00124999985565
      0.0266489181668
      0.000312498799758
    
      0.00124999985565
      0.0269614197314
      0.000312498799758
    
      0.00124999985565
      0.0275864191353
      0.000312498799758
    
      0.0
      0.0275864191353
      0.000312498799758
    
      0.00965925864875
      0.0275082979351
      0.00370589876547
    
      0.00965925864875
      0.0268051587045
      0.00370589876547
    
      0.00999999884516
      0.0275082979351
      0.00499999849126
    
      0.00999999884516
      0.0268051587045
      0.00499999849126
    
      0.00965925864875
      0.0268051587045
      0.00629409914836
    
      0.00965925864875
      0.0275082979351
      0.00629409914836
    
      0.00917801912874
      0.0275082979351
      0.00687499856576
    
      -0.00636823941022
      0.0250864196569
      0.00715849874541
    
      -0.00762527948245
      0.0238364189863
      0.00633937865496
    
      -0.00636823941022
      0.0238364189863
      0.00715849874541
    
      -0.00762527948245
      0.0250864196569
      0.00633937865496
    
      -0.0065474989824
      0.0250864196569
      0.00750973867252
    
      -0.00788927916437
      0.0250864196569
      0.00663541909307
    
      -0.00825889967382
      0.0250864196569
      0.00557453837246
    
      -0.00861607957631
      0.0250864196569
      0.00575807876885
    
      -0.00841017905623
      0.0250864196569
      0.00499999849126
    
      -0.00825889967382
      0.0250864196569
      0.00442545861006
    
      -0.00861607957631
      0.0250864196569
      0.00424191867933
    
      -0.00881569925696
      0.0250864196569
      0.00499999849126
    
      -0.00881569925696
      0.0257114190608
      0.00499999849126
    
      -0.00861607957631
      0.0257114190608
      0.00575807876885
    
      -0.00788927916437
      0.0257114190608
      0.00663541909307
    
      -0.0065474989824
      0.0257114190608
      0.00750973867252
    
      -0.00636823941022
      0.0257114190608
      0.00757851824164
    
      -0.00636823941022
      0.0250864196569
      0.00757851824164
    
      -0.00636823941022
      0.0257114190608
      0.00715849874541
    
      -0.004565899726
      0.0257114190608
      0.00784997828305
    
      -0.004565899726
      0.0238364189863
      0.00784997921437
    
      -0.0025881996844
      0.0257114190608
      0.00825957860798
    
      -0.0025881996844
      0.0238364189863
      0.00825957860798
    
      -0.0025881996844
      0.0238364189863
      0.00174041895662
    
      -0.0025881996844
      0.0257114190608
      0.00174041860737
    
      -0.0025881996844
      0.0263364184648
      0.00110215868335
    
      -0.0025881996844
      0.0263364184648
      0.00889783818275
    
      -0.0025881996844
      0.0257114190608
      0.00889783818275
    
      -0.00271493964829
      0.0257114190608
      0.00887159910053
    
      -0.00474237976596
      0.0257114190608
      0.00845169927925
    
      -0.00474237976596
      0.0263364184648
      0.00845169927925
    
      -0.00271493964829
      0.0263364184648
      0.00887159910053
    
      -0.00271493964829
      0.0263364184648
      0.00112839869689
    
      -0.00474237976596
      0.0263364184648
      0.00154829886742
    
      -0.00665395893157
      0.0263364184648
      0.00228169886395
    
      -0.00665395893157
      0.0263364184648
      0.00771829811856
    
      -0.00804601982236
      0.0263364184648
      0.00318879890256
    
      -0.00804601982236
      0.0263364184648
      0.00681119831279
    
      -0.00882817897946
      0.0263364184648
      0.00413293903694
    
      -0.00882817897946
      0.0263364184648
      0.00586705841124
    
      -0.00905647873878
      0.0263364184648
      0.00499999849126
    
      -0.00905647873878
      0.0257114190608
      0.00499999849126
    
      -0.00882817897946
      0.0257114190608
      0.00413293903694
    
      -0.00804601982236
      0.0257114190608
      0.00318879890256
    
      -0.00665395893157
      0.0257114190608
      0.00228169886395
    
      -0.00636823941022
      0.0257114190608
      0.00217207870446
    
      -0.00474237976596
      0.0257114190608
      0.00154829886742
    
      -0.00271493964829
      0.0257114190608
      0.00112839869689
    
      -0.0025881996844
      0.0257114190608
      0.00110215868335
    
      -0.004565899726
      0.0257114190608
      0.00215001869947
    
      -0.00636823941022
      0.0257114190608
      0.00284149870276
    
      -0.00636823941022
      0.0257114190608
      0.0024214789737
    
      -0.0065474989824
      0.0257114190608
      0.00249025877565
    
      -0.00788927916437
      0.0257114190608
      0.00336457882077
    
      -0.00861607957631
      0.0257114190608
      0.00424191867933
    
      -0.00788927916437
      0.0250864196569
      0.0033645790536
    
      -0.0065474989824
      0.0250864196569
      0.00249025877565
    
      -0.00636823941022
      0.0250864196569
      0.0024214789737
    
      -0.00636823941022
      0.0250864196569
      0.00284149870276
    
      -0.004565899726
      0.0238364189863
      0.00215001916513
    
      -0.00636823941022
      0.0238364189863
      0.00284149870276
    
      -0.00762527948245
      0.0250864196569
      0.00366061879322
    
      -0.00762527948245
      0.0238364189863
      0.00366061879322
    
      -0.00825889967382
      0.0238364189863
      0.00442545861006
    
      -0.00841017905623
      0.0238364189863
      0.00499999895692
    
      -0.00825889967382
      0.0238364189863
      0.00557453837246
    
      -0.00882817897946
      0.0257114190608
      0.00586705841124
    
      -0.00804601982236
      0.0257114190608
      0.00681119831279
    
      -0.00665395893157
      0.0257114190608
      0.00771829811856
    
      -0.00636823941022
      0.0257114190608
      0.00782791804522
    
      -0.00818349979818
      -0.031163578853
      0.00303462147713
    
      -0.00843747891486
      -0.031163578853
      0.00500000128523
    
      -0.00901419948786
      -0.031163578853
      0.00403736112639
    
      -0.00828293897212
      -0.031163578853
      0.00441310135648
    
      -0.00764305936173
      -0.031163578853
      0.0036406815052
    
      -0.00674731936306
      -0.031163578853
      0.00209878152236
    
      -0.00707105919719
      -0.031163578853
      0.00146446132567
    
      -0.00866025872529
      -0.031163578853
      0.00250000110827
    
      -0.00926765892655
      -0.031163578853
      0.00500000128523
    
      -0.00965925864875
      -0.031163578853
      0.00370590132661
    
      -0.00866025872529
      -0.031163578853
      0.00750000122935
    
      -0.00965925864875
      -0.031163578853
      0.00629410147667
    
      -0.00999999884516
      -0.031163578853
      0.00500000128523
    
      -0.00999999884516
      0.0238364189863
      0.00499999895692
    
      -0.00965925864875
      0.0238364189863
      0.00629409914836
    
      -0.00866025872529
      0.0238364189863
      0.00749999843538
    
      -0.00707105919719
      0.0238364189863
      0.00853553880006
    
      -0.00707105919719
      -0.031163578853
      0.00853554066271
    
      -0.00818349979818
      -0.031163578853
      0.00696538155898
    
      -0.00901419948786
      -0.031163578853
      0.0059626409784
    
      -0.00828293897212
      -0.031163578853
      0.00558690121397
    
      -0.00828293897212
      -0.0305385794491
      0.00558690121397
    
      -0.00843747891486
      -0.0305385794491
      0.00500000128523
    
      -0.00828293897212
      -0.0305385794491
      0.00441310135648
    
      -0.00764305936173
      -0.0305385794491
      0.0036406815052
    
      -0.00638029910624
      -0.0305385794491
      0.00281786127016
    
      -0.00638029910624
      -0.031163578853
      0.00281786127016
    
      -0.0048000398092
      -0.031163578853
      0.0013516813051
    
      -0.00499999942258
      -0.031163578853
      0.000669881410431
    
      -0.00707105919719
      0.0238364189863
      0.00146445899736
    
      -0.00499999942258
      0.0238364189863
      0.000669879023917
    
      -0.00636823941022
      0.0238364189863
      0.00284149870276
    
      -0.00762527948245
      0.0238364189863
      0.00366061879322
    
      -0.00825889967382
      0.0238364189863
      0.00442545861006
    
      -0.00866025872529
      0.0238364189863
      0.0024999990128
    
      -0.00841017905623
      0.0238364189863
      0.00499999895692
    
      -0.00965925864875
      0.0238364189863
      0.00370589899831
    
      -0.00825889967382
      0.0238364189863
      0.00557453837246
    
      -0.00762527948245
      0.0238364189863
      0.00633937865496
    
      -0.00636823941022
      0.0238364189863
      0.00715849874541
    
      -0.00499999942258
      0.0238364189863
      0.00933011900634
    
      -0.00499999942258
      -0.031163578853
      0.00933012086898
    
      -0.00674731936306
      -0.031163578853
      0.00790122151375
    
      -0.00764305936173
      -0.031163578853
      0.00635932153091
    
      -0.00764305936173
      -0.0305385794491
      0.00635932153091
    
      -0.00638029910624
      -0.0305385794491
      0.00718214130029
    
      -0.00457335961983
      -0.0305385794491
      0.00212460127659
    
      -0.00457335961983
      -0.031163578853
      0.00212460150942
    
      -0.00249265972525
      -0.031163578853
      0.000873821380083
    
      -0.0025881996844
      -0.031163578853
      0.000170381361386
    
      -0.0025881996844
      0.0238364189863
      0.000170378974872
    
      -0.004565899726
      0.0238364189863
      0.00215001916513
    
      -0.004565899726
      0.0238364189863
      0.00784997921437
    
      -0.0025881996844
      0.0238364189863
      0.00982961896807
    
      -0.0025881996844
      -0.031163578853
      0.00982962083071
    
      -0.0048000398092
      -0.031163578853
      0.00864832103252
    
      -0.00638029910624
      -0.031163578853
      0.00718214130029
    
      -0.00457335961983
      -0.031163578853
      0.00787540152669
    
      -0.00457335961983
      -0.0305385794491
      0.00787540059537
    
      -0.00238437973894
      -0.0305385794491
      0.00832876097411
    
      -0.00238437973894
      -0.0305385794491
      0.00167124113068
    
      -0.00238437973894
      -0.031163578853
      0.00167124147993
    
      0.0
      -0.031163578853
      0.000709721411113
    
      0.0
      -0.031163578853
      1.49011603057e-09
    
      0.0
      0.0238364189863
      -1.19209286886e-09
    
      0.0025881996844
      -0.031163578853
      0.000170381361386
    
      0.0025881996844
      0.0238364189863
      0.000170378974872
    
      0.00499999942258
      -0.031163578853
      0.000669881410431
    
      0.00499999942258
      0.0238364189863
      0.000669879023917
    
      0.00707105919719
      -0.031163578853
      0.00146446132567
    
      0.00707105919719
      0.0238364189863
      0.00146445899736
    
      0.00866025872529
      -0.031163578853
      0.00250000110827
    
      0.00866025872529
      0.0238364189863
      0.0024999990128
    
      0.00965925864875
      -0.031163578853
      0.00370590132661
    
      0.00965925864875
      0.0238364189863
      0.00370589899831
    
      0.00999999884516
      0.0238364189863
      0.00499999895692
    
      0.00999999884516
      -0.031163578853
      0.00500000128523
    
      0.00965925864875
      0.0238364189863
      0.00629409914836
    
      0.00965925864875
      -0.031163578853
      0.00629410147667
    
      0.00866025872529
      0.0238364189863
      0.00749999843538
    
      0.00866025872529
      -0.031163578853
      0.00750000122935
    
      0.00707105919719
      -0.031163578853
      0.00853554066271
    
      0.00707105919719
      0.0238364189863
      0.00853553880006
    
      0.00499999942258
      -0.031163578853
      0.00933012086898
    
      0.00499999942258
      0.0238364189863
      0.00933011900634
    
      0.0025881996844
      -0.031163578853
      0.00982962083071
    
      0.0025881996844
      0.0238364189863
      0.00982961896807
    
      0.0
      -0.031163578853
      0.0100000007078
    
      0.0
      0.0238364189863
      0.00999999884516
    
      -0.00249265972525
      -0.031163578853
      0.00912618171424
    
      -0.00238437973894
      -0.031163578853
      0.00832876097411
    
      0.0
      -0.031163578853
      0.00848572142422
    
      0.0
      -0.0305385794491
      0.00848572142422
    
      -0.0015093596885
      -0.0305385794491
      0.00587142119184
    
      -0.00168345985003
      -0.0305385794491
      0.00545108132064
    
      -0.00174285972025
      -0.0305385794491
      0.00500000128523
    
      -0.00168345985003
      -0.0305385794491
      0.00454892124981
    
      -0.0015093596885
      -0.0305385794491
      0.00412858137861
    
      0.0
      -0.0305385794491
      0.00151428126264
    
      0.0
      -0.031163578853
      0.00151428161189
    
      0.00249265972525
      -0.031163578853
      0.000873821380083
    
      0.0048000398092
      -0.031163578853
      0.0013516813051
    
      0.00674731936306
      -0.031163578853
      0.00209878152236
    
      0.00818349979818
      -0.031163578853
      0.00303462147713
    
      0.00901419948786
      -0.031163578853
      0.00403736112639
    
      0.00926765892655
      -0.031163578853
      0.00500000128523
    
      0.00901419948786
      -0.031163578853
      0.0059626409784
    
      0.00818349979818
      -0.031163578853
      0.00696538155898
    
      0.00674731936306
      -0.031163578853
      0.00790122151375
    
      0.0048000398092
      -0.031163578853
      0.00864832103252
    
      0.00249265972525
      -0.031163578853
      0.00912618171424
    
      0.0
      -0.031163578853
      0.00929028168321
    
      0.00238437973894
      -0.031163578853
      0.00832876097411
    
      0.00238437973894
      -0.0305385794491
      0.00832876097411
    
      0.000451079977211
      -0.0305385794491
      0.00668346136808
    
      0.0
      -0.0305385794491
      0.00674286112189
    
      -0.000451079977211
      -0.0305385794491
      0.00668346136808
    
      -0.000871419906616
      -0.0305385794491
      0.00650936132297
    
      -0.00123237981461
      -0.0305385794491
      0.00623238133267
    
      -0.00123237981461
      -0.0299135800451
      0.00623238133267
    
      -0.0015093596885
      -0.0299135800451
      0.00587142119184
    
      -0.00168345985003
      -0.0299135800451
      0.00545108132064
    
      -0.00174285972025
      -0.0299135800451
      0.00500000128523
    
      -0.00168345985003
      -0.0299135800451
      0.00454892124981
    
      -0.0015093596885
      -0.0299135800451
      0.00412858137861
    
      -0.00123237981461
      -0.0305385794491
      0.00376762147062
    
      -0.00123237981461
      -0.0299135800451
      0.00376762147062
    
      -0.000871419906616
      -0.0299135800451
      0.00349064124748
    
      -0.000871419906616
      -0.0305385794491
      0.00349064124748
    
      -0.000451079977211
      -0.0305385794491
      0.00331654120237
    
      0.0
      -0.0305385794491
      0.00325714144856
    
      0.000451079977211
      -0.0305385794491
      0.00331654120237
    
      0.00238437973894
      -0.0305385794491
      0.00167124113068
    
      0.00238437973894
      -0.031163578853
      0.00167124147993
    
      0.00457335961983
      -0.031163578853
      0.00212460150942
    
      0.00638029910624
      -0.031163578853
      0.00281786127016
    
      0.00764305936173
      -0.031163578853
      0.0036406815052
    
      0.00828293897212
      -0.031163578853
      0.00441310135648
    
      0.00843747891486
      -0.031163578853
      0.00500000128523
    
      0.00828293897212
      -0.031163578853
      0.00558690121397
    
      0.00764305936173
      -0.031163578853
      0.00635932153091
    
      0.00638029910624
      -0.031163578853
      0.00718214130029
    
      0.00457335961983
      -0.031163578853
      0.00787540152669
    
      0.00457335961983
      -0.0305385794491
      0.00787540059537
    
      0.00174285972025
      -0.0305385794491
      0.00500000128523
    
      0.00168345985003
      -0.0305385794491
      0.00454892124981
    
      0.0015093596885
      -0.0305385794491
      0.00412858137861
    
      0.00123237981461
      -0.0305385794491
      0.00376762147062
    
      0.000871419906616
      -0.0305385794491
      0.00349064124748
    
      0.000871419906616
      -0.0299135800451
      0.00349064124748
    
      0.000451079977211
      -0.0299135800451
      0.00331654120237
    
      0.000451079977211
      -0.0299135800451
      0.00668346136808
    
      0.0
      -0.0299135800451
      0.00674286112189
    
      0.0
      -0.0299135800451
      0.00325714144856
    
      -0.000451079977211
      -0.0299135800451
      0.00668346136808
    
      -0.000451079977211
      -0.0299135800451
      0.00331654120237
    
      -0.000871419906616
      -0.0299135800451
      0.00650936132297
    
      0.000871419906616
      -0.0305385794491
      0.00650936132297
    
      0.000871419906616
      -0.0299135800451
      0.00650936132297
    
      0.00123237981461
      -0.0299135800451
      0.00376762147062
    
      0.0015093596885
      -0.0299135800451
      0.00412858137861
    
      0.00168345985003
      -0.0299135800451
      0.00454892124981
    
      0.00174285972025
      -0.0299135800451
      0.00500000128523
    
      0.00168345985003
      -0.0305385794491
      0.00545108132064
    
      0.00168345985003
      -0.0299135800451
      0.00545108132064
    
      0.0015093596885
      -0.0305385794491
      0.00587142119184
    
      0.0015093596885
      -0.0299135800451
      0.00587142119184
    
      0.00123237981461
      -0.0305385794491
      0.00623238133267
    
      0.00123237981461
      -0.0299135800451
      0.00623238133267
    
      0.00457335961983
      -0.0305385794491
      0.00212460127659
    
      0.00638029910624
      -0.0305385794491
      0.00281786127016
    
      0.00764305936173
      -0.0305385794491
      0.0036406815052
    
      0.00828293897212
      -0.0305385794491
      0.00441310135648
    
      0.00843747891486
      -0.0305385794491
      0.00500000128523
    
      0.00828293897212
      -0.0305385794491
      0.00558690121397
    
      0.00764305936173
      -0.0305385794491
      0.00635932153091
    
      0.00638029910624
      -0.0305385794491
      0.00718214130029
    
      -0.0025881996844
      0.0238364189863
      0.00825957860798
    
      -0.0025881996844
      0.0238364189863
      0.00174041895662
    
      -0.000244739989284
      0.0253598615527
      0.00624999869615
    
      0.00128341990057
      0.0253598615527
      0.00624999869615
    
      0.000519339926541
      0.0252592582256
      0.00624999869615
    
      -0.000956739939284
      0.0256547797471
      0.00624999869615
    
      -0.000244739989284
      0.0253598615527
      0.00812499877065
    
      -0.000956739939284
      0.0256547797471
      0.00812499877065
    
      0.000519339926541
      0.0254927799106
      0.00812499877065
    
      -0.000184299977263
      0.0255854204297
      0.00812499877065
    
      -0.000184299977263
      0.0255854204297
      0.00749999843538
    
      0.000519339926541
      0.0254927799106
      0.00749999843538
    
      0.00122297997586
      0.0255854204297
      0.00812499877065
    
      0.00122297997586
      0.0255854204297
      0.00749999843538
    
      0.00187865982298
      0.0258570220321
      0.00812499877065
    
      0.00187865982298
      0.0258570220321
      0.00749999843538
    
      0.00244169984944
      0.0262890588492
      0.00812499877065
    
      0.00244169984944
      0.0262890588492
      0.00749999843538
    
      0.00287373946048
      0.0268520992249
      0.00749999843538
    
      0.00287373946048
      0.0268520992249
      0.00812499877065
    
      0.00307597965002
      0.0267353411764
      0.00812499877065
    
      0.00260681961663
      0.0261239409447
      0.00812499877065
    
      0.00199541985057
      0.0256547797471
      0.00812499877065
    
      0.00128341990057
      0.0253598615527
      0.00812499877065
    
      0.000519339926541
      0.0252592582256
      0.00812499877065
    
      0.00199541985057
      0.0256547797471
      0.00624999869615
    
      -0.00156813976355
      0.0261239409447
      0.00624999869615
    
      -0.00156813976355
      0.0261239409447
      0.00812499877065
    
      -0.000839979911689
      0.0258570220321
      0.00812499877065
    
      -0.000839979911689
      0.0258570220321
      0.00749999843538
    
      -0.00140301987994
      0.0262890588492
      0.00749999843538
    
      -0.00183505972382
      0.0268520992249
      0.00749999843538
    
      0.00314533966593
      0.0275077782571
      0.00749999843538
    
      0.00314533966593
      0.0275077782571
      0.00812499877065
    
      0.00337089947425
      0.0274473391473
      0.00812499877065
    
      0.00307597965002
      0.0267353411764
      0.00624999869615
    
      0.00337089947425
      0.0274473391473
      0.00624999869615
    
      0.00253003975376
      0.0270505398512
      0.00624999869615
    
      0.00216105976142
      0.0265696775168
      0.00624999869615
    
      0.00168021989521
      0.0262007210404
      0.00624999869615
    
      0.00260681961663
      0.0261239409447
      0.00624999869615
    
      0.00112025986891
      0.0259687770158
      0.00624999869615
    
      0.000519339926541
      0.0258896611631
      0.00624999869615
    
      -8.15799940028e-05
      0.0259687770158
      0.00624999869615
    
      -0.000641539925709
      0.0262007210404
      0.00624999869615
    
      -0.00203729979694
      0.0267353411764
      0.00624999869615
    
      -0.00203729979694
      0.0267353411764
      0.00812499877065
    
      -0.00140301987994
      0.0262890588492
      0.00812499877065
    
      -0.00183505972382
      0.0268520992249
      0.00812499877065
    
      -0.00210665981285
      0.0275077782571
      0.00812499877065
    
      -0.00210665981285
      0.0275077782571
      0.00749999843538
    
      0.00323797971942
      0.0282114185393
      0.00749999843538
    
      0.00323797971942
      0.0282114185393
      0.00812499877065
    
      0.00347147975117
      0.0282114185393
      0.00812499877065
    
      0.00347147975117
      0.0282114185393
      0.00624999869615
    
      0.00276197958738
      0.0276104994118
      0.00624999869615
    
      0.00253003975376
      0.0270505398512
      0.00374999875203
    
      0.00276197958738
      0.0276104994118
      0.00374999875203
    
      0.00284109963104
      0.0282114185393
      0.00374999875203
    
      0.00284109963104
      0.0282114185393
      0.00624999869615
    
      0.00276197958738
      0.0288123395294
      0.00624999869615
    
      0.00276197958738
      0.0288123395294
      0.00374999875203
    
      0.00337089947425
      0.0289754979312
      0.00374999875203
    
      0.00347147975117
      0.0282114185393
      0.00374999875203
    
      0.00337089947425
      0.0274473391473
      0.00374999875203
    
      0.00307597965002
      0.0267353411764
      0.00374999875203
    
      0.00216105976142
      0.0265696775168
      0.00374999875203
    
      0.00168021989521
      0.0262007210404
      0.00374999875203
    
      0.00260681961663
      0.0261239409447
      0.00374999875203
    
      0.00112025986891
      0.0259687770158
      0.00374999875203
    
      0.000519339926541
      0.0258896611631
      0.00374999875203
    
      -0.000956739939284
      0.0256547797471
      0.00374999875203
    
      0.00199541985057
      0.0256547797471
      0.00374999875203
    
      -0.000244739989284
      0.0253598615527
      0.00374999875203
    
      0.00128341990057
      0.0253598615527
      0.00374999875203
    
      0.000519339926541
      0.0252592582256
      0.00374999875203
    
      0.000519339926541
      0.0252592582256
      0.00187499879394
    
      -0.000244739989284
      0.0253598615527
      0.00187499879394
    
      -0.000956739939284
      0.0256547797471
      0.00187499879394
    
      -0.00156813976355
      0.0261239409447
      0.00374999875203
    
      -0.00156813976355
      0.0261239409447
      0.00187499879394
    
      -0.00203729979694
      0.0267353411764
      0.00187499879394
    
      -0.00203729979694
      0.0267353411764
      0.00374999875203
    
      -0.000641539925709
      0.0262007210404
      0.00374999875203
    
      -8.15799940028e-05
      0.0259687770158
      0.00374999875203
    
      -0.00112239993177
      0.0265696775168
      0.00374999875203
    
      -0.00112239993177
      0.0265696775168
      0.00624999869615
    
      -0.00149135990068
      0.0270505398512
      0.00624999869615
    
      -0.00149135990068
      0.0270505398512
      0.00374999875203
    
      -0.00233221962117
      0.0274473391473
      0.00374999875203
    
      -0.00172329985071
      0.0276104994118
      0.00374999875203
    
      -0.00172329985071
      0.0276104994118
      0.00624999869615
    
      -0.00233221962117
      0.0274473391473
      0.00624999869615
    
      -0.00233221962117
      0.0274473391473
      0.00812499877065
    
      -0.00243281992152
      0.0282114185393
      0.00812499877065
    
      -0.0021992996335
      0.0282114185393
      0.00812499877065
    
      -0.0021992996335
      0.0282114185393
      0.00749999843538
    
      0.00314533966593
      0.0289150588214
      0.00749999843538
    
      0.00314533966593
      0.0289150588214
      0.00812499877065
    
      0.00337089947425
      0.0289754979312
      0.00812499877065
    
      0.00337089947425
      0.0289754979312
      0.00624999869615
    
      0.00253003975376
      0.0293722972274
      0.00624999869615
    
      0.00253003975376
      0.0293722972274
      0.00374999875203
    
      0.00307597965002
      0.0296874977648
      0.00374999875203
    
      0.00337089947425
      0.0289754979312
      0.00187499879394
    
      0.00307597965002
      0.0296874977648
      0.00187499879394
    
      0.00287373946048
      0.0295707378536
      0.00187499879394
    
      0.00314533966593
      0.0289150588214
      0.00187499879394
    
      0.00347147975117
      0.0282114185393
      0.00187499879394
    
      0.00323797971942
      0.0282114185393
      0.00187499879394
    
      0.00314533966593
      0.0275077782571
      0.00187499879394
    
      0.00337089947425
      0.0274473391473
      0.00187499879394
    
      0.00287373946048
      0.0268520992249
      0.00187499879394
    
      0.00307597965002
      0.0267353411764
      0.00187499879394
    
      0.00244169984944
      0.0262890588492
      0.00187499879394
    
      0.00260681961663
      0.0261239409447
      0.00187499879394
    
      0.00187865982298
      0.0258570220321
      0.00187499879394
    
      0.00199541985057
      0.0256547797471
      0.00187499879394
    
      0.00122297997586
      0.0255854204297
      0.00187499879394
    
      0.000519339926541
      0.0254927799106
      0.00187499879394
    
      0.00128341990057
      0.0253598615527
      0.00187499879394
    
      -0.000184299977263
      0.0255854204297
      0.00187499879394
    
      -0.000839979911689
      0.0258570220321
      0.00187499879394
    
      -0.00140301987994
      0.0262890588492
      0.00187499879394
    
      -0.00183505972382
      0.0268520992249
      0.00187499879394
    
      -0.00233221962117
      0.0274473391473
      0.00187499879394
    
      -0.00243281992152
      0.0282114185393
      0.00187499879394
    
      -0.00243281992152
      0.0282114185393
      0.00374999875203
    
      -0.00180241977796
      0.0282114185393
      0.00374999875203
    
      -0.00180241977796
      0.0282114185393
      0.00624999869615
    
      -0.00243281992152
      0.0282114185393
      0.00624999869615
    
      -0.00233221962117
      0.0289754979312
      0.00624999869615
    
      -0.00233221962117
      0.0289754979312
      0.00812499877065
    
      -0.00210665981285
      0.0289150588214
      0.00812499877065
    
      -0.00210665981285
      0.0289150588214
      0.00749999843538
    
      0.00287373946048
      0.0295707378536
      0.00749999843538
    
      0.00287373946048
      0.0295707378536
      0.00812499877065
    
      0.00307597965002
      0.0296874977648
      0.00812499877065
    
      0.00307597965002
      0.0296874977648
      0.00624999869615
    
      0.00216105976142
      0.0298531595618
      0.00624999869615
    
      0.00216105976142
      0.0298531595618
      0.00374999875203
    
      0.00260681961663
      0.0302988979965
      0.00374999875203
    
      0.00260681961663
      0.0302988979965
      0.00187499879394
    
      0.00244169984944
      0.0301337782294
      0.00187499879394
    
      0.00287373946048
      0.0295707378536
      0.00249999877997
    
      0.00244169984944
      0.0301337782294
      0.00249999877997
    
      -0.00140301987994
      0.0301337782294
      0.00249999877997
    
      -0.00183505972382
      0.0295707378536
      0.00249999877997
    
      0.00314533966593
      0.0289150588214
      0.00249999877997
    
      -0.00210665981285
      0.0289150588214
      0.00249999877997
    
      -0.0021992996335
      0.0282114185393
      0.00249999877997
    
      0.00323797971942
      0.0282114185393
      0.00249999877997
    
      0.00314533966593
      0.0275077782571
      0.00249999877997
    
      -0.00210665981285
      0.0275077782571
      0.00249999877997
    
      0.00287373946048
      0.0268520992249
      0.00249999877997
    
      -0.00183505972382
      0.0268520992249
      0.00249999877997
    
      0.00244169984944
      0.0262890588492
      0.00249999877997
    
      -0.00140301987994
      0.0262890588492
      0.00249999877997
    
      0.00187865982298
      0.0258570220321
      0.00249999877997
    
      -0.000839979911689
      0.0258570220321
      0.00249999877997
    
      0.00122297997586
      0.0255854204297
      0.00249999877997
    
      -0.000184299977263
      0.0255854204297
      0.00249999877997
    
      0.000519339926541
      0.0254927799106
      0.00249999877997
    
      -0.00210665981285
      0.0275077782571
      0.00187499879394
    
      -0.0021992996335
      0.0282114185393
      0.00187499879394
    
      -0.00233221962117
      0.0289754979312
      0.00187499879394
    
      -0.00233221962117
      0.0289754979312
      0.00374999875203
    
      -0.00172329985071
      0.0288123395294
      0.00374999875203
    
      -0.00172329985071
      0.0288123395294
      0.00624999869615
    
      -0.00149135990068
      0.0293722972274
      0.00624999869615
    
      -0.00203729979694
      0.0296874977648
      0.00624999869615
    
      -0.00203729979694
      0.0296874977648
      0.00812499877065
    
      -0.00183505972382
      0.0295707378536
      0.00812499877065
    
      -0.00183505972382
      0.0295707378536
      0.00749999843538
    
      0.00244169984944
      0.0301337782294
      0.00749999843538
    
      0.00244169984944
      0.0301337782294
      0.00812499877065
    
      0.00260681961663
      0.0302988979965
      0.00812499877065
    
      0.00260681961663
      0.0302988979965
      0.00624999869615
    
      0.00168021989521
      0.0302221179008
      0.00624999869615
    
      0.00168021989521
      0.0302221179008
      0.00374999875203
    
      0.00112025986891
      0.0304540600628
      0.00624999869615
    
      0.00112025986891
      0.0304540600628
      0.00374999875203
    
      0.000519339926541
      0.0305331777781
      0.00624999869615
    
      0.000519339926541
      0.0305331777781
      0.00374999875203
    
      -8.15799940028e-05
      0.0304540600628
      0.00624999869615
    
      -8.15799940028e-05
      0.0304540600628
      0.00374999875203
    
      -0.000641539925709
      0.0302221179008
      0.00624999869615
    
      -0.000641539925709
      0.0302221179008
      0.00374999875203
    
      -0.00112239993177
      0.0298531595618
      0.00624999869615
    
      -0.00112239993177
      0.0298531595618
      0.00374999875203
    
      -0.00149135990068
      0.0293722972274
      0.00374999875203
    
      -0.00156813976355
      0.0302988979965
      0.00624999869615
    
      -0.00156813976355
      0.0302988979965
      0.00812499877065
    
      -0.00140301987994
      0.0301337782294
      0.00812499877065
    
      -0.00140301987994
      0.0301337782294
      0.00749999843538
    
      -0.000839979911689
      0.0305658169091
      0.00749999843538
    
      0.00187865982298
      0.0305658169091
      0.00749999843538
    
      0.00187865982298
      0.0305658169091
      0.00812499877065
    
      0.00199541985057
      0.0307680573314
      0.00812499877065
    
      0.00199541985057
      0.0307680573314
      0.00624999869615
    
      -0.000956739939284
      0.0307680573314
      0.00624999869615
    
      -0.000956739939284
      0.0307680573314
      0.00812499877065
    
      -0.000839979911689
      0.0305658169091
      0.00812499877065
    
      -0.000184299977263
      0.0308374185115
      0.00812499877065
    
      -0.000184299977263
      0.0308374185115
      0.00749999843538
    
      0.00122297997586
      0.0308374185115
      0.00749999843538
    
      0.00122297997586
      0.0308374185115
      0.00812499877065
    
      0.00128341990057
      0.0310629773885
      0.00812499877065
    
      0.00128341990057
      0.0310629773885
      0.00624999869615
    
      -0.000244739989284
      0.0310629773885
      0.00624999869615
    
      -0.000244739989284
      0.0310629773885
      0.00812499877065
    
      0.000519339926541
      0.0309300590307
      0.00812499877065
    
      0.000519339926541
      0.0309300590307
      0.00749999843538
    
      0.000519339926541
      0.031163578853
      0.00812499877065
    
      0.000519339926541
      0.031163578853
      0.00624999869615
    
      -0.00203729979694
      0.0296874977648
      0.00374999875203
    
      -0.00156813976355
      0.0302988979965
      0.00374999875203
    
      -0.000956739939284
      0.0307680573314
      0.00374999875203
    
      0.00199541985057
      0.0307680573314
      0.00374999875203
    
      0.00199541985057
      0.0307680573314
      0.00187499844469
    
      0.00187865982298
      0.0305658169091
      0.00187499879394
    
      0.00187865982298
      0.0305658169091
      0.00249999877997
    
      -0.000839979911689
      0.0305658169091
      0.00249999877997
    
      -0.000839979911689
      0.0305658169091
      0.00187499879394
    
      -0.00140301987994
      0.0301337782294
      0.00187499879394
    
      -0.00183505972382
      0.0295707378536
      0.00187499879394
    
      -0.00210665981285
      0.0289150588214
      0.00187499879394
    
      -0.00203729979694
      0.0296874977648
      0.00187499879394
    
      -0.00156813976355
      0.0302988979965
      0.00187499879394
    
      -0.000956739939284
      0.0307680573314
      0.00187499844469
    
      -0.000244739989284
      0.0310629773885
      0.00374999875203
    
      -0.000244739989284
      0.0310629773885
      0.00187499844469
    
      0.000519339926541
      0.031163578853
      0.00187499844469
    
      0.000519339926541
      0.031163578853
      0.00374999875203
    
      0.00128341990057
      0.0310629773885
      0.00374999875203
    
      0.00128341990057
      0.0310629773885
      0.00187499844469
    
      0.00122297997586
      0.0308374185115
      0.00187499844469
    
      0.00122297997586
      0.0308374185115
      0.00249999854714
    
      -0.000184299977263
      0.0308374185115
      0.00249999854714
    
      -0.000184299977263
      0.0308374185115
      0.00187499844469
    
      0.000519339926541
      0.0309300590307
      0.00187499844469
    
      0.000519339926541
      0.0309300590307
      0.00249999854714
