
  
 
   
    
      0, 1, 2
    
      1, 0, 3
    
      1, 4, 2
    
      2, 5, 0
    
      3, 0, 6
    
      3, 7, 1
    
      4, 1, 7
    
      5, 2, 4
    
      8, 0, 5
    
      0, 8, 6
    
      3, 6, 9
    
      7, 3, 10
    
      7, 5, 4
    
      5, 10, 8
    
      11, 6, 8
    
      9, 6, 12
    
      9, 10, 3
    
      5, 7, 10
    
      8, 10, 13
    
      6, 11, 12
    
      8, 13, 11
    
      9, 12, 14
    
      10, 9, 13
    
      15, 12, 11
    
      11, 13, 16
    
      14, 12, 17
    
      14, 13, 9
    
      12, 15, 17
    
      11, 16, 15
    
      13, 14, 16
    
      14, 17, 18
    
      15, 19, 17
    
      15, 16, 20
    
      14, 20, 16
    
      18, 17, 19
    
      20, 14, 18
    
      19, 15, 21
    
      15, 20, 21
    
      18, 19, 22
    
      18, 23, 20
    
      21, 24, 19
    
      21, 20, 25
    
      22, 19, 26
    
      18, 22, 27
    
      23, 18, 27
    
      25, 20, 23
    
      24, 21, 28
    
      26, 19, 24
    
      21, 25, 29
    
      26, 25, 22
    
      30, 27, 22
    
      27, 31, 23
    
      23, 32, 25
    
      21, 29, 28
    
      28, 33, 24
    
      26, 24, 34
    
      25, 26, 29
    
      32, 22, 25
    
      27, 30, 35
    
      22, 32, 30
    
      31, 27, 35
    
      32, 23, 31
    
      28, 29, 36
    
      33, 28, 37
    
      38, 24, 33
    
      34, 24, 38
    
      34, 29, 26
    
      35, 30, 39
    
      40, 30, 32
    
      35, 41, 31
    
      32, 31, 40
    
      29, 34, 36
    
      28, 36, 42
    
      28, 42, 37
    
      37, 43, 33
    
      38, 33, 44
    
      42, 34, 38
    
      30, 40, 39
    
      35, 39, 45
    
      41, 35, 46
    
      47, 31, 41
    
      40, 31, 48
    
      34, 42, 36
    
      37, 42, 49
    
      43, 37, 50
    
      44, 33, 43
    
      49, 38, 44
    
      38, 49, 42
    
      40, 45, 39
    
      35, 45, 51
    
      35, 51, 46
    
      46, 52, 41
    
      48, 31, 47
    
      47, 41, 53
    
      45, 40, 48
    
      37, 49, 50
    
      50, 54, 43
    
      44, 43, 54
    
      44, 55, 49
    
      48, 51, 45
    
      46, 51, 56
    
      52, 46, 57
    
      53, 41, 52
    
      51, 48, 47
    
      56, 47, 53
    
      50, 49, 58
    
      54, 50, 58
    
      44, 54, 59
    
      55, 44, 59
    
      58, 49, 55
    
      47, 56, 51
    
      46, 56, 57
    
      57, 60, 52
    
      53, 52, 61
    
      53, 62, 56
    
      58, 63, 54
    
      59, 54, 63
    
      59, 64, 55
    
      58, 55, 65
    
      57, 56, 62
    
      60, 57, 66
    
      61, 52, 60
    
      62, 53, 61
    
      63, 58, 65
    
      59, 63, 67
    
      64, 59, 67
    
      65, 55, 64
    
      57, 62, 66
    
      66, 68, 60
    
      61, 60, 68
    
      61, 69, 62
    
      65, 70, 63
    
      67, 63, 70
    
      67, 71, 64
    
      65, 64, 72
    
      66, 62, 73
    
      68, 66, 73
    
      61, 68, 74
    
      69, 61, 74
    
      73, 62, 69
    
      70, 65, 72
    
      67, 70, 75
    
      71, 67, 75
    
      72, 64, 71
    
      76, 68, 73
    
      74, 68, 77
    
      74, 78, 69
    
      73, 69, 76
    
      72, 79, 70
    
      75, 70, 79
    
      75, 80, 71
    
      72, 71, 81
    
      68, 76, 77
    
      74, 77, 82
    
      78, 74, 83
    
      84, 69, 78
    
      76, 69, 85
    
      79, 72, 81
    
      75, 79, 86
    
      80, 75, 86
    
      81, 71, 80
    
      85, 77, 76
    
      77, 85, 82
    
      82, 87, 74
    
      74, 87, 83
    
      88, 78, 83
    
      84, 85, 69
    
      84, 78, 89
    
      90, 79, 81
    
      86, 79, 91
    
      86, 90, 80
    
      81, 80, 90
    
      92, 82, 85
    
      82, 93, 87
    
      83, 87, 94
    
      78, 88, 95
    
      83, 96, 88
    
      97, 85, 84
    
      89, 78, 98
    
      89, 87, 84
    
      79, 90, 91
    
      90, 86, 91
    
      82, 92, 99
    
      97, 92, 85
    
      99, 93, 82
    
      97, 87, 93
    
      87, 89, 94
    
      83, 94, 96
    
      100, 95, 88
    
      98, 78, 95
    
      88, 96, 101
    
      87, 97, 84
    
      98, 94, 89
    
      102, 99, 92
    
      97, 102, 92
    
      103, 93, 99
    
      93, 104, 97
    
      94, 98, 96
    
      95, 100, 105
    
      88, 101, 100
    
      98, 95, 106
    
      96, 106, 101
    
      99, 102, 103
    
      104, 102, 97
    
      103, 107, 93
    
      104, 93, 107
    
      106, 96, 98
    
      101, 105, 100
    
      106, 95, 105
    
      105, 101, 106
    
      102, 108, 103
    
      104, 109, 102
    
      108, 107, 103
    
      107, 110, 104
    
      108, 102, 109
    
      104, 111, 109
    
      112, 107, 108
    
      110, 107, 113
    
      110, 111, 104
    
      109, 112, 108
    
      112, 109, 111
    
      112, 113, 107
    
      113, 114, 110
    
      114, 111, 110
    
      111, 115, 112
    
      112, 116, 113
    
      114, 113, 116
    
      114, 117, 111
    
      115, 111, 117
    
      115, 116, 112
    
      116, 118, 114
    
      114, 119, 117
    
      117, 120, 115
    
      120, 116, 115
    
      118, 116, 121
    
      118, 119, 114
    
      120, 117, 119
    
      120, 121, 116
    
      121, 122, 118
    
      118, 123, 119
    
      119, 124, 120
    
      124, 121, 120
    
      122, 121, 125
    
      122, 123, 118
    
      124, 119, 123
    
      124, 125, 121
    
      125, 126, 122
    
      122, 127, 123
    
      123, 128, 124
    
      128, 125, 124
    
      126, 125, 129
    
      126, 130, 122
    
      122, 130, 127
    
      128, 123, 127
    
      131, 125, 128
    
      125, 132, 129
    
      132, 126, 129
    
      130, 126, 133
    
      131, 127, 130
    
      127, 131, 128
    
      132, 125, 131
    
      126, 132, 133
    
      132, 130, 133
    
      130, 132, 131
    
      134, 135, 136
    
      135, 134, 137
    
      135, 138, 136
    
      139, 134, 136
    
      140, 137, 134
    
      135, 137, 141
    
      138, 135, 142
    
      143, 136, 138
    
      139, 144, 134
    
      139, 136, 145
    
      137, 140, 146
    
      144, 140, 134
    
      141, 137, 147
    
      141, 142, 135
    
      142, 140, 138
    
      136, 143, 145
    
      138, 148, 143
    
      149, 144, 139
    
      139, 145, 150
    
      140, 142, 146
    
      146, 151, 137
    
      140, 144, 152
    
      147, 137, 151
    
      147, 153, 141
    
      142, 141, 153
    
      140, 148, 138
    
      154, 145, 143
    
      143, 148, 155
    
      149, 156, 144
    
      139, 157, 149
    
      150, 145, 158
    
      155, 139, 150
    
      146, 142, 153
    
      151, 146, 159
    
      156, 152, 144
    
      152, 148, 140
    
      147, 151, 160
    
      153, 147, 161
    
      145, 154, 158
    
      143, 155, 154
    
      139, 155, 148
    
      162, 156, 149
    
      157, 139, 148
    
      163, 149, 157
    
      150, 158, 164
    
      150, 165, 155
    
      146, 153, 161
    
      146, 161, 159
    
      159, 166, 151
    
      152, 156, 167
    
      152, 157, 148
    
      160, 151, 168
    
      160, 161, 147
    
      169, 158, 154
    
      154, 155, 169
    
      162, 170, 156
    
      149, 163, 162
    
      167, 163, 157
    
      158, 169, 164
    
      150, 164, 171
    
      165, 150, 171
    
      169, 155, 165
    
      159, 161, 172
    
      166, 159, 173
    
      168, 151, 166
    
      170, 167, 156
    
      167, 157, 152
    
      168, 172, 160
    
      161, 160, 172
    
      174, 170, 162
    
      175, 162, 163
    
      176, 163, 167
    
      177, 164, 169
    
      171, 164, 178
    
      171, 179, 165
    
      169, 165, 177
    
      159, 172, 180
    
      159, 180, 173
    
      173, 181, 166
    
      168, 166, 182
    
      167, 170, 176
    
      172, 168, 180
    
      170, 174, 183
    
      162, 175, 174
    
      176, 175, 163
    
      164, 177, 178
    
      171, 178, 184
    
      179, 171, 185
    
      186, 165, 179
    
      177, 165, 186
    
      173, 180, 187
    
      181, 173, 188
    
      189, 166, 181
    
      182, 166, 189
    
      187, 168, 182
    
      183, 176, 170
    
      168, 187, 180
    
      174, 190, 183
    
      190, 174, 175
    
      175, 176, 190
    
      186, 178, 177
    
      178, 186, 184
    
      171, 184, 185
    
      185, 191, 179
    
      186, 179, 192
    
      173, 187, 193
    
      173, 193, 188
    
      188, 194, 181
    
      189, 181, 195
    
      193, 182, 189
    
      182, 193, 187
    
      176, 183, 190
    
      186, 196, 184
    
      185, 184, 196
    
      191, 185, 197
    
      198, 179, 191
    
      192, 179, 198
    
      196, 186, 192
    
      188, 193, 199
    
      194, 188, 200
    
      195, 181, 194
    
      199, 189, 195
    
      189, 199, 193
    
      185, 196, 201
    
      185, 201, 197
    
      197, 202, 191
    
      198, 191, 203
    
      201, 192, 198
    
      192, 201, 196
    
      188, 199, 200
    
      200, 204, 194
    
      195, 194, 205
    
      195, 206, 199
    
      197, 201, 207
    
      202, 197, 208
    
      203, 191, 202
    
      207, 198, 203
    
      198, 207, 201
    
      200, 199, 206
    
      204, 200, 209
    
      210, 194, 204
    
      205, 194, 210
    
      206, 195, 205
    
      197, 207, 208
    
      208, 211, 202
    
      203, 202, 212
    
      203, 213, 207
    
      200, 206, 214
    
      200, 214, 209
    
      209, 215, 204
    
      210, 204, 216
    
      214, 205, 210
    
      205, 214, 206
    
      208, 207, 213
    
      211, 208, 217
    
      218, 202, 211
    
      212, 202, 218
    
      213, 203, 212
    
      209, 214, 219
    
      215, 209, 220
    
      221, 204, 215
    
      216, 204, 221
    
      219, 210, 216
    
      210, 219, 214
    
      208, 213, 222
    
      208, 222, 217
    
      217, 223, 211
    
      218, 211, 224
    
      222, 212, 218
    
      212, 222, 213
    
      209, 219, 225
    
      209, 225, 220
    
      220, 226, 215
    
      221, 215, 227
    
      221, 219, 216
    
      217, 222, 228
    
      223, 217, 229
    
      230, 211, 223
    
      224, 211, 230
    
      228, 218, 224
    
      218, 228, 222
    
      219, 221, 225
    
      220, 225, 231
    
      226, 220, 232
    
      233, 215, 226
    
      227, 215, 233
    
      227, 225, 221
    
      217, 228, 234
    
      217, 234, 229
    
      229, 235, 223
    
      230, 223, 236
    
      230, 228, 224
    
      225, 227, 231
    
      220, 231, 237
    
      220, 237, 232
    
      238, 226, 232
    
      233, 226, 239
    
      233, 231, 227
    
      228, 230, 234
    
      229, 234, 240
    
      235, 229, 241
    
      236, 223, 235
    
      236, 234, 230
    
      231, 233, 237
    
      232, 237, 242
    
      226, 238, 243
    
      232, 244, 238
    
      239, 226, 245
    
      239, 237, 233
    
      234, 236, 240
    
      229, 240, 241
    
      246, 235, 241
    
      236, 235, 247
    
      237, 239, 242
    
      232, 242, 248
    
      249, 243, 238
    
      241, 226, 243
    
      232, 235, 244
    
      238, 244, 249
    
      241, 245, 226
    
      245, 242, 239
    
      247, 240, 236
    
      241, 240, 250
    
      235, 246, 244
    
      241, 243, 246
    
      247, 235, 251
    
      242, 245, 248
    
      232, 248, 235
    
      243, 249, 252
    
      249, 244, 253
    
      241, 254, 245
    
      240, 247, 250
    
      241, 250, 254
    
      255, 244, 246
    
      246, 243, 252
    
      251, 235, 248
    
      251, 250, 247
    
      254, 248, 245
    
      256, 252, 249
    
      244, 255, 253
    
      249, 253, 256
    
      250, 251, 254
    
      246, 252, 255
    
      248, 254, 251
    
      252, 256, 257
    
      258, 253, 255
    
      256, 253, 259
    
      255, 252, 257
    
      260, 257, 256
    
      253, 258, 259
    
      255, 257, 258
    
      256, 259, 260
    
      257, 260, 261
    
      261, 259, 258
    
      258, 257, 261
    
      259, 261, 260
    
      262, 263, 264
    
      263, 262, 265
    
      266, 264, 263
    
      264, 267, 262
    
      265, 262, 268
    
      265, 266, 263
    
      264, 266, 269
    
      267, 264, 269
    
      267, 270, 262
    
      268, 262, 271
    
      268, 272, 265
    
      266, 265, 273
    
      266, 267, 269
    
      270, 267, 274
    
      271, 262, 270
    
      271, 275, 268
    
      272, 268, 276
    
      277, 265, 272
    
      265, 277, 273
    
      267, 266, 273
    
      267, 278, 274
    
      279, 270, 274
    
      271, 270, 276
    
      275, 271, 278
    
      275, 276, 268
    
      276, 280, 272
    
      281, 277, 272
    
      277, 275, 273
    
      267, 273, 275
    
      267, 275, 278
    
      274, 278, 282
    
      270, 279, 280
    
      274, 282, 279
    
      276, 270, 280
    
      276, 278, 271
    
      276, 275, 282
    
      272, 280, 281
    
      277, 281, 283
    
      275, 277, 282
    
      278, 276, 282
    
      279, 281, 280
    
      279, 282, 277
    
      281, 279, 283
    
      279, 277, 283
    
      284, 285, 286
    
      285, 284, 287
    
      285, 288, 286
    
      286, 289, 284
    
      289, 287, 284
    
      285, 287, 290
    
      288, 285, 291
    
      292, 286, 288
    
      289, 286, 293
    
      287, 289, 294
    
      290, 287, 295
    
      296, 285, 290
    
      285, 297, 291
    
      288, 291, 298
    
      286, 292, 293
    
      298, 292, 288
    
      292, 289, 293
    
      289, 299, 294
    
      294, 300, 287
    
      295, 287, 300
    
      301, 290, 295
    
      285, 296, 299
    
      290, 301, 296
    
      297, 285, 299
    
      297, 302, 291
    
      302, 298, 291
    
      292, 298, 303
    
      289, 292, 299
    
      294, 299, 296
    
      300, 294, 304
    
      295, 300, 305
    
      295, 306, 301
    
      294, 296, 301
    
      299, 303, 297
    
      302, 297, 307
    
      298, 302, 308
    
      298, 309, 303
    
      299, 292, 303
    
      294, 301, 304
    
      304, 305, 300
    
      295, 305, 310
    
      306, 295, 310
    
      311, 301, 306
    
      309, 297, 303
    
      297, 309, 307
    
      307, 312, 302
    
      308, 302, 312
    
      309, 298, 308
    
      304, 301, 311
    
      305, 304, 311
    
      310, 305, 313
    
      310, 314, 306
    
      311, 306, 315
    
      307, 309, 316
    
      312, 307, 316
    
      308, 312, 317
    
      308, 318, 309
    
      311, 313, 305
    
      310, 313, 319
    
      314, 310, 319
    
      315, 306, 314
    
      313, 311, 315
    
      316, 309, 318
    
      316, 320, 312
    
      317, 312, 320
    
      318, 308, 317
    
      319, 313, 321
    
      321, 314, 319
    
      315, 314, 322
    
      315, 323, 313
    
      316, 318, 324
    
      320, 316, 324
    
      317, 320, 325
    
      317, 326, 318
    
      321, 313, 323
    
      314, 321, 322
    
      315, 322, 327
    
      323, 315, 327
    
      324, 318, 326
    
      324, 328, 320
    
      325, 320, 328
    
      326, 317, 325
    
      321, 323, 329
    
      329, 322, 321
    
      327, 322, 330
    
      327, 331, 323
    
      324, 326, 332
    
      328, 324, 332
    
      325, 328, 333
    
      325, 334, 326
    
      329, 323, 335
    
      322, 329, 330
    
      327, 330, 336
    
      331, 327, 337
    
      338, 323, 331
    
      332, 326, 339
    
      332, 333, 328
    
      325, 333, 340
    
      334, 325, 340
    
      339, 326, 334
    
      338, 335, 323
    
      335, 330, 329
    
      330, 335, 336
    
      336, 341, 327
    
      327, 341, 337
    
      342, 331, 337
    
      338, 331, 343
    
      333, 332, 339
    
      340, 333, 344
    
      340, 341, 334
    
      339, 334, 345
    
      340, 335, 338
    
      346, 336, 335
    
      336, 334, 341
    
      337, 341, 347
    
      331, 342, 348
    
      337, 347, 342
    
      343, 331, 348
    
      343, 341, 338
    
      345, 333, 339
    
      333, 345, 344
    
      340, 344, 346
    
      341, 340, 338
    
      345, 334, 349
    
      340, 346, 335
    
      336, 346, 349
    
      349, 334, 336
    
      341, 343, 347
    
      350, 348, 342
    
      342, 347, 351
    
      343, 348, 352
    
      349, 344, 345
    
      344, 349, 346
    
      352, 347, 343
    
      348, 350, 353
    
      342, 351, 350
    
      347, 352, 351
    
      352, 348, 353
    
      354, 353, 350
    
      350, 351, 355
    
      356, 351, 352
    
      352, 353, 356
    
      353, 354, 357
    
      350, 355, 354
    
      351, 356, 355
    
      356, 353, 357
    
      355, 357, 354
    
      357, 355, 356
    
      358, 359, 360
    
      359, 358, 361
    
      359, 362, 360
    
      360, 363, 358
    
      358, 364, 361
    
      361, 365, 359
    
      362, 359, 366
    
      367, 360, 362
    
      363, 360, 368
    
      363, 369, 358
    
      364, 358, 370
    
      370, 361, 364
    
      365, 361, 371
    
      365, 366, 359
    
      366, 372, 362
    
      360, 367, 368
    
      362, 373, 367
    
      374, 363, 368
    
      369, 363, 372
    
      372, 358, 369
    
      370, 358, 372
    
      375, 361, 370
    
      361, 376, 371
    
      371, 377, 365
    
      366, 365, 378
    
      372, 366, 370
    
      373, 362, 372
    
      379, 368, 367
    
      380, 367, 373
    
      363, 374, 381
    
      368, 379, 374
    
      372, 363, 373
    
      376, 361, 375
    
      370, 378, 375
    
      375, 371, 376
    
      377, 371, 382
    
      377, 378, 365
    
      378, 370, 366
    
      367, 380, 379
    
      383, 380, 373
    
      384, 381, 374
    
      385, 363, 381
    
      386, 374, 379
    
      373, 363, 383
    
      387, 375, 378
    
      388, 371, 375
    
      371, 389, 382
    
      382, 390, 377
    
      378, 377, 387
    
      391, 379, 380
    
      383, 385, 380
    
      381, 384, 392
    
      374, 386, 384
    
      363, 385, 383
    
      381, 393, 385
    
      379, 391, 386
    
      375, 387, 388
    
      389, 371, 388
    
      388, 382, 389
    
      390, 382, 394
    
      390, 387, 377
    
      385, 391, 380
    
      395, 392, 384
    
      393, 381, 392
    
      396, 384, 386
    
      385, 393, 391
    
      397, 386, 391
    
      398, 388, 387
    
      399, 382, 388
    
      382, 400, 394
    
      394, 401, 390
    
      387, 390, 398
    
      392, 395, 402
    
      384, 396, 395
    
      392, 403, 393
    
      386, 397, 396
    
      393, 397, 391
    
      388, 398, 399
    
      400, 382, 399
    
      399, 394, 400
    
      401, 394, 404
    
      401, 398, 390
    
      405, 402, 395
    
      403, 392, 402
    
      406, 395, 396
    
      393, 403, 397
    
      407, 396, 397
    
      408, 399, 398
    
      409, 394, 399
    
      394, 409, 404
    
      410, 401, 404
    
      398, 401, 408
    
      402, 405, 411
    
      395, 406, 405
    
      402, 412, 403
    
      396, 407, 406
    
      403, 407, 397
    
      399, 408, 409
    
      409, 413, 404
    
      401, 410, 408
    
      410, 404, 414
    
      415, 411, 405
    
      412, 402, 411
    
      416, 405, 406
    
      403, 412, 407
    
      417, 406, 407
    
      408, 418, 409
    
      409, 418, 413
    
      414, 404, 413
    
      418, 408, 410
    
      414, 419, 410
    
      411, 415, 420
    
      405, 416, 415
    
      411, 421, 412
    
      406, 417, 416
    
      412, 417, 407
    
      422, 413, 418
    
      423, 414, 413
    
      419, 418, 410
    
      419, 414, 424
    
      425, 420, 415
    
      421, 411, 420
    
      426, 415, 416
    
      412, 421, 417
    
      427, 416, 417
    
      413, 422, 423
    
      418, 419, 422
    
      414, 423, 424
    
      424, 422, 419
    
      420, 425, 428
    
      415, 426, 425
    
      420, 429, 421
    
      416, 427, 426
    
      421, 427, 417
    
      422, 424, 423
    
      430, 428, 425
    
      429, 420, 428
    
      426, 430, 425
    
      421, 429, 427
    
      431, 426, 427
    
      428, 430, 432
    
      432, 429, 428
    
      430, 426, 433
    
      429, 431, 427
    
      426, 431, 433
    
      434, 432, 430
    
      429, 432, 435
    
      433, 434, 430
    
      429, 435, 431
    
      436, 433, 431
    
      432, 434, 437
    
      437, 435, 432
    
      434, 433, 438
    
      435, 436, 431
    
      433, 436, 438
    
      439, 437, 434
    
      435, 437, 440
    
      438, 439, 434
    
      435, 440, 436
    
      441, 438, 436
    
      437, 439, 442
    
      442, 440, 437
    
      439, 438, 443
    
      440, 441, 436
    
      438, 441, 443
    
      444, 442, 439
    
      440, 442, 445
    
      443, 444, 439
    
      440, 445, 441
    
      446, 443, 441
    
      442, 444, 447
    
      447, 445, 442
    
      444, 443, 448
    
      445, 446, 441
    
      443, 446, 448
    
      449, 447, 444
    
      445, 447, 450
    
      448, 449, 444
    
      445, 450, 446
    
      451, 448, 446
    
      447, 449, 452
    
      452, 450, 447
    
      449, 448, 453
    
      450, 451, 446
    
      448, 451, 453
    
      454, 452, 449
    
      450, 452, 455
    
      453, 454, 449
    
      450, 455, 451
    
      456, 453, 451
    
      452, 454, 457
    
      457, 455, 452
    
      454, 453, 458
    
      455, 456, 451
    
      453, 456, 458
    
      459, 457, 454
    
      455, 457, 460
    
      461, 454, 458
    
      455, 460, 456
    
      456, 461, 458
    
      457, 459, 462
    
      454, 461, 459
    
      457, 456, 460
    
      461, 456, 463
    
      464, 462, 459
    
      465, 457, 462
    
      466, 459, 461
    
      457, 465, 456
    
      456, 465, 463
    
      463, 466, 461
    
      462, 464, 467
    
      459, 466, 464
    
      462, 463, 465
    
      466, 463, 468
    
      469, 467, 464
    
      462, 467, 470
    
      471, 464, 466
    
      470, 463, 462
    
      463, 470, 468
    
      468, 471, 466
    
      467, 469, 472
    
      464, 471, 469
    
      467, 468, 470
    
      471, 468, 473
    
      474, 472, 469
    
      467, 472, 475
    
      476, 469, 471
    
      475, 468, 467
    
      468, 475, 473
    
      473, 476, 471
    
      472, 474, 477
    
      469, 476, 474
    
      472, 473, 475
    
      476, 473, 478
    
      479, 477, 474
    
      472, 477, 480
    
      481, 474, 476
    
      480, 473, 472
    
      473, 480, 478
    
      478, 481, 476
    
      477, 479, 482
    
      474, 481, 479
    
      477, 478, 480
    
      481, 478, 483
    
      484, 482, 479
    
      477, 482, 485
    
      486, 479, 481
    
      485, 478, 477
    
      478, 485, 483
    
      483, 486, 481
    
      482, 484, 487
    
      479, 486, 484
    
      482, 483, 485
    
      486, 483, 488
    
      484, 488, 487
    
      488, 482, 487
    
      488, 484, 486
    
      482, 488, 483
   
    
      -0.0259323194623
      0.00453250715509
      0.0184000004083
    
      -0.0259590111673
      0.00268491753377
      0.0184000004083
    
      -0.0260288212448
      0.00358150689863
      0.0184000004083
    
      -0.0257495772094
      0.00190057384316
      0.0184000004083
    
      -0.0260288212448
      0.00358150689863
      0.0197970662266
    
      -0.0259323194623
      0.00453250715509
      0.0197970662266
    
      -0.0256428103894
      0.00540343113244
      0.0184000004083
    
      -0.0259590111673
      0.00268491753377
      0.0197970662266
    
      -0.0256428103894
      0.00540343113244
      0.0197970662266
    
      -0.0254142116755
      0.00122026063036
      0.0184000004083
    
      -0.0257495772094
      0.00190057384316
      0.0197970662266
    
      -0.0251602940261
      0.00619427720085
      0.0197970662266
    
      -0.0251602940261
      0.00619427720085
      0.0184000004083
    
      -0.0254142116755
      0.00122026063036
      0.0197970662266
    
      -0.024966603145
      0.000635767006315
      0.0184000004083
    
      -0.0244847722352
      0.00690504675731
      0.0197970662266
    
      -0.024966603145
      0.000635767006315
      0.0197970662266
    
      -0.0244847722352
      0.00690504675731
      0.0184000004083
    
      -0.0244135931134
      0.000140247357194
      0.0184000004083
    
      -0.0236593615264
      0.00749193597585
      0.0184000004083
    
      -0.0244135931134
      0.000140247357194
      0.0197970662266
    
      -0.0236593615264
      0.00749193597585
      0.0197970662266
    
      -0.0237729772925
      0.00381147209555
      0.0184000004083
    
      -0.0237839277834
      -0.000251239776844
      0.0197970662266
    
      -0.0227271839976
      0.00791114289314
      0.0184000004083
    
      -0.0237729772925
      0.00381147209555
      0.0197970662266
    
      -0.0235402751714
      0.00485042016953
      0.0184000004083
    
      -0.0237839277834
      -0.000251239776844
      0.0184000004083
    
      -0.0227271839976
      0.00791114289314
      0.0197970662266
    
      -0.0235402751714
      0.00485042016953
      0.0197970662266
    
      -0.0236360915005
      0.00287792412564
      0.0184000004083
    
      -0.0222727283835
      -0.000809726770967
      0.0197970662266
    
      -0.0236360915005
      0.00287792412564
      0.0197970662266
    
      -0.0216882359236
      0.00816266704351
      0.0184000004083
    
      -0.0228421669453
      0.00566761614755
      0.0184000004083
    
      -0.0222727283835
      -0.000809726770967
      0.0184000004083
    
      -0.0228421669453
      0.00566761614755
      0.0197970662266
    
      -0.0216882359236
      0.00816266704351
      0.0197970662266
    
      -0.0217662584037
      0.00619735755026
      0.0184000004083
    
      -0.0232254397124
      0.00215791515075
      0.0184000004083
    
      -0.0232254397124
      0.00215791515075
      0.0197970662266
    
      -0.0207067783922
      -0.0011930008186
      0.0197970662266
    
      -0.0217662584037
      0.00619735755026
      0.0197970662266
    
      -0.0205425173044
      0.00824650842696
      0.0184000004083
    
      -0.020400159061
      0.00637393770739
      0.0184000004083
    
      -0.0225547086447
      0.00162680633366
      0.0184000004083
    
      -0.0207067783922
      -0.0011930008186
      0.0184000004083
    
      -0.0216375868767
      0.00125995639246
      0.0197970662266
    
      -0.0225547086447
      0.00162680633366
      0.0197970662266
    
      -0.020400159061
      0.00637393770739
      0.0197970662266
    
      -0.0205425173044
      0.00824650842696
      0.0197970662266
    
      -0.0216375868767
      0.00125995639246
      0.0184000004083
    
      -0.0193269886076
      -0.0015543748159
      0.0197970662266
    
      -0.0199511796236
      0.000838354171719
      0.0197970662266
    
      -0.0192106366158
      0.00817806646228
      0.0184000004083
    
      -0.0190942864865
      0.00624115951359
      0.0197970662266
    
      -0.0199511796236
      0.000838354171719
      0.0184000004083
    
      -0.0193269886076
      -0.0015543748159
      0.0184000004083
    
      -0.0192106366158
      0.00817806646228
      0.0197970662266
    
      -0.0190942864865
      0.00624115951359
      0.0184000004083
    
      -0.0184180811048
      -0.00192943587899
      0.0197970662266
    
      -0.018297623843
      0.000405801780289
      0.0197970662266
    
      -0.018297623843
      0.000405801780289
      0.0184000004083
    
      -0.0179526749998
      0.00797274056822
      0.0184000004083
    
      -0.017848642543
      0.00584282912314
      0.0197970662266
    
      -0.0179526749998
      0.00797274056822
      0.0197970662266
    
      -0.0184180811048
      -0.00192943587899
      0.0184000004083
    
      -0.017848642543
      0.00584282912314
      0.0184000004083
    
      -0.0177938900888
      -0.00246328185312
      0.0197970662266
    
      -0.0168384425342
      -0.000240289693465
      0.0184000004083
    
      -0.0167768429965
      0.00764148170128
      0.0184000004083
    
      -0.0167426224798
      0.00526654627174
      0.0197970662266
    
      -0.0167768429965
      0.00764148170128
      0.0197970662266
    
      -0.0177938900888
      -0.00246328185312
      0.0184000004083
    
      -0.0168384425342
      -0.000240289693465
      0.0197970662266
    
      -0.0167426224798
      0.00526654627174
      0.0184000004083
    
      -0.0174325164407
      -0.00316686462611
      0.0184000004083
    
      -0.0174325164407
      -0.00316686462611
      0.0197970662266
    
      -0.0158337149769
      -0.00114919862244
      0.0184000004083
    
      -0.0156913548708
      0.0071952403523
      0.0184000004083
    
      -0.0158556159586
      0.00459992233664
      0.0197970662266
    
      -0.0156913548708
      0.0071952403523
      0.0197970662266
    
      -0.0173120610416
      -0.00405113445595
      0.0197970662266
    
      -0.0158337149769
      -0.00114919862244
      0.0197970662266
    
      -0.0165345594287
      -0.00717208534479
      0.0184000004083
    
      -0.0173120610416
      -0.00405113445595
      0.0184000004083
    
      -0.0158556159586
      0.00459992233664
      0.0184000004083
    
      -0.0165345594287
      -0.00717208534479
      0.0197970662266
    
      -0.0152505878359
      -0.002309972886
      0.0197970662266
    
      -0.0159117374569
      -0.00645481515676
      0.0184000004083
    
      -0.0156913548708
      0.00459992233664
      0.0197970662266
    
      -0.0156913548708
      0.00459992233664
      0.0184000004083
    
      -0.0175420250744
      -0.0051585258916
      0.0184000004083
    
      -0.017373656854
      -0.00780175067484
      0.0197970662266
    
      -0.0159117374569
      -0.00645481515676
      0.0197970662266
    
      -0.0152505878359
      -0.002309972886
      0.0184000004083
    
      -0.0154449641705
      -0.00559518439695
      0.0197970662266
    
      -0.017373656854
      -0.00780175067484
      0.0184000004083
    
      -0.0154449641705
      -0.00559518439695
      0.0184000004083
    
      -0.0175420250744
      -0.0051585258916
      0.0197970662266
    
      -0.0150562142953
      -0.00371166248806
      0.0197970662266
    
      -0.0151534015313
      -0.00465889973566
      0.0197970662266
    
      -0.0182319190353
      -0.00602773716673
      0.0184000004083
    
      -0.0182319190353
      -0.00602773716673
      0.0197970662266
    
      -0.0183140505105
      -0.00826715491712
      0.0184000004083
    
      -0.0150562142953
      -0.00371166248806
      0.0184000004083
    
      -0.0151534015313
      -0.00465889973566
      0.0184000004083
    
      -0.0183140505105
      -0.00826715491712
      0.0197970662266
    
      -0.0187466014177
      -0.00635591521859
      0.0197970662266
    
      -0.0187466014177
      -0.00635591521859
      0.0184000004083
    
      -0.0194296520203
      -0.00855461135507
      0.0184000004083
    
      -0.019370790571
      -0.00659033050761
      0.0184000004083
    
      -0.019370790571
      -0.00659033050761
      0.0197970662266
    
      -0.0194296520203
      -0.00855461135507
      0.0197970662266
    
      -0.0207943823189
      -0.00865043327212
      0.0184000004083
    
      -0.0209476947784
      -0.00677786115557
      0.0197970662266
    
      -0.0207943823189
      -0.00865043327212
      0.0197970662266
    
      -0.0209476947784
      -0.00677786115557
      0.0184000004083
    
      -0.0224356204271
      -0.00855872035027
      0.0184000004083
    
      -0.0222316645086
      -0.00663960864767
      0.0184000004083
    
      -0.0222316645086
      -0.00663960864767
      0.0197970662266
    
      -0.0224356204271
      -0.00855872035027
      0.0197970662266
    
      -0.0238113030791
      -0.00828358158469
      0.0184000004083
    
      -0.0235649142414
      -0.00622485019267
      0.0184000004083
    
      -0.0235649142414
      -0.00622485019267
      0.0197970662266
    
      -0.0238113030791
      -0.00828358158469
      0.0197970662266
    
      -0.0261492803693
      -0.00738015025854
      0.0184000004083
    
      -0.0248516201973
      -0.0055582257919
      0.0184000004083
    
      -0.0248516201973
      -0.0055582257919
      0.0197970662266
    
      -0.0261492803693
      -0.00738015025854
      0.0197970662266
    
      -0.0259959697723
      -0.00466437358409
      0.0184000004083
    
      -0.0259959697723
      -0.00466437358409
      0.0197970662266
    
      -0.0261492803693
      -0.00466437358409
      0.0197970662266
    
      -0.0261492803693
      -0.00466437358409
      0.0184000004083
    
      -0.0118148047477
      0.00607826840132
      0.0184000004083
    
      -0.0114329000935
      0.00129828462377
      0.0184000004083
    
      -0.011519134976
      -0.000207437522477
      0.0184000004083
    
      -0.0107758566737
      0.00703234877437
      0.0184000004083
    
      -0.011519134976
      -0.000207437522477
      0.0197970662266
    
      -0.0118257561699
      -0.00647124135867
      0.0184000004083
    
      -0.0118148047477
      0.00607826840132
      0.0197970662266
    
      -0.0111741870642
      0.00263974582776
      0.0184000004083
    
      -0.0114329000935
      0.00129828462377
      0.0197970662266
    
      -0.0114349527285
      -0.00171760760713
      0.0197970662266
    
      -0.0126484269276
      0.00485178967938
      0.0184000004083
    
      -0.0114349527285
      -0.00171760760713
      0.0184000004083
    
      -0.0107758566737
      0.00703234877437
      0.0197970662266
    
      -0.0107539566234
      0.00379230896942
      0.0184000004083
    
      -0.0118257561699
      -0.00647124135867
      0.0197970662266
    
      -0.0126580093056
      -0.00526118883863
      0.0184000004083
    
      -0.0107799647376
      -0.00744037656114
      0.0184000004083
    
      -0.00954253412783
      0.00772634940222
      0.0184000004083
    
      -0.0126484269276
      0.00485178967938
      0.0197970662266
    
      -0.0111741870642
      0.00263974582776
      0.0197970662266
    
      -0.011182400398
      -0.00303956237622
      0.0197970662266
    
      -0.0107799647376
      -0.00744037656114
      0.0197970662266
    
      -0.0132657745853
      0.00340629601851
      0.0184000004083
    
      -0.0126580093056
      -0.00526118883863
      0.0197970662266
    
      -0.011182400398
      -0.00303956237622
      0.0184000004083
    
      -0.00954253412783
      0.00772634940222
      0.0197970662266
    
      -0.0101831480861
      0.00473133102059
      0.0184000004083
    
      -0.0107539566234
      0.00379230896942
      0.0197970662266
    
      -0.0132712488994
      -0.00379926897585
      0.0184000004083
    
      -0.0132712488994
      -0.00379926897585
      0.0197970662266
    
      -0.0107614826411
      -0.0041733039543
      0.0184000004083
    
      -0.00954800844193
      -0.00813574995846
      0.0197970662266
    
      -0.00813399907202
      0.00814932119101
      0.0184000004083
    
      -0.0132657745853
      0.00340629601851
      0.0197970662266
    
      -0.00945356022567
      0.00548282265663
      0.0184000004083
    
      -0.0107614826411
      -0.0041733039543
      0.0197970662266
    
      -0.0136476792395
      0.00172536284663
      0.0184000004083
    
      -0.00954800844193
      -0.00813574995846
      0.0184000004083
    
      -0.0101831480861
      0.00473133102059
      0.0197970662266
    
      -0.00813399907202
      0.00814932119101
      0.0197970662266
    
      -0.0136490482837
      -0.0021073857788
      0.0184000004083
    
      -0.0136490482837
      -0.0021073857788
      0.0197970662266
    
      -0.0136476792395
      0.00172536284663
      0.0197970662266
    
      -0.0101721994579
      -0.0051188301295
      0.0197970662266
    
      -0.0101721994579
      -0.0051188301295
      0.0184000004083
    
      -0.00814084243029
      -0.00855461135507
      0.0197970662266
    
      -0.00945356022567
      0.00548282265663
      0.0197970662266
    
      -0.00656941626221
      0.00829031039029
      0.0184000004083
    
      -0.00862267334014
      0.00600708788261
      0.0184000004083
    
      -0.0137749807909
      -0.000207437522477
      0.0184000004083
    
      -0.009441238828
      -0.00586381927133
      0.0184000004083
    
      -0.00814084243029
      -0.00855461135507
      0.0184000004083
    
      -0.009441238828
      -0.00586381927133
      0.0197970662266
    
      -0.00862267334014
      0.00600708788261
      0.0197970662266
    
      -0.00656941626221
      0.00829031039029
      0.0197970662266
    
      -0.00766585581005
      0.00631507718936
      0.0184000004083
    
      -0.0137749807909
      -0.000207437522477
      0.0197970662266
    
      -0.00656941626221
      -0.00869423337281
      0.0197970662266
    
      -0.00859529897571
      -0.00639595463872
      0.0197970662266
    
      -0.00766585581005
      0.00631507718936
      0.0197970662266
    
      -0.0049870419316
      0.00814521405846
      0.0184000004083
    
      -0.00655846809968
      0.00641774013638
      0.0184000004083
    
      -0.00859529897571
      -0.00639595463872
      0.0184000004083
    
      -0.00656941626221
      -0.00869423337281
      0.0184000004083
    
      -0.00763437291607
      -0.00671523716301
      0.0197970662266
    
      -0.00655846809968
      0.00641774013638
      0.0197970662266
    
      -0.0049870419316
      0.00814521405846
      0.0197970662266
    
      -0.00763437291607
      -0.00671523716301
      0.0184000004083
    
      -0.00503768585622
      -0.00855872035027
      0.0197970662266
    
      -0.00655846809968
      -0.0068216631189
      0.0197970662266
    
      -0.00356892403215
      0.00770992320031
      0.0184000004083
    
      -0.00547571573406
      0.00631234003231
      0.0184000004083
    
      -0.00547571573406
      0.00631234003231
      0.0197970662266
    
      -0.00655846809968
      -0.0068216631189
      0.0184000004083
    
      -0.00503768585622
      -0.00855872035027
      0.0184000004083
    
      -0.00356892403215
      0.00770992320031
      0.0197970662266
    
      -0.00450521102175
      0.00599613785744
      0.0184000004083
    
      -0.00364010245539
      -0.00815217662603
      0.0197970662266
    
      -0.00548290275037
      -0.00671523716301
      0.0197970662266
    
      -0.00548290275037
      -0.00671523716301
      0.0184000004083
    
      -0.00450521102175
      0.00599613785744
      0.0197970662266
    
      -0.00233696750365
      0.00701181637123
      0.0184000004083
    
      -0.00365789816715
      0.00546913547441
      0.0184000004083
    
      -0.00364010245539
      -0.00815217662603
      0.0184000004083
    
      -0.00452300300822
      -0.00639595463872
      0.0197970662266
    
      -0.00365789816715
      0.00546913547441
      0.0197970662266
    
      -0.00233696750365
      0.00701181637123
      0.0197970662266
    
      -0.00294473278336
      0.00473133102059
      0.0184000004083
    
      -0.00452300300822
      -0.00639595463872
      0.0184000004083
    
      -0.00239308946766
      -0.00746091129258
      0.0197970662266
    
      -0.00367877213284
      -0.00586381927133
      0.0197970662266
    
      -0.00294473278336
      0.00473133102059
      0.0197970662266
    
      -0.00131307984702
      0.00607826840132
      0.0184000004083
    
      -0.00238077179529
      0.00380325899459
      0.0184000004083
    
      -0.00367877213284
      -0.00586381927133
      0.0184000004083
    
      -0.00239308946766
      -0.00746091129258
      0.0184000004083
    
      -0.00295020686463
      -0.0051188301295
      0.0197970662266
    
      -0.00238077179529
      0.00380325899459
      0.0197970662266
    
      -0.00131307984702
      0.00607826840132
      0.0197970662266
    
      -0.00195917137899
      0.00266164797358
      0.0184000004083
    
      -0.00295020686463
      -0.0051188301295
      0.0184000004083
    
      -0.00131307984702
      -0.00647124135867
      0.0197970662266
    
      -0.00236331950873
      -0.0041733039543
      0.0197970662266
    
      -0.00195917137899
      0.00266164797358
      0.0197970662266
    
      -0.000486301432829
      0.00487642874941
      0.0197970662266
    
      -0.00169635401107
      0.00132018665317
      0.0184000004083
    
      -0.00236331950873
      -0.0041733039543
      0.0184000004083
    
      -0.00131307984702
      -0.00647124135867
      0.0184000004083
    
      -0.00169635401107
      0.00132018665317
      0.0197970662266
    
      -0.000486301432829
      0.00487642874941
      0.0184000004083
    
      -0.000472610496217
      -0.00525844981894
      0.0197970662266
    
      -0.00160874566063
      -0.000207437522477
      0.0184000004083
    
      -0.000472610496217
      -0.00525844981894
      0.0184000004083
    
      -0.00194411096163
      -0.00303956237622
      0.0197970662266
    
      -0.00160874566063
      -0.000207437522477
      0.0197970662266
    
      0.000132415778353
      0.00341724604368
      0.0197970662266
    
      -0.00194411096163
      -0.00303956237622
      0.0184000004083
    
      -0.00169258890674
      -0.00171760760713
      0.0197970662266
    
      0.000132415778353
      0.00341724604368
      0.0184000004083
    
      0.000143367768032
      -0.00378831871785
      0.0197970662266
    
      -0.00169258890674
      -0.00171760760713
      0.0184000004083
    
      0.000143367768032
      -0.00378831871785
      0.0184000004083
    
      0.000518428802025
      0.00171714986209
      0.0197970662266
    
      0.000518428802025
      0.00171714986209
      0.0184000004083
    
      0.000521163980011
      -0.00209369673394
      0.0184000004083
    
      0.000521163980011
      -0.00209369673394
      0.0197970662266
    
      0.000647098582704
      -0.000207437522477
      0.0197970662266
    
      0.000647098582704
      -0.000207437522477
      0.0184000004083
    
      0.00675759138539
      0.00795083865523
      0.0184000004083
    
      0.00345047772862
      -0.00835476350039
      0.0184000004083
    
      0.00126033788547
      -0.00835476350039
      0.0184000004083
    
      0.00492882542312
      -0.00379926897585
      0.0184000004083
    
      0.00345047772862
      -0.00835476350039
      0.0197970662266
    
      0.00675759138539
      0.00795083865523
      0.0197970662266
    
      0.00553111312911
      -0.00194859900512
      0.0184000004083
    
      0.00126033788547
      -0.00835476350039
      0.0197970662266
    
      0.00942956563085
      0.00795083865523
      0.0184000004083
    
      0.00803882628679
      0.00573879666626
      0.0184000004083
    
      0.0111597748473
      -0.00379926897585
      0.0184000004083
    
      0.00492882542312
      -0.00379926897585
      0.0197970662266
    
      0.00942956563085
      0.00795083865523
      0.0197970662266
    
      0.00553111312911
      -0.00194859900512
      0.0197970662266
    
      0.010557487607
      -0.00194859900512
      0.0184000004083
    
      0.0111597748473
      -0.00379926897585
      0.0197970662266
    
      0.00803882628679
      0.00573879666626
      0.0197970662266
    
      0.0149268191308
      -0.00835476350039
      0.0197970662266
    
      0.0149268191308
      -0.00835476350039
      0.0184000004083
    
      0.0126381227747
      -0.00835476350039
      0.0184000004083
    
      0.010557487607
      -0.00194859900512
      0.0197970662266
    
      0.0126381227747
      -0.00835476350039
      0.0197970662266
    
      0.0164708681405
      0.00795083865523
      0.0184000004083
    
      0.0186391081661
      0.0060892184265
      0.0184000004083
    
      0.0164708681405
      -0.00835476350039
      0.0184000004083
    
      0.0205664299428
      0.00795083865523
      0.0184000004083
    
      0.0186391081661
      -0.00835476350039
      0.0184000004083
    
      0.0164708681405
      0.00795083865523
      0.0197970662266
    
      0.0204350221902
      0.0060892184265
      0.0184000004083
    
      0.0186391081661
      -0.000426450744271
      0.0184000004083
    
      0.0186391081661
      -0.00835476350039
      0.0197970662266
    
      0.0164708681405
      -0.00835476350039
      0.0197970662266
    
      0.0205664299428
      0.00795083865523
      0.0197970662266
    
      0.0221378561109
      0.00594685971737
      0.0184000004083
    
      0.0204350221902
      0.0060892184265
      0.0197970662266
    
      0.0186391081661
      -0.000426450744271
      0.0197970662266
    
      0.0186391081661
      -0.00227712071501
      0.0184000004083
    
      0.0186391081661
      0.0060892184265
      0.0197970662266
    
      0.0219051595777
      0.00789061002433
      0.0184000004083
    
      0.0221378561109
      0.00594685971737
      0.0197970662266
    
      0.0201174560934
      -0.000426450744271
      0.0184000004083
    
      0.0186391081661
      -0.00227712071501
      0.0197970662266
    
      0.0219051595777
      0.00789061002433
      0.0197970662266
    
      0.0230303425342
      0.00770992320031
      0.0184000004083
    
      0.0233369618654
      0.00546502880752
      0.0197970662266
    
      0.0201174560934
      -0.000426450744271
      0.0197970662266
    
      0.0204788297415
      -0.00227712071501
      0.0184000004083
    
      0.0204788297415
      -0.00227712071501
      0.0197970662266
    
      0.0233369618654
      0.00546502880752
      0.0184000004083
    
      0.0230303425342
      0.00770992320031
      0.0197970662266
    
      0.0213056039065
      -0.000373067887267
      0.0184000004083
    
      0.0239885263145
      0.00739509053528
      0.0184000004083
    
      0.023853013292
      0.00501331174746
      0.0197970662266
    
      0.0239885263145
      0.00739509053528
      0.0197970662266
    
      0.0213056039065
      -0.000373067887267
      0.0197970662266
    
      0.0220694132149
      -0.00217035110109
      0.0184000004083
    
      0.0220694132149
      -0.00217035110109
      0.0197970662266
    
      0.023853013292
      0.00501331174746
      0.0184000004083
    
      0.0222418904305
      -0.000212911618291
      0.0184000004083
    
      0.0242184922099
      0.00444661360234
      0.0184000004083
    
      0.0242184922099
      0.00444661360234
      0.0197970662266
    
      0.0248262565583
      0.00693242298439
      0.0184000004083
    
      0.0222418904305
      -0.000212911618291
      0.0197970662266
    
      0.0233588647097
      -0.00185004237574
      0.0184000004083
    
      0.0233588647097
      -0.00185004237574
      0.0197970662266
    
      0.0248262565583
      0.00693242298439
      0.0197970662266
    
      0.0229838043451
      8.41255241539e-05
      0.0184000004083
    
      0.024436134845
      0.00376766989939
      0.0184000004083
    
      0.024436134845
      0.00376766989939
      0.0197970662266
    
      0.025636613369
      0.00622473377734
      0.0184000004083
    
      0.0229838043451
      8.41255241539e-05
      0.0197970662266
    
      0.0235888306051
      0.00054816249758
      0.0184000004083
    
      0.0244238208979
      -0.00132167059928
      0.0197970662266
    
      0.0245086830109
      0.00297921756282
      0.0184000004083
    
      0.0245086830109
      0.00297921756282
      0.0197970662266
    
      0.025636613369
      0.00622473377734
      0.0197970662266
    
      0.0253409426659
      -0.000590711599216
      0.0184000004083
    
      0.0235888306051
      0.00054816249758
      0.0197970662266
    
      0.0244238208979
      -0.00132167059928
      0.0184000004083
    
      0.0253409426659
      -0.000590711599216
      0.0197970662266
    
      0.0262498483062
      0.00535004632547
      0.0197970662266
    
      0.0259363874793
      0.0001470928255
      0.0184000004083
    
      0.0240049529821
      0.00106284522917
      0.0184000004083
    
      0.0240049529821
      0.00106284522917
      0.0197970662266
    
      0.0242896731943
      0.00162133038975
      0.0184000004083
    
      0.0259363874793
      0.0001470928255
      0.0197970662266
    
      0.0262498483062
      0.00535004632547
      0.0184000004083
    
      0.0242896731943
      0.00162133038975
      0.0197970662266
    
      0.026635857299
      0.00429193349555
      0.0197970662266
    
      0.0263867359608
      0.00102451711427
      0.0197970662266
    
      0.0263867359608
      0.00102451711427
      0.0184000004083
    
      0.026635857299
      0.00429193349555
      0.0184000004083
    
      0.0267645344138
      0.00303397187963
      0.0197970662266
    
      0.0266700834036
      0.00200049974956
      0.0197970662266
    
      0.0266700834036
      0.00200049974956
      0.0184000004083
    
      0.0267645344138
      0.00303397187963
      0.0184000004083
    
      0.041087616235
      -0.0210876129568
      0.0179335344583
    
      -0.0400000028312
      -0.0200000014156
      0.0186602547765
    
      -0.041087616235
      -0.0210876129568
      0.0179335344583
    
      0.0400000028312
      -0.0200000014156
      0.0186602547765
    
      -0.041087616235
      0.0210876148194
      0.0179335344583
    
      0.0420710705221
      -0.0220710691065
      0.0170710682869
    
      0.0400000028312
      -0.015000000596
      0.0186602547765
    
      -0.0388268381357
      -0.0188268367201
      0.0192387960851
    
      -0.0400000028312
      0.0200000014156
      0.0186602547765
    
      -0.0420710705221
      0.0220710691065
      0.0170710682869
    
      -0.0420710705221
      -0.0220710691065
      0.0170710682869
    
      0.041087616235
      -0.015000000596
      0.0179335344583
    
      0.0400000028312
      0.0200000014156
      0.0186602547765
    
      0.0388268381357
      -0.0188268367201
      0.0192387960851
    
      0.041087616235
      0.0210876148194
      0.0179335344583
    
      0.0420710705221
      0.0220710691065
      0.0170710682869
    
      -0.0429335348308
      -0.0229335334152
      0.0160876139998
    
      0.0388268381357
      0.0188268348575
      0.0192387960851
    
      0.0388268381357
      -0.015000000596
      0.0192387960851
    
      -0.0375881902874
      -0.0175881888717
      0.0196592584252
    
      -0.0388268381357
      0.0188268348575
      0.0192387960851
    
      -0.0429335348308
      0.0229335334152
      0.0160876139998
    
      0.0429335348308
      0.0229335334152
      0.0160876139998
    
      0.0429335348308
      -0.0229335334152
      0.0160876139998
    
      0.0375881902874
      -0.0175881888717
      0.0196592584252
    
      0.0420710705221
      -0.015000000596
      0.0170710682869
    
      -0.0436602570117
      -0.0236602574587
      0.015000000596
    
      0.0429335348308
      -0.015000000596
      0.0160876139998
    
      -0.0436602570117
      0.0236602537334
      0.015000000596
    
      -0.0375881902874
      0.0175881907344
      0.0196592584252
    
      0.0375881902874
      0.0175881907344
      0.0196592584252
    
      0.0375881902874
      -0.015000000596
      0.0196592584252
    
      -0.0363052599132
      -0.0163052640855
      0.0199144501239
    
      0.0436602570117
      0.0236602537334
      0.015000000596
    
      0.0436602570117
      -0.0236602574587
      0.015000000596
    
      0.0436602570117
      -0.015000000596
      0.015000000596
    
      0.0363052599132
      -0.0163052640855
      0.0199144501239
    
      -0.0442387983203
      -0.0242387969047
      0.0138268340379
    
      -0.0442387983203
      0.024238795042
      0.0138268340379
    
      0.044238794595
      0.024238795042
      0.0138268340379
    
      -0.0363052599132
      0.0163052622229
      0.0199144501239
    
      0.0363052599132
      0.0163052622229
      0.0199144501239
    
      0.0363052599132
      -0.015000000596
      0.0199144501239
    
      -0.035000000149
      -0.015000000596
      0.0200000014156
    
      0.044238794595
      -0.0242387969047
      0.0138268340379
    
      0.044238794595
      -0.015000000596
      0.0138268340379
    
      0.035000000149
      -0.015000000596
      0.0200000014156
    
      -0.0446592606604
      -0.0246592611074
      0.0125881908461
    
      -0.0446592606604
      0.0246592592448
      0.0125881908461
    
      0.0446592569351
      0.0246592592448
      0.0125881908461
    
      -0.035000000149
      0.015000000596
      0.0200000014156
    
      0.035000000149
      0.015000000596
      0.0200000014156
    
      -0.0333571694791
      -0.0133571671322
      0.0200000014156
    
      0.0446592569351
      -0.0246592611074
      0.0125881908461
    
      0.0446592569351
      -0.015000000596
      0.0125881908461
    
      0.0333571732044
      0.0133571680635
      0.0200000014156
    
      0.0333571732044
      -0.0133571671322
      0.0200000014156
    
      -0.0449144504964
      -0.0249144490808
      0.0113052623346
    
      -0.0449144504964
      0.0249144509435
      0.0113052623346
    
      0.0449144542217
      0.0249144509435
      0.0113052623346
    
      -0.0333571694791
      0.0133571680635
      0.0200000014156
    
      -0.0290207378566
      -0.0112200211734
      0.0184000004083
    
      0.0449144542217
      -0.0249144490808
      0.0113052623346
    
      0.0449144542217
      -0.015000000596
      0.0113052623346
    
      -0.0290207378566
      0.0112200221047
      0.0184000004083
    
      0.0290207378566
      0.0112200221047
      0.0184000004083
    
      0.0290207378566
      -0.0112200211734
      0.0184000004083
    
      -0.0450000017881
      -0.0250000003725
      0.0100000007078
    
      -0.0450000017881
      0.0250000003725
      0.0100000007078
    
      0.0450000017881
      0.0250000003725
      0.0100000007078
    
      0.0450000017881
      -0.0250000003725
      0.0100000007078
    
      0.0450000017881
      -0.015000000596
      0.0100000007078
    
      -0.0449144504964
      -0.0249144490808
      0.00869473908097
    
      0.0449144542217
      0.0249144509435
      0.00869473908097
    
      0.0449144542217
      -0.0249144490808
      0.00869473908097
    
      -0.0449144504964
      0.0249144509435
      0.00869473908097
    
      -0.0446592606604
      -0.0246592611074
      0.0074118101038
    
      0.0449144542217
      -0.015000000596
      0.00869473908097
    
      0.0446592569351
      0.0246592592448
      0.0074118101038
    
      0.0446592569351
      -0.0246592611074
      0.0074118101038
    
      -0.0446592606604
      0.0246592592448
      0.0074118101038
    
      -0.0442387983203
      -0.0242387969047
      0.00617316598073
    
      0.0446592569351
      -0.015000000596
      0.0074118101038
    
      0.044238794595
      0.024238795042
      0.00617316598073
    
      0.044238794595
      -0.0242387969047
      0.00617316598073
    
      -0.0442387983203
      0.024238795042
      0.00617316598073
    
      -0.0436602570117
      -0.0236602574587
      0.0050000003539
    
      0.044238794595
      -0.015000000596
      0.00617316598073
    
      0.0436602570117
      0.0236602537334
      0.0050000003539
    
      0.0436602570117
      -0.0236602574587
      0.0050000003539
    
      -0.0436602570117
      0.0236602537334
      0.0050000003539
    
      -0.0429335348308
      -0.0229335334152
      0.00391238601878
    
      0.0436602570117
      -0.015000000596
      0.0050000003539
    
      0.0429335348308
      0.0229335334152
      0.00391238601878
    
      0.0429335348308
      -0.0229335334152
      0.00391238601878
    
      -0.0429335348308
      0.0229335334152
      0.00391238601878
    
      -0.0420710705221
      -0.0220710691065
      0.00292893243022
    
      0.0429335348308
      -0.015000000596
      0.00391238601878
    
      0.0420710705221
      0.0220710691065
      0.00292893243022
    
      0.0420710705221
      -0.0220710691065
      0.00292893243022
    
      -0.0420710705221
      0.0220710691065
      0.00292893243022
    
      -0.041087616235
      -0.0210876129568
      0.00206646742299
    
      0.0420710705221
      -0.015000000596
      0.00292893243022
    
      -0.041087616235
      0.0210876148194
      0.00206646742299
    
      0.041087616235
      -0.0210876129568
      0.00206646742299
    
      0.041087616235
      0.0210876148194
      0.00206646742299
    
      -0.0400000028312
      -0.0200000014156
      0.00133974652272
    
      0.041087616235
      -0.015000000596
      0.00206646742299
    
      -0.0400000028312
      0.0200000014156
      0.00133974652272
    
      0.0400000028312
      -0.0200000014156
      0.00133974652272
    
      0.0400000028312
      0.0200000014156
      0.00133974652272
    
      -0.0388268381357
      -0.0188268367201
      0.000761204748414
    
      0.0400000028312
      -0.015000000596
      0.00133974652272
    
      -0.0388268381357
      0.0188268348575
      0.000761204748414
    
      0.0388268381357
      -0.0188268367201
      0.000761204748414
    
      0.0388268381357
      0.0188268348575
      0.000761204748414
    
      -0.0375881902874
      -0.0175881888717
      0.00034074211726
    
      0.0388268381357
      -0.015000000596
      0.000761204748414
    
      -0.0375881902874
      0.0175881907344
      0.00034074211726
    
      0.0375881902874
      -0.0175881888717
      0.00034074211726
    
      0.0375881902874
      0.0175881907344
      0.00034074211726
    
      -0.0363052599132
      -0.0163052640855
      8.55512626003e-05
    
      0.0375881902874
      -0.015000000596
      0.00034074211726
    
      -0.0363052599132
      0.0163052622229
      8.55512626003e-05
    
      0.0363052599132
      -0.0163052640855
      8.55512626003e-05
    
      0.0363052599132
      0.0163052622229
      8.55512626003e-05
    
      -0.035000000149
      -0.015000000596
      0.0
    
      0.0363052599132
      -0.015000000596
      8.55512626003e-05
    
      -0.035000000149
      0.015000000596
      0.0
    
      0.035000000149
      -0.015000000596
      0.0
    
      0.035000000149
      0.015000000596
      0.0
