
  
 
   
    
      0, 1, 2
    
      1, 0, 3
    
      0, 4, 3
    
      5, 4, 0
    
      4, 5, 6
    
      0, 6, 5
    
      2, 6, 0
    
      7, 6, 2
    
      6, 7, 8
    
      2, 8, 7
    
      1, 8, 2
    
      9, 8, 1
    
      8, 9, 10
    
      1, 10, 9
    
      11, 10, 1
    
      12, 10, 11
    
      10, 12, 13
    
      11, 13, 12
    
      14, 13, 11
    
      15, 13, 14
    
      13, 15, 16
    
      15, 17, 16
    
      15, 18, 17
    
      33, 32, 18
    
      32, 33, 34
    
      33, 35, 34
    
      33, 36, 35
    
      14, 36, 33
    
      14, 37, 36
    
      11, 37, 14
    
      11, 3, 37
    
      1, 3, 11
    
      3, 38, 37
    
      39, 38, 3
    
      38, 39, 4
    
      3, 4, 39
    
      48, 38, 47
    
      48, 49, 38
    
      53, 47, 52
    
      53, 48, 47
    
      57, 52, 56
    
      57, 53, 52
    
      58, 56, 61
    
      58, 57, 56
    
      62, 57, 58
    
      57, 62, 63
    
      64, 63, 62
    
      34, 63, 64
    
      34, 35, 63
    
      53, 63, 35
    
      63, 53, 57
    
      35, 48, 53
    
      48, 35, 36
    
      36, 49, 48
    
      49, 36, 37
    
      37, 38, 49
    
      65, 34, 64
    
      34, 65, 32
    
      18, 68, 17
    
      18, 32, 68
    
      32, 69, 68
    
      32, 65, 69
    
      65, 70, 69
    
      65, 71, 70
    
      78, 77, 71
    
      77, 78, 79
    
      78, 80, 79
    
      78, 62, 80
    
      64, 62, 78
    
      71, 64, 78
    
      64, 71, 65
    
      58, 80, 62
    
      80, 58, 81
    
      81, 61, 84
    
      81, 58, 61
    
      71, 74, 70
    
      71, 77, 74
    
      77, 85, 74
    
      77, 86, 85
    
      79, 86, 77
    
      86, 79, 87
    
      79, 88, 87
    
      79, 80, 88
    
      81, 88, 80
    
      88, 81, 89
    
      89, 84, 92
    
      89, 81, 84
    
      105, 88, 92
    
      103, 88, 105
    
      88, 103, 106
    
      105, 106, 103
    
      107, 106, 105
    
      101, 106, 107
    
      106, 101, 108
    
      107, 108, 101
    
      109, 108, 107
    
      99, 108, 109
    
      108, 99, 110
    
      109, 110, 99
    
      111, 110, 109
    
      97, 110, 111
    
      110, 97, 112
    
      111, 112, 97
    
      113, 112, 111
    
      95, 112, 113
    
      112, 95, 114
    
      113, 114, 95
    
      85, 114, 113
    
      86, 114, 85
    
      114, 86, 87
    
      87, 106, 114
    
      87, 88, 106
    
      114, 106, 108
    
      114, 108, 112
    
      112, 108, 110
    
      92, 88, 89
    
      18, 14, 33
    
      14, 18, 15
    
      19, 15, 18
    
      20, 15, 19
    
      20, 12, 15
    
      21, 12, 20
    
      21, 9, 12
    
      21, 7, 9
    
      21, 22, 7
    
      23, 22, 21
    
      22, 23, 24
    
      23, 25, 24
    
      25, 23, 26
    
      21, 26, 23
    
      26, 21, 27
    
      20, 27, 21
    
      27, 20, 28
    
      20, 29, 28
    
      29, 20, 19
    
      19, 30, 29
    
      30, 19, 31
    
      19, 18, 31
    
      31, 18, 32
    
      4, 13, 38
    
      4, 10, 13
    
      6, 10, 4
    
      10, 6, 8
    
      40, 8, 6
    
      8, 40, 41
    
      40, 22, 41
    
      22, 40, 42
    
      43, 42, 40
    
      42, 43, 44
    
      43, 45, 44
    
      45, 43, 46
    
      43, 38, 46
    
      43, 4, 38
    
      40, 4, 43
    
      40, 6, 4
    
      46, 38, 47
    
      49, 45, 48
    
      49, 44, 45
    
      39, 44, 49
    
      39, 42, 44
    
      5, 42, 39
    
      7, 42, 5
    
      42, 7, 22
    
      48, 45, 50
    
      46, 50, 45
    
      50, 46, 51
    
      46, 47, 51
    
      51, 47, 52
    
      48, 50, 53
    
      53, 50, 54
    
      51, 54, 50
    
      54, 51, 55
    
      51, 52, 55
    
      55, 52, 56
    
      53, 54, 57
    
      57, 54, 58
    
      58, 54, 59
    
      55, 59, 54
    
      59, 55, 60
    
      55, 61, 60
    
      55, 56, 61
    
      66, 32, 65
    
      31, 32, 66
    
      67, 31, 66
    
      31, 67, 30
    
      68, 30, 67
    
      17, 30, 68
    
      17, 29, 30
    
      16, 29, 17
    
      16, 28, 29
    
      13, 28, 16
    
      13, 27, 28
    
      10, 27, 13
    
      8, 27, 10
    
      41, 27, 8
    
      41, 26, 27
    
      26, 41, 25
    
      41, 24, 25
    
      24, 41, 22
    
      38, 13, 16
    
      38, 16, 47
    
      47, 16, 17
    
      47, 17, 52
    
      52, 17, 68
    
      72, 65, 71
    
      66, 65, 72
    
      73, 66, 72
    
      66, 73, 67
    
      69, 67, 73
    
      68, 67, 69
    
      56, 68, 69
    
      52, 68, 56
    
      56, 69, 61
    
      61, 69, 70
    
      69, 73, 70
    
      70, 73, 74
    
      74, 73, 75
    
      72, 75, 73
    
      75, 72, 76
    
      72, 77, 76
    
      72, 71, 77
    
      58, 59, 81
    
      81, 59, 82
    
      60, 82, 59
    
      82, 60, 83
    
      60, 84, 83
    
      60, 61, 84
    
      61, 70, 84
    
      84, 70, 74
    
      76, 77, 86
    
      81, 82, 89
    
      89, 82, 90
    
      83, 90, 82
    
      90, 83, 91
    
      83, 92, 91
    
      83, 84, 92
    
      84, 74, 92
    
      92, 74, 85
    
      74, 75, 85
    
      85, 75, 93
    
      76, 93, 75
    
      93, 76, 94
    
      76, 86, 94
    
      94, 86, 95
    
      94, 95, 96
    
      96, 95, 97
    
      96, 97, 98
    
      98, 97, 99
    
      99, 100, 98
    
      101, 100, 99
    
      101, 102, 100
    
      103, 102, 101
    
      103, 90, 102
    
      89, 90, 103
    
      90, 104, 102
    
      104, 90, 91
    
      91, 105, 104
    
      91, 92, 105
    
      105, 85, 113
    
      92, 85, 105
    
      85, 93, 113
    
      113, 93, 115
    
      93, 96, 115
    
      96, 93, 94
    
      98, 115, 96
    
      115, 98, 116
    
      117, 116, 98
    
      116, 117, 118
    
      100, 118, 117
    
      118, 100, 119
    
      102, 119, 100
    
      119, 102, 104
    
      104, 107, 119
    
      104, 105, 107
    
      105, 113, 107
    
      107, 113, 111
    
      113, 115, 111
    
      111, 115, 116
    
      111, 116, 109
    
      119, 109, 116
    
      119, 107, 109
    
      107, 111, 109
    
      119, 116, 118
    
      98, 100, 117
   
    
      -0.0153340809047
      0.00410875491798
      0.0
    
      -0.0153340809047
      -0.00410875491798
      0.0
    
      -0.0158750005066
      0.0
      0.0
    
      -0.0137481568381
      0.00793750025332
      0.0
    
      -0.0137481568381
      0.00793750025332
      0.0825499966741
    
      -0.0153340809047
      0.00410875491798
      0.0762000009418
    
      -0.0153340809047
      0.00410875491798
      0.0825499966741
    
      -0.0158750005066
      0.0
      0.0762000009418
    
      -0.0158750005066
      0.0
      0.0825499966741
    
      -0.0153340809047
      -0.00410875491798
      0.0762000009418
    
      -0.0153340809047
      -0.00410875491798
      0.0825499966741
    
      -0.0137481568381
      -0.00793750025332
      0.0
    
      -0.0137481568381
      -0.00793750025332
      0.0762000009418
    
      -0.0137481568381
      -0.00793750025332
      0.0825499966741
    
      -0.0112253269181
      -0.0112253269181
      0.0
    
      -0.0112253269181
      -0.0112253269181
      0.0762000009418
    
      -0.0112253269181
      -0.0112253269181
      0.0825499966741
    
      -0.00793750025332
      -0.0137481568381
      0.0825499966741
    
      -0.00793750025332
      -0.0137481568381
      0.0762000009418
    
      -0.00873124971986
      -0.0151229565963
      0.0762000009418
    
      -0.0123478537425
      -0.0123478537425
      0.0762000009418
    
      -0.0151229565963
      -0.00873124971986
      0.0762000009418
    
      -0.0168674793094
      0.00451962510124
      0.0762000009418
    
      -0.0168674793094
      -0.00451962510124
      0.0762000009418
    
      -0.0174624994397
      0.0
      0.0762000009418
    
      -0.0174624994397
      0.0
      0.0825499966741
    
      -0.0168674793094
      -0.00451962510124
      0.0825499966741
    
      -0.0151229565963
      -0.00873124971986
      0.0825499966741
    
      -0.0123478537425
      -0.0123478537425
      0.0825499966741
    
      -0.00873124971986
      -0.0151229565963
      0.0825499966741
    
      -0.00451962510124
      -0.0168674793094
      0.0825499966741
    
      -0.00451962510124
      -0.0168674793094
      0.0762000009418
    
      -0.00410875491798
      -0.0153340809047
      0.0762000009418
    
      -0.00793750025332
      -0.0137481568381
      0.0
    
      -0.00410875491798
      -0.0153340809047
      0.0
    
      -0.00410875491798
      0.0153340809047
      0.0
    
      -0.00793750025332
      0.0137481568381
      0.0
    
      -0.0112253269181
      0.0112253269181
      0.0
    
      -0.0112253269181
      0.0112253269181
      0.0825499966741
    
      -0.0137481568381
      0.00793750025332
      0.0762000009418
    
      -0.0151229565963
      0.00873124971986
      0.0825499966741
    
      -0.0168674793094
      0.00451962510124
      0.0825499966741
    
      -0.0151229565963
      0.00873124971986
      0.0762000009418
    
      -0.0123478537425
      0.0123478537425
      0.0825499966741
    
      -0.0123478537425
      0.0123478537425
      0.0762000009418
    
      -0.00873124971986
      0.0151229565963
      0.0762000009418
    
      -0.00873124971986
      0.0151229565963
      0.0825499966741
    
      -0.00793750025332
      0.0137481568381
      0.0825499966741
    
      -0.00793750025332
      0.0137481568381
      0.0762000009418
    
      -0.0112253269181
      0.0112253269181
      0.0762000009418
    
      -0.00451962510124
      0.0168674793094
      0.0762000009418
    
      -0.00451962510124
      0.0168674793094
      0.0825499966741
    
      -0.00410875491798
      0.0153340809047
      0.0825499966741
    
      -0.00410875491798
      0.0153340809047
      0.0762000009418
    
      0.0
      0.0174624994397
      0.0762000009418
    
      0.0
      0.0174624994397
      0.0825499966741
    
      0.0
      0.0158750005066
      0.0825499966741
    
      0.0
      0.0158750005066
      0.0762000009418
    
      0.00410875491798
      0.0153340809047
      0.0762000009418
    
      0.00451962510124
      0.0168674793094
      0.0762000009418
    
      0.00451962510124
      0.0168674793094
      0.0825499966741
    
      0.00410875491798
      0.0153340809047
      0.0825499966741
    
      0.00410875491798
      0.0153340809047
      0.0
    
      0.0
      0.0158750005066
      0.0
    
      0.0
      -0.0158750005066
      0.0
    
      0.0
      -0.0158750005066
      0.0762000009418
    
      0.0
      -0.0174624994397
      0.0762000009418
    
      0.0
      -0.0174624994397
      0.0825499966741
    
      -0.00410875491798
      -0.0153340809047
      0.0825499966741
    
      0.0
      -0.0158750005066
      0.0825499966741
    
      0.00410875491798
      -0.0153340809047
      0.0825499966741
    
      0.00410875491798
      -0.0153340809047
      0.0762000009418
    
      0.00451962510124
      -0.0168674793094
      0.0762000009418
    
      0.00451962510124
      -0.0168674793094
      0.0825499966741
    
      0.00793750025332
      -0.0137481568381
      0.0825499966741
    
      0.00873124971986
      -0.0151229565963
      0.0825499966741
    
      0.00873124971986
      -0.0151229565963
      0.0762000009418
    
      0.00793750025332
      -0.0137481568381
      0.0762000009418
    
      0.00410875491798
      -0.0153340809047
      0.0
    
      0.00793750025332
      -0.0137481568381
      0.0
    
      0.00793750025332
      0.0137481568381
      0.0
    
      0.00793750025332
      0.0137481568381
      0.0762000009418
    
      0.00873124971986
      0.0151229565963
      0.0762000009418
    
      0.00873124971986
      0.0151229565963
      0.0825499966741
    
      0.00793750025332
      0.0137481568381
      0.0825499966741
    
      0.0112253269181
      -0.0112253269181
      0.0825499966741
    
      0.0112253269181
      -0.0112253269181
      0.0762000009418
    
      0.0112253269181
      -0.0112253269181
      0.0
    
      0.0112253269181
      0.0112253269181
      0.0
    
      0.0112253269181
      0.0112253269181
      0.0762000009418
    
      0.0123478537425
      0.0123478537425
      0.0762000009418
    
      0.0123478537425
      0.0123478537425
      0.0825499966741
    
      0.0112253269181
      0.0112253269181
      0.0825499966741
    
      0.0123478537425
      -0.0123478537425
      0.0825499966741
    
      0.0123478537425
      -0.0123478537425
      0.0762000009418
    
      0.0137481568381
      -0.00793750025332
      0.0762000009418
    
      0.0151229565963
      -0.00873124971986
      0.0762000009418
    
      0.0153340809047
      -0.00410875491798
      0.0762000009418
    
      0.0168674793094
      -0.00451962510124
      0.0762000009418
    
      0.0158750005066
      0.0
      0.0762000009418
    
      0.0168674793094
      0.00451962510124
      0.0762000009418
    
      0.0153340809047
      0.00410875491798
      0.0762000009418
    
      0.0151229565963
      0.00873124971986
      0.0762000009418
    
      0.0137481568381
      0.00793750025332
      0.0762000009418
    
      0.0151229565963
      0.00873124971986
      0.0825499966741
    
      0.0137481568381
      0.00793750025332
      0.0825499966741
    
      0.0137481568381
      0.00793750025332
      0.0
    
      0.0153340809047
      0.00410875491798
      0.0825499966741
    
      0.0153340809047
      0.00410875491798
      0.0
    
      0.0158750005066
      0.0
      0.0825499966741
    
      0.0158750005066
      0.0
      0.0
    
      0.0153340809047
      -0.00410875491798
      0.0825499966741
    
      0.0153340809047
      -0.00410875491798
      0.0
    
      0.0137481568381
      -0.00793750025332
      0.0825499966741
    
      0.0137481568381
      -0.00793750025332
      0.0
    
      0.0151229565963
      -0.00873124971986
      0.0825499966741
    
      0.0168674793094
      -0.00451962510124
      0.0825499966741
    
      0.0174624994397
      0.0
      0.0762000009418
    
      0.0174624994397
      0.0
      0.0825499966741
    
      0.0168674793094
      0.00451962510124
      0.0825499966741
    
      0.0
      0.0174624994397
      0.0762000009418
    
      -0.00451962510124
      0.0168674793094
      0.0762000009418
    
      0.00451962510124
      0.0168674793094
      0.0762000009418
    
      0.00873124971986
      0.0151229565963
      0.0762000009418
    
      0.0123478537425
      0.0123478537425
      0.0762000009418
    
      0.0151229565963
      0.00873124971986
      0.0762000009418
    
      0.0168674793094
      0.00451962510124
      0.0762000009418
    
      0.0174624994397
      0.0
      0.0762000009418
    
      0.0168674793094
      -0.00451962510124
      0.0762000009418
    
      0.0151229565963
      -0.00873124971986
      0.0762000009418
    
      0.0123478537425
      -0.0123478537425
      0.0762000009418
    
      0.00873124971986
      -0.0151229565963
      0.0762000009418
    
      0.00451962510124
      -0.0168674793094
      0.0762000009418
    
      0.0
      -0.0174624994397
      0.0762000009418
    
      -0.00451962510124
      -0.0168674793094
      0.0762000009418
    
      -0.00873124971986
      -0.0151229565963
      0.0762000009418
    
      -0.0123478537425
      -0.0123478537425
      0.0762000009418
    
      -0.0151229565963
      -0.00873124971986
      0.0762000009418
    
      -0.0168674793094
      -0.00451962510124
      0.0762000009418
    
      -0.0174624994397
      0.0
      0.0762000009418
    
      -0.0168674793094
      0.00451962510124
      0.0762000009418
    
      -0.0151229565963
      0.00873124971986
      0.0762000009418
    
      -0.0123478537425
      0.0123478537425
      0.0762000009418
    
      -0.00873124971986
      0.0151229565963
      0.0762000009418
    
      0.0
      0.0174624994397
      0.0825499966741
    
      -0.00451962510124
      0.0168674793094
      0.0825499966741
    
      0.00451962510124
      0.0168674793094
      0.0825499966741
    
      0.00873124971986
      0.0151229565963
      0.0825499966741
    
      0.0123478537425
      0.0123478537425
      0.0825499966741
    
      0.0151229565963
      0.00873124971986
      0.0825499966741
    
      0.0168674793094
      0.00451962510124
      0.0825499966741
    
      0.0174624994397
      0.0
      0.0825499966741
    
      0.0168674793094
      -0.00451962510124
      0.0825499966741
    
      0.0151229565963
      -0.00873124971986
      0.0825499966741
    
      0.0123478537425
      -0.0123478537425
      0.0825499966741
    
      0.00873124971986
      -0.0151229565963
      0.0825499966741
    
      0.00451962510124
      -0.0168674793094
      0.0825499966741
    
      0.0
      -0.0174624994397
      0.0825499966741
    
      -0.00451962510124
      -0.0168674793094
      0.0825499966741
    
      -0.00873124971986
      -0.0151229565963
      0.0825499966741
    
      -0.0123478537425
      -0.0123478537425
      0.0825499966741
    
      -0.0151229565963
      -0.00873124971986
      0.0825499966741
    
      -0.0168674793094
      -0.00451962510124
      0.0825499966741
    
      -0.0174624994397
      0.0
      0.0825499966741
    
      -0.0168674793094
      0.00451962510124
      0.0825499966741
    
      -0.0151229565963
      0.00873124971986
      0.0825499966741
    
      -0.0123478537425
      0.0123478537425
      0.0825499966741
    
      -0.00873124971986
      0.0151229565963
      0.0825499966741
