
  
 
   
    
      0, 1, 2
    
      1, 0, 3
    
      1, 4, 2
    
      2, 5, 0
    
      0, 6, 3
    
      1, 3, 7
    
      4, 1, 8
    
      5, 2, 4
    
      6, 0, 5
    
      9, 3, 6
    
      7, 3, 10
    
      7, 8, 1
    
      8, 11, 4
    
      4, 12, 5
    
      5, 13, 6
    
      3, 9, 14
    
      6, 15, 9
    
      10, 3, 14
    
      10, 16, 7
    
      8, 7, 16
    
      11, 8, 17
    
      12, 4, 11
    
      13, 5, 12
    
      15, 6, 13
    
      9, 18, 14
    
      19, 9, 15
    
      10, 14, 20
    
      16, 10, 21
    
      16, 17, 8
    
      17, 22, 11
    
      11, 23, 12
    
      12, 24, 13
    
      13, 25, 15
    
      18, 9, 26
    
      20, 14, 18
    
      9, 19, 26
    
      15, 27, 19
    
      28, 10, 20
    
      10, 28, 21
    
      21, 29, 16
    
      17, 16, 29
    
      22, 17, 30
    
      23, 11, 22
    
      24, 12, 23
    
      25, 13, 24
    
      27, 15, 25
    
      26, 31, 18
    
      20, 18, 32
    
      33, 26, 19
    
      34, 19, 27
    
      20, 35, 28
    
      36, 21, 28
    
      29, 21, 37
    
      29, 30, 17
    
      30, 38, 22
    
      22, 39, 23
    
      23, 40, 24
    
      24, 41, 25
    
      25, 42, 27
    
      31, 26, 43
    
      32, 18, 31
    
      35, 20, 32
    
      26, 33, 43
    
      19, 34, 33
    
      27, 44, 34
    
      45, 28, 35
    
      21, 36, 37
    
      28, 45, 36
    
      37, 46, 29
    
      30, 29, 46
    
      38, 30, 47
    
      39, 22, 38
    
      40, 23, 39
    
      41, 24, 40
    
      42, 25, 41
    
      44, 27, 42
    
      43, 48, 31
    
      32, 31, 49
    
      32, 50, 35
    
      51, 43, 33
    
      52, 33, 34
    
      53, 34, 44
    
      35, 54, 45
    
      55, 37, 36
    
      56, 36, 45
    
      46, 37, 57
    
      46, 47, 30
    
      47, 58, 38
    
      38, 59, 39
    
      39, 60, 40
    
      40, 61, 41
    
      41, 62, 42
    
      42, 63, 44
    
      48, 43, 64
    
      49, 31, 48
    
      50, 32, 49
    
      54, 35, 50
    
      43, 51, 64
    
      33, 52, 51
    
      34, 53, 52
    
      44, 65, 53
    
      66, 45, 54
    
      37, 55, 57
    
      36, 56, 55
    
      45, 66, 56
    
      57, 67, 46
    
      47, 46, 67
    
      58, 47, 68
    
      59, 38, 58
    
      60, 39, 59
    
      61, 40, 60
    
      62, 41, 61
    
      63, 42, 62
    
      65, 44, 63
    
      64, 69, 48
    
      49, 48, 69
    
      49, 70, 50
    
      50, 71, 54
    
      72, 64, 51
    
      73, 51, 52
    
      74, 52, 53
    
      75, 53, 65
    
      54, 76, 66
    
      77, 57, 55
    
      78, 55, 56
    
      79, 56, 66
    
      67, 57, 80
    
      67, 68, 47
    
      68, 81, 58
    
      58, 82, 59
    
      59, 83, 60
    
      60, 84, 61
    
      61, 85, 62
    
      62, 86, 63
    
      63, 87, 65
    
      69, 64, 88
    
      49, 69, 89
    
      70, 49, 89
    
      71, 50, 70
    
      76, 54, 71
    
      64, 72, 88
    
      51, 73, 72
    
      52, 74, 73
    
      53, 75, 74
    
      65, 90, 75
    
      91, 66, 76
    
      57, 77, 80
    
      55, 78, 77
    
      56, 79, 78
    
      66, 91, 79
    
      80, 92, 67
    
      68, 67, 92
    
      81, 68, 93
    
      82, 58, 81
    
      83, 59, 82
    
      84, 60, 83
    
      85, 61, 84
    
      86, 62, 85
    
      87, 63, 86
    
      90, 65, 87
    
      88, 94, 69
    
      89, 69, 95
    
      89, 96, 70
    
      70, 97, 71
    
      71, 98, 76
    
      99, 88, 72
    
      100, 72, 73
    
      101, 73, 74
    
      102, 74, 75
    
      103, 75, 90
    
      76, 104, 91
    
      105, 80, 77
    
      106, 77, 78
    
      107, 78, 79
    
      108, 79, 91
    
      92, 80, 109
    
      92, 93, 68
    
      93, 110, 81
    
      81, 111, 82
    
      82, 112, 83
    
      83, 113, 84
    
      84, 114, 85
    
      85, 115, 86
    
      86, 116, 87
    
      87, 117, 90
    
      94, 88, 118
    
      95, 69, 94
    
      96, 89, 95
    
      97, 70, 96
    
      98, 71, 97
    
      104, 76, 98
    
      88, 99, 118
    
      72, 100, 99
    
      73, 101, 100
    
      74, 102, 101
    
      75, 103, 102
    
      90, 119, 103
    
      120, 91, 104
    
      80, 105, 109
    
      77, 106, 105
    
      78, 107, 106
    
      79, 108, 107
    
      91, 120, 108
    
      109, 121, 92
    
      93, 92, 121
    
      110, 93, 122
    
      111, 81, 110
    
      112, 82, 111
    
      113, 83, 112
    
      114, 84, 113
    
      115, 85, 114
    
      116, 86, 115
    
      117, 87, 116
    
      119, 90, 117
    
      118, 123, 94
    
      95, 94, 124
    
      95, 125, 96
    
      96, 126, 97
    
      97, 127, 98
    
      98, 128, 104
    
      129, 118, 99
    
      130, 99, 100
    
      131, 100, 101
    
      132, 101, 102
    
      133, 102, 103
    
      134, 103, 119
    
      104, 135, 120
    
      136, 109, 105
    
      137, 105, 106
    
      138, 106, 107
    
      139, 107, 108
    
      140, 108, 120
    
      121, 109, 141
    
      121, 122, 93
    
      122, 142, 110
    
      142, 111, 110
    
      143, 112, 111
    
      112, 144, 113
    
      113, 145, 114
    
      114, 146, 115
    
      115, 147, 116
    
      116, 148, 117
    
      117, 149, 119
    
      123, 118, 150
    
      124, 94, 123
    
      125, 95, 124
    
      126, 96, 125
    
      127, 97, 126
    
      128, 98, 127
    
      135, 104, 128
    
      118, 129, 150
    
      99, 130, 129
    
      100, 131, 130
    
      101, 132, 131
    
      102, 133, 132
    
      103, 134, 133
    
      119, 151, 134
    
      152, 120, 135
    
      109, 136, 141
    
      105, 137, 136
    
      106, 138, 137
    
      107, 139, 138
    
      108, 140, 139
    
      120, 152, 140
    
      153, 121, 141
    
      122, 121, 154
    
      142, 122, 155
    
      111, 142, 143
    
      112, 143, 156
    
      144, 112, 156
    
      145, 113, 144
    
      146, 114, 145
    
      147, 115, 146
    
      148, 116, 147
    
      149, 117, 148
    
      151, 119, 149
    
      157, 123, 150
    
      124, 123, 158
    
      159, 125, 124
    
      160, 126, 125
    
      161, 127, 126
    
      162, 128, 127
    
      163, 135, 128
    
      164, 150, 129
    
      165, 129, 130
    
      166, 130, 131
    
      167, 131, 132
    
      168, 132, 133
    
      169, 133, 134
    
      170, 134, 151
    
      171, 152, 135
    
      172, 141, 136
    
      173, 136, 137
    
      174, 137, 138
    
      175, 138, 139
    
      176, 139, 140
    
      177, 140, 152
    
      121, 153, 154
    
      141, 172, 153
    
      154, 155, 122
    
      155, 178, 142
    
      178, 143, 142
    
      179, 156, 143
    
      180, 144, 156
    
      144, 181, 145
    
      145, 182, 146
    
      146, 183, 147
    
      147, 184, 148
    
      148, 185, 149
    
      149, 186, 151
    
      123, 157, 158
    
      150, 164, 157
    
      124, 158, 159
    
      125, 159, 160
    
      126, 160, 161
    
      127, 161, 162
    
      128, 162, 163
    
      135, 163, 171
    
      129, 165, 164
    
      130, 166, 165
    
      131, 167, 166
    
      132, 168, 167
    
      133, 169, 168
    
      134, 170, 169
    
      186, 170, 151
    
      152, 171, 187
    
      136, 173, 172
    
      137, 174, 173
    
      138, 175, 174
    
      139, 176, 175
    
      140, 177, 176
    
      152, 188, 177
    
      189, 154, 153
    
      190, 153, 172
    
      155, 154, 191
    
      178, 155, 192
    
      143, 178, 179
    
      156, 179, 180
    
      144, 180, 193
    
      181, 144, 193
    
      182, 145, 181
    
      183, 146, 182
    
      184, 147, 183
    
      185, 148, 184
    
      186, 149, 185
    
      194, 158, 157
    
      195, 157, 164
    
      159, 158, 196
    
      196, 160, 159
    
      197, 161, 160
    
      198, 162, 161
    
      199, 163, 162
    
      200, 171, 163
    
      201, 164, 165
    
      202, 165, 166
    
      203, 166, 167
    
      204, 167, 168
    
      205, 168, 169
    
      170, 205, 169
    
      170, 186, 206
    
      207, 187, 171
    
      188, 152, 187
    
      208, 172, 173
    
      209, 173, 174
    
      210, 174, 175
    
      211, 175, 176
    
      212, 176, 177
    
      213, 177, 188
    
      154, 189, 191
    
      153, 190, 189
    
      172, 208, 190
    
      191, 192, 155
    
      192, 214, 178
    
      214, 179, 178
    
      215, 180, 179
    
      216, 193, 180
    
      193, 217, 181
    
      181, 218, 182
    
      182, 219, 183
    
      183, 220, 184
    
      184, 221, 185
    
      185, 222, 186
    
      158, 194, 223
    
      157, 195, 194
    
      164, 201, 195
    
      196, 158, 223
    
      160, 196, 197
    
      161, 197, 198
    
      162, 198, 199
    
      163, 199, 200
    
      171, 200, 207
    
      165, 202, 201
    
      166, 203, 202
    
      167, 204, 203
    
      168, 205, 204
    
      205, 170, 224
    
      222, 206, 186
    
      206, 224, 170
    
      187, 207, 225
    
      225, 188, 187
    
      173, 209, 208
    
      174, 210, 209
    
      175, 211, 210
    
      176, 212, 211
    
      177, 213, 212
    
      226, 213, 188
    
      189, 227, 191
    
      228, 189, 190
    
      229, 190, 208
    
      192, 191, 227
    
      214, 192, 230
    
      179, 214, 215
    
      180, 215, 216
    
      193, 216, 231
    
      217, 193, 231
    
      218, 181, 217
    
      219, 182, 218
    
      220, 183, 219
    
      221, 184, 220
    
      222, 185, 221
    
      232, 223, 194
    
      233, 194, 195
    
      234, 195, 201
    
      196, 223, 235
    
      235, 197, 196
    
      232, 198, 197
    
      233, 199, 198
    
      234, 200, 199
    
      236, 207, 200
    
      236, 201, 202
    
      237, 202, 203
    
      238, 203, 204
    
      239, 204, 205
    
      224, 239, 205
    
      206, 222, 240
    
      224, 206, 241
    
      237, 225, 207
    
      188, 225, 226
    
      242, 208, 209
    
      243, 209, 210
    
      244, 210, 211
    
      245, 211, 212
    
      213, 245, 212
    
      213, 226, 246
    
      227, 189, 247
    
      189, 228, 247
    
      190, 229, 228
    
      208, 242, 229
    
      227, 230, 192
    
      230, 248, 214
    
      248, 215, 214
    
      249, 216, 215
    
      250, 231, 216
    
      231, 251, 217
    
      217, 252, 218
    
      218, 253, 219
    
      219, 254, 220
    
      220, 255, 221
    
      221, 256, 222
    
      223, 232, 235
    
      194, 233, 232
    
      195, 234, 233
    
      201, 236, 234
    
      197, 235, 232
    
      198, 232, 233
    
      199, 233, 234
    
      200, 234, 236
    
      207, 236, 237
    
      202, 237, 236
    
      203, 238, 237
    
      204, 239, 238
    
      239, 224, 257
    
      256, 240, 222
    
      240, 241, 206
    
      241, 257, 224
    
      225, 237, 238
    
      238, 226, 225
    
      209, 243, 242
    
      210, 244, 243
    
      211, 245, 244
    
      245, 213, 258
    
      239, 246, 226
    
      246, 258, 213
    
      247, 259, 227
    
      260, 247, 228
    
      261, 228, 229
    
      262, 229, 242
    
      230, 227, 259
    
      248, 230, 263
    
      215, 248, 249
    
      216, 249, 250
    
      231, 250, 264
    
      251, 231, 264
    
      252, 217, 251
    
      253, 218, 252
    
      254, 219, 253
    
      255, 220, 254
    
      256, 221, 255
    
      226, 238, 239
    
      246, 239, 257
    
      240, 256, 265
    
      241, 240, 266
    
      257, 241, 267
    
      268, 242, 243
    
      269, 243, 244
    
      270, 244, 245
    
      258, 270, 245
    
      258, 246, 271
    
      259, 247, 272
    
      247, 260, 272
    
      228, 261, 260
    
      229, 262, 261
    
      242, 268, 262
    
      259, 263, 230
    
      263, 273, 248
    
      273, 249, 248
    
      274, 250, 249
    
      275, 264, 250
    
      264, 276, 251
    
      251, 277, 252
    
      252, 278, 253
    
      253, 279, 254
    
      254, 280, 255
    
      255, 281, 256
    
      257, 271, 246
    
      281, 265, 256
    
      265, 266, 240
    
      266, 267, 241
    
      271, 257, 267
    
      243, 269, 268
    
      244, 270, 269
    
      270, 258, 282
    
      271, 282, 258
    
      272, 283, 259
    
      284, 272, 260
    
      285, 260, 261
    
      286, 261, 262
    
      287, 262, 268
    
      263, 259, 283
    
      273, 263, 288
    
      249, 273, 274
    
      250, 274, 275
    
      264, 275, 289
    
      276, 264, 289
    
      277, 251, 276
    
      278, 252, 277
    
      279, 253, 278
    
      280, 254, 279
    
      281, 255, 280
    
      265, 281, 290
    
      266, 265, 291
    
      267, 266, 292
    
      267, 293, 271
    
      294, 268, 269
    
      295, 269, 270
    
      282, 295, 270
    
      282, 271, 293
    
      283, 272, 296
    
      272, 284, 296
    
      260, 285, 284
    
      261, 286, 285
    
      262, 287, 286
    
      268, 294, 287
    
      283, 288, 263
    
      288, 297, 273
    
      297, 274, 273
    
      298, 275, 274
    
      299, 289, 275
    
      289, 300, 276
    
      276, 301, 277
    
      277, 302, 278
    
      278, 303, 279
    
      279, 304, 280
    
      280, 305, 281
    
      305, 290, 281
    
      290, 291, 265
    
      291, 292, 266
    
      293, 267, 292
    
      269, 295, 294
    
      295, 282, 306
    
      293, 306, 282
    
      296, 307, 283
    
      308, 296, 284
    
      309, 284, 285
    
      310, 285, 286
    
      311, 286, 287
    
      312, 287, 294
    
      288, 283, 307
    
      297, 288, 313
    
      274, 297, 298
    
      275, 298, 299
    
      289, 299, 314
    
      300, 289, 314
    
      301, 276, 300
    
      302, 277, 301
    
      303, 278, 302
    
      304, 279, 303
    
      305, 280, 304
    
      290, 305, 315
    
      291, 290, 316
    
      292, 291, 317
    
      292, 318, 293
    
      319, 294, 295
    
      306, 319, 295
    
      306, 293, 318
    
      307, 296, 320
    
      296, 308, 320
    
      284, 309, 308
    
      285, 310, 309
    
      286, 311, 310
    
      287, 312, 311
    
      294, 319, 312
    
      307, 313, 288
    
      313, 321, 297
    
      321, 298, 297
    
      322, 299, 298
    
      323, 314, 299
    
      314, 324, 300
    
      300, 325, 301
    
      301, 326, 302
    
      302, 327, 303
    
      303, 328, 304
    
      304, 329, 305
    
      329, 315, 305
    
      315, 316, 290
    
      316, 317, 291
    
      318, 292, 317
    
      319, 306, 330
    
      318, 330, 306
    
      320, 331, 307
    
      332, 320, 308
    
      333, 308, 309
    
      334, 309, 310
    
      335, 310, 311
    
      336, 311, 312
    
      337, 312, 319
    
      313, 307, 331
    
      321, 313, 338
    
      298, 321, 322
    
      299, 322, 323
    
      314, 323, 339
    
      324, 314, 339
    
      325, 300, 324
    
      326, 301, 325
    
      327, 302, 326
    
      328, 303, 327
    
      329, 304, 328
    
      315, 329, 340
    
      316, 315, 341
    
      317, 316, 342
    
      317, 343, 318
    
      330, 337, 319
    
      330, 318, 343
    
      331, 320, 344
    
      320, 332, 344
    
      308, 333, 332
    
      309, 334, 333
    
      310, 335, 334
    
      311, 336, 335
    
      312, 337, 336
    
      331, 338, 313
    
      338, 345, 321
    
      321, 346, 322
    
      322, 340, 323
    
      323, 329, 339
    
      339, 328, 324
    
      324, 327, 325
    
      325, 327, 326
    
      324, 328, 327
    
      339, 329, 328
    
      323, 340, 329
    
      340, 341, 315
    
      341, 342, 316
    
      343, 317, 342
    
      337, 330, 347
    
      343, 347, 330
    
      344, 348, 331
    
      332, 349, 344
    
      333, 350, 332
    
      334, 351, 333
    
      335, 352, 334
    
      336, 353, 335
    
      337, 354, 336
    
      338, 331, 348
    
      338, 355, 345
    
      321, 345, 346
    
      322, 346, 340
    
      341, 340, 346
    
      342, 341, 356
    
      342, 357, 343
    
      347, 358, 337
    
      347, 343, 357
    
      348, 344, 349
    
      349, 332, 350
    
      350, 333, 351
    
      351, 334, 352
    
      352, 335, 353
    
      353, 336, 354
    
      354, 337, 358
    
      348, 355, 338
    
      355, 356, 345
    
      356, 346, 345
    
      346, 356, 341
    
      357, 342, 356
    
      358, 347, 359
    
      357, 359, 347
    
      349, 359, 348
    
      350, 358, 349
    
      351, 354, 350
    
      353, 351, 352
    
      351, 353, 354
    
      350, 354, 358
    
      348, 359, 355
    
      356, 355, 357
    
      349, 358, 359
    
      359, 357, 355
   
    
      -0.0337009876966
      0.101933628321
      0.00346175674349
    
      -0.0337009876966
      0.101933628321
      0.00203825253993
    
      -0.0337946899235
      0.101933628321
      0.00275000464171
    
      -0.0334262624383
      0.101933628321
      0.00412500463426
    
      -0.0337946899235
      -0.0674035847187
      0.00274999719113
    
      -0.0337009876966
      -0.0674006193876
      0.00346174929291
    
      -0.0334262624383
      -0.0673919096589
      0.00412499718368
    
      -0.0334262624383
      0.101933628321
      0.00137500453275
    
      -0.0337009876966
      -0.0674006193876
      0.00203824532218
    
      -0.0329892374575
      -0.0673780366778
      0.00469454098493
    
      -0.0329892374575
      0.101933628321
      0.000805460498668
    
      -0.0335219241679
      -0.0716998949647
      0.0027499969583
    
      -0.0334287881851
      -0.0716880187392
      0.00346174906008
    
      -0.0331557169557
      -0.0716532170773
      0.00412499718368
    
      -0.0329892374575
      0.101933628321
      0.00469454890117
    
      -0.0327213257551
      -0.0715978294611
      0.00469454098493
    
      -0.0334262624383
      -0.0673919096589
      0.00137499708217
    
      -0.0334287881851
      -0.0716880187392
      0.00203824485652
    
      -0.0324196889997
      0.101933628321
      0.00513157481328
    
      -0.0321552194655
      -0.0715256556869
      0.0051315673627
    
      -0.0324196889997
      0.101933628321
      0.000368434441043
    
      -0.0329892374575
      -0.0673780366778
      0.000805453106295
    
      -0.0326914824545
      -0.0760130360723
      0.00274999672547
    
      -0.0326005965471
      -0.0759894773364
      0.00346174882725
    
      -0.0323341190815
      -0.0759203955531
      0.00412499671802
    
      -0.031910225749
      -0.075810521841
      0.00469454051927
    
      -0.0324196889997
      -0.0673599913716
      0.0051315673627
    
      -0.0313577912748
      -0.0756673440337
      0.0051315673627
    
      -0.0324196889997
      -0.0673599913716
      0.00036842704867
    
      -0.0331557169557
      -0.0716532170773
      0.00137499696575
    
      -0.0326005965471
      -0.0759894773364
      0.00203824485652
    
      -0.0317564457655
      0.101933628321
      0.00540630100295
    
      -0.0317564457655
      0.101933628321
      9.37085205805e-05
    
      -0.0314959734678
      -0.0714416056871
      0.00540629308671
    
      -0.0307144653052
      -0.07550060004
      0.00540629308671
    
      -0.0317564457655
      -0.0673389434814
      9.37011282076e-05
    
      -0.0321552194655
      -0.0715256556869
      0.000368426815839
    
      -0.0327213257551
      -0.0715978294611
      0.00080545298988
    
      -0.0313222408295
      -0.0801864936948
      0.00274999649264
    
      -0.0312350615859
      -0.0801516324282
      0.00346174882725
    
      -0.0309794638306
      -0.0800494253635
      0.00412499671802
    
      -0.0305728632957
      -0.0798868313432
      0.00469454051927
    
      -0.0300429724157
      -0.0796749144793
      0.00513156689703
    
      -0.0317564457655
      -0.0673389434814
      0.00540629308671
    
      -0.0294259022921
      -0.0794281512499
      0.00540629262105
    
      -0.0314959734678
      -0.0714416056871
      9.3700888101e-05
    
      -0.0323341190815
      -0.0759203955531
      0.00137499673292
    
      -0.0312350615859
      -0.0801516324282
      0.00203824462369
    
      -0.0310446936637
      0.101933628321
      0.00550000509247
    
      -0.0310446936637
      0.101933628321
      4.52995330136e-09
    
      -0.0310446936637
      -0.0673163756728
      -2.86102297409e-09
    
      -0.0307885166258
      -0.071351416409
      0.00549999717623
    
      -0.0300240926445
      -0.0753216594458
      0.00549999671057
    
      -0.0287637021393
      -0.0791633352637
      0.00549999624491
    
      -0.0307885166258
      -0.071351416409
      -3.09944159227e-09
    
      -0.0313577912748
      -0.0756673440337
      0.000368426583009
    
      -0.0307144653052
      -0.07550060004
      9.37006552704e-05
    
      -0.031910225749
      -0.075810521841
      0.000805452757049
    
      -0.0294361840934
      -0.0841532945633
      0.00274999649264
    
      -0.0293541140854
      -0.0841076821089
      0.00346174859442
    
      -0.0291134938598
      -0.0839739739895
      0.00412499625236
    
      -0.0287307221442
      -0.0837612524629
      0.00469454005361
    
      -0.0282318834215
      -0.0834840461612
      0.00513156689703
    
      -0.0276509784162
      -0.0831612125039
      0.00540629262105
    
      -0.0310446936637
      -0.0673163756728
      0.00549999717623
    
      -0.0270275846124
      -0.0828147754073
      0.00549999624491
    
      -0.0300240926445
      -0.0753216594458
      -3.33786021045e-09
    
      -0.0309794638306
      -0.0800494253635
      0.00137499661651
    
      -0.0293541140854
      -0.0841076821089
      0.00203824439086
    
      -0.0303329434246
      0.101933628321
      0.00540630100295
    
      -0.0303329434246
      -0.0672938078642
      9.37011282076e-05
    
      -0.0300810560584
      -0.0712612196803
      9.3700888101e-05
    
      -0.0300810560584
      -0.0712612196803
      0.00540629308671
    
      -0.0293337199837
      -0.0751427039504
      0.00540629308671
    
      -0.028101503849
      -0.0788985192776
      0.00540629308671
    
      -0.0264041926712
      -0.0824683383107
      0.00540629262105
    
      -0.0293337199837
      -0.0751427039504
      9.37006552704e-05
    
      -0.0300429724157
      -0.0796749144793
      0.000368426350178
    
      -0.0294259022921
      -0.0794281512499
      9.37004151638e-05
    
      -0.0287637021393
      -0.0791633352637
      -3.57627882863e-09
    
      -0.0305728632957
      -0.0798868313432
      0.000805452640634
    
      -0.0270635988563
      -0.0878497213125
      0.00274999625981
    
      -0.0269879568368
      -0.0877941027284
      0.00346174836159
    
      -0.0267661772668
      -0.0876310169697
      0.00412499625236
    
      -0.0264133829623
      -0.0873716026545
      0.00469454005361
    
      -0.0259536094964
      -0.0870335251093
      0.00513156643137
    
      -0.0254181902856
      -0.0866398364305
      0.00540629215539
    
      -0.0248436182737
      -0.0862173363566
      0.00549999624491
    
      -0.0303329434246
      -0.0672938078642
      0.00540629308671
    
      -0.0303329434246
      0.101933628321
      9.37085205805e-05
    
      -0.0242690443993
      -0.0857948511839
      0.00540629215539
    
      -0.028101503849
      -0.0788985192776
      9.37006552704e-05
    
      -0.0291134938598
      -0.0839739739895
      0.00137499638367
    
      -0.0269879568368
      -0.0877941027284
      0.00203824439086
    
      -0.0296696946025
      0.101933628321
      0.00513157481328
    
      -0.0296696946025
      0.101933628321
      0.000368434441043
    
      -0.0296696946025
      -0.0672727674246
      0.00036842704867
    
      -0.0294218100607
      -0.0711771696806
      0.000368426815839
    
      -0.0286903977394
      -0.0749759674072
      0.000368426583009
    
      -0.0294218100607
      -0.0711771696806
      0.0051315673627
    
      -0.0286903977394
      -0.0749759674072
      0.0051315673627
    
      -0.0274844355881
      -0.0786517560482
      0.0051315673627
    
      -0.0258232858032
      -0.0821455270052
      0.00513156689703
    
      -0.0237336270511
      -0.0854011401534
      0.00513156643137
    
      -0.0274844355881
      -0.0786517560482
      0.000368426583009
    
      -0.0282318834215
      -0.0834840461612
      0.000368426350178
    
      -0.0276509784162
      -0.0831612125039
      9.37004151638e-05
    
      -0.0270275846124
      -0.0828147754073
      -3.57627882863e-09
    
      -0.0264041926712
      -0.0824683383107
      9.37004151638e-05
    
      -0.0287307221442
      -0.0837612524629
      0.000805452407803
    
      -0.0242425873876
      -0.0912164077163
      0.00274999602698
    
      -0.0241745840758
      -0.0911516621709
      0.00346174836159
    
      -0.023975212127
      -0.0909618586302
      0.00412499625236
    
      -0.0236580558121
      -0.0906599014997
      0.00469454005361
    
      -0.0232447292656
      -0.0902663916349
      0.00513156643137
    
      -0.0227634012699
      -0.0898081436753
      0.00540629215539
    
      -0.0222468730062
      -0.0893163830042
      0.00549999624491
    
      -0.0217303466052
      -0.088824622333
      0.00540629215539
    
      -0.0296696946025
      -0.0672727674246
      0.0051315673627
    
      -0.0212490167469
      -0.0883663669229
      0.00513156643137
    
      -0.0258232858032
      -0.0821455270052
      0.000368426350178
    
      -0.0267661772668
      -0.0876310169697
      0.00137499626726
    
      -0.0241745840758
      -0.0911516621709
      0.00203824415803
    
      -0.0291001498699
      0.101933628321
      0.00469454890117
    
      -0.0291001498699
      0.101933628321
      0.000805460498668
    
      -0.0291001498699
      -0.0672547146678
      0.000805453106295
    
      -0.0288557000458
      -0.0711049959064
      0.00080545298988
    
      -0.0281379614025
      -0.0748327821493
      0.000805452873465
    
      -0.0269545428455
      -0.0784398540854
      0.000805452640634
    
      -0.0288557000458
      -0.0711049959064
      0.00469454098493
    
      -0.0281379614025
      -0.0748327821493
      0.00469454098493
    
      -0.0269545428455
      -0.0784398540854
      0.00469454051927
    
      -0.0253244489431
      -0.0818683058023
      0.00469454051927
    
      -0.0232738535851
      -0.0850630700588
      0.00469454005361
    
      -0.0208356902003
      -0.087972857058
      0.00469454005361
    
      -0.0253244489431
      -0.0818683058023
      0.000805452524219
    
      -0.0259536094964
      -0.0870335251093
      0.000368426088244
    
      -0.0254181902856
      -0.0866398364305
      9.37001750572e-05
    
      -0.0248436182737
      -0.0862173363566
      -3.81469744681e-09
    
      -0.0242690443993
      -0.0857948511839
      9.37001750572e-05
    
      -0.0237336270511
      -0.0854011401534
      0.000368426088244
    
      -0.0264133829623
      -0.0873716026545
      0.000805452291388
    
      -0.0210184492171
      -0.0941992998123
      0.00274999602698
    
      -0.0209591798484
      -0.0941264852881
      0.00346174812876
    
      -0.0205089896917
      -0.0935733392835
      0.00469454005361
    
      -0.0201487485319
      -0.0931307077408
      0.00513156643137
    
      -0.0197292417288
      -0.0926152691245
      0.00540629215539
    
      -0.0192790515721
      -0.092062138021
      0.00549999624491
    
      -0.0188288614154
      -0.0915089920163
      0.00540629215539
    
      -0.0184093527496
      -0.0909935534
      0.00513156643137
    
      -0.0291001498699
      -0.0672547146678
      0.00469454098493
    
      -0.0180491115898
      -0.0905509218574
      0.00469454005361
    
      -0.0232738535851
      -0.0850630700588
      0.000805452407803
    
      -0.0236580558121
      -0.0906599014997
      0.000805452174973
    
      -0.023975212127
      -0.0909618586302
      0.00137499615084
    
      -0.0209591798484
      -0.0941264852881
      0.0020382439252
    
      -0.0207854155451
      -0.0939129665494
      0.00412499625236
    
      -0.0286631230265
      -0.0672408491373
      0.00412499718368
    
      -0.0286631230265
      0.101933628321
      0.00412500463426
    
      -0.0286631230265
      0.101933628321
      0.00137500453275
    
      -0.0286631230265
      -0.0672408491373
      0.00137499708217
    
      -0.0284213107079
      -0.0710496082902
      0.00137499696575
    
      -0.0277140624821
      -0.0747229009867
      0.00137499684934
    
      -0.0265479423106
      -0.0782772526145
      0.00137499661651
    
      -0.0284213107079
      -0.0710496082902
      0.00412499718368
    
      -0.0277140624821
      -0.0747229009867
      0.00412499671802
    
      -0.0265479423106
      -0.0782772526145
      0.00412499671802
    
      -0.0249416772276
      -0.0816555842757
      0.00412499625236
    
      -0.022921057418
      -0.0848036557436
      0.00412499625236
    
      -0.0205185338855
      -0.0876708999276
      0.00412499625236
    
      -0.0177726894617
      -0.0902112945914
      0.00412499625236
    
      -0.0249416772276
      -0.0816555842757
      0.00137499650009
    
      -0.0232447292656
      -0.0902663916349
      0.000368425855413
    
      -0.0227634012699
      -0.0898081436753
      9.37001750572e-05
    
      -0.0222468730062
      -0.0893163830042
      -3.81469744681e-09
    
      -0.0217303466052
      -0.088824622333
      9.37001750572e-05
    
      -0.0212490167469
      -0.0883663669229
      0.000368426088244
    
      -0.0208356902003
      -0.087972857058
      0.000805452291388
    
      -0.0174429602921
      -0.0967504903674
      0.00274999579415
    
      -0.0173933766782
      -0.096670769155
      0.00346174789593
    
      -0.0172480084002
      -0.0964369848371
      0.0041249957867
    
      -0.0167153850198
      -0.095580495894
      0.00513156643137
    
      -0.0163644310087
      -0.0950161367655
      0.00540629215539
    
      -0.0159878097475
      -0.0944105088711
      0.00549999624491
    
      -0.0156111903489
      -0.0938048735261
      0.00540629215539
    
      -0.0152602363378
      -0.0932405143976
      0.00513156643137
    
      -0.0149588640779
      -0.0927558913827
      0.00469454005361
    
      -0.022921057418
      -0.0848036557436
      0.00137499638367
    
      -0.0205185338855
      -0.0876708999276
      0.00137499626726
    
      -0.0205089896917
      -0.0935733392835
      0.00080545200035
    
      -0.0201487485319
      -0.0931307077408
      0.000368425855413
    
      -0.0207854155451
      -0.0939129665494
      0.00137499603443
    
      -0.0173933766782
      -0.096670769155
      0.0020382439252
    
      -0.017016755417
      -0.0960651263595
      0.00469454005361
    
      -0.0283883977681
      -0.067232131958
      0.00346174929291
    
      -0.0281482432038
      -0.0710148066282
      0.00346174906008
    
      -0.0283883977681
      0.101933628321
      0.00203825253993
    
      -0.0283883977681
      -0.067232131958
      0.00203824532218
    
      -0.0281482432038
      -0.0710148066282
      0.00203824508935
    
      -0.0274475887418
      -0.074653826654
      0.00203824485652
    
      -0.0262923445553
      -0.0781750380993
      0.00203824485652
    
      -0.0274475887418
      -0.074653826654
      0.00346174882725
    
      -0.0262923445553
      -0.0781750380993
      0.00346174882725
    
      -0.0247010570019
      -0.0815218687057
      0.00346174859442
    
      -0.0226992815733
      -0.0846405848861
      0.00346174859442
    
      -0.0203191619366
      -0.0874810963869
      0.00346174836159
    
      -0.01472761482
      -0.0923840254545
      0.00412499625236
    
      -0.0247010570019
      -0.0815218687057
      0.00203824462369
    
      -0.0197292417288
      -0.0926152691245
      9.36999349506e-05
    
      -0.0192790515721
      -0.092062138021
      -4.05311606499e-09
    
      -0.0188288614154
      -0.0915089920163
      9.36999349506e-05
    
      -0.0184093527496
      -0.0909935534
      0.000368425855413
    
      -0.0180491115898
      -0.0905509218574
      0.000805452174973
    
      -0.0177726894617
      -0.0902112945914
      0.00137499615084
    
      -0.013573535718
      -0.0988290160894
      0.00274999579415
    
      -0.0135344350711
      -0.0987436547875
      0.00346174789593
    
      -0.0134197957814
      -0.0984933823347
      0.0041249957867
    
      -0.0129997693002
      -0.0975764021277
      0.00513156643137
    
      -0.0127230072394
      -0.0969721898437
      0.00540629215539
    
      -0.0124260019511
      -0.0963237956166
      0.00549999577925
    
      -0.0121289994568
      -0.0956753864884
      0.00540629215539
    
      -0.0118522355333
      -0.0950711891055
      0.00513156643137
    
      -0.0116145741194
      -0.0945523232222
      0.00469454005361
    
      -0.0283883977681
      0.101933628321
      0.00346175674349
    
      -0.0175989214331
      -0.0899977907538
      0.00346174836159
    
      -0.0226992815733
      -0.0846405848861
      0.00203824439086
    
      -0.0203191619366
      -0.0874810963869
      0.00203824439086
    
      -0.0172480084002
      -0.0964369848371
      0.00137499591801
    
      -0.0167153850198
      -0.095580495894
      0.000368425622582
    
      -0.0163644310087
      -0.0950161367655
      9.36999349506e-05
    
      -0.0135344350711
      -0.0987436547875
      0.0020382439252
    
      -0.0132374325767
      -0.0980952531099
      0.00469453958794
    
      -0.0282946936786
      -0.0672291740775
      0.00274999719113
    
      -0.0280551034957
      -0.0710029304028
      0.0027499969583
    
      -0.0273567009717
      -0.0746302828193
      0.00274999672547
    
      -0.0282946936786
      0.101933628321
      0.00275000464171
    
      -0.026205163449
      -0.0781401693821
      0.00274999672547
    
      -0.0246189851314
      -0.0814762637019
      0.00274999649264
    
      -0.0226236376911
      -0.0845849663019
      0.00274999625981
    
      -0.0202511604875
      -0.0874163582921
      0.00274999625981
    
      -0.0114322090521
      -0.0941542088985
      0.0041249957867
    
      -0.0145822446793
      -0.0921502560377
      0.00346174812876
    
      -0.0159878097475
      -0.0944105088711
      -4.05311606499e-09
    
      -0.0156111903489
      -0.0938048735261
      9.36999349506e-05
    
      -0.0152602363378
      -0.0932405143976
      0.000368425855413
    
      -0.0149588640779
      -0.0927558913827
      0.00080545200035
    
      -0.0175989214331
      -0.0899977907538
      0.00203824415803
    
      -0.017016755417
      -0.0960651263595
      0.000805451883934
    
      -0.009472316131
      -0.100401490927
      0.00274999579415
    
      -0.00944432429969
      -0.100311882794
      0.00346174789593
    
      -0.00936225801706
      -0.100049108267
      0.0041249957867
    
      -0.00906156841666
      -0.099086381495
      0.00513156643137
    
      -0.00886344444007
      -0.0984520167112
      0.00540629215539
    
      -0.00865082535893
      -0.0977712571621
      0.00549999577925
    
      -0.00843820907176
      -0.0970905050635
      0.00540629215539
    
      -0.00824008136988
      -0.0964561477304
      0.00513156643137
    
      -0.00806994177401
      -0.09591139853
      0.00469454005361
    
      -0.0175396539271
      -0.0899249613285
      0.00274999625981
    
      -0.01472761482
      -0.0923840254545
      0.00137499603443
    
      -0.0134197957814
      -0.0984933823347
      0.0013749958016
    
      -0.0129997693002
      -0.0975764021277
      0.000368425622582
    
      -0.0127230072394
      -0.0969721898437
      9.3699694844e-05
    
      -0.0124260019511
      -0.0963237956166
      -4.29153468318e-09
    
      -0.00944432429969
      -0.100311882794
      0.00203824369237
    
      -0.00923170801252
      -0.0996311232448
      0.00469453958794
    
      -0.00793939176947
      -0.0954934135079
      0.0041249957867
    
      -0.0113175716251
      -0.0939039364457
      0.00346174812876
    
      -0.0145326610655
      -0.0920705273747
      0.00274999602698
    
      -0.0121289994568
      -0.0956753864884
      9.3699694844e-05
    
      -0.0118522355333
      -0.0950711891055
      0.000368425855413
    
      -0.0116145741194
      -0.0945523232222
      0.000805451883934
    
      -0.0145822446793
      -0.0921502560377
      0.00203824415803
    
      -0.0132374325767
      -0.0980952531099
      0.000805451767519
    
      -0.00520515814424
      -0.101442679763
      0.00274999556132
    
      -0.00518872449175
      -0.101350240409
      0.00346174789593
    
      -0.00514054857194
      -0.101079195738
      0.0041249957867
    
      -0.00496403081343
      -0.100086167455
      0.00513156643137
    
      -0.00484772073105
      -0.0994318425655
      0.00540629215539
    
      -0.00472290394828
      -0.0987296625972
      0.00549999577925
    
      -0.0045980871655
      -0.09802749753
      0.00540629215539
    
      -0.00448177289218
      -0.0973731726408
      0.00513156643137
    
      -0.00438189692795
      -0.0968112871051
      0.00469454005361
    
      -0.0114322090521
      -0.0941542088985
      0.00137499591801
    
      -0.00936225801706
      -0.100049108267
      0.00137499568518
    
      -0.00906156841666
      -0.099086381495
      0.000368425622582
    
      -0.00886344444007
      -0.0984520167112
      9.3699694844e-05
    
      -0.00865082535893
      -0.0977712571621
      -4.29153468318e-09
    
      -0.00843820907176
      -0.0970905050635
      9.3699694844e-05
    
      -0.00518872449175
      -0.101350240409
      0.00203824369237
    
      -0.00506390724331
      -0.100648060441
      0.00469453958794
    
      -0.00430525559932
      -0.0963801294565
      0.0041249957867
    
      -0.00785732641816
      -0.095230653882
      0.00346174812876
    
      -0.0112784691155
      -0.0938185602427
      0.00274999602698
    
      -0.0113175716251
      -0.0939039364457
      0.0020382439252
    
      -0.00824008136988
      -0.0964561477304
      0.000368425622582
    
      -0.00806994177401
      -0.09591139853
      0.000805451883934
    
      -0.00923170801252
      -0.0996311232448
      0.000805451651104
    
      -0.000860183674376
      -0.101933628321
      0.00274999556132
    
      -0.000854904181324
      -0.101839922369
      0.00346174789593
    
      -0.000839435553644
      -0.101565204561
      0.0041249957867
    
      -0.00078274536645
      -0.100558631122
      0.00513156643137
    
      -0.000745395664126
      -0.099895387888
      0.00540629215539
    
      -0.000705310783815
      -0.0991836264729
      0.00549999577925
    
      -0.000665225961711
      -0.0984718799591
      0.00540629215539
    
      -0.000627872417681
      -0.0978086292744
      0.00513156643137
    
      -0.000595798483118
      -0.0972390919924
      0.00469453958794
    
      -0.00793939176947
      -0.0954934135079
      0.00137499591801
    
      -0.00514054857194
      -0.101079195738
      0.00137499568518
    
      -0.00496403081343
      -0.100086167455
      0.000368425622582
    
      -0.00484772073105
      -0.0994318425655
      9.3699694844e-05
    
      -0.00472290394828
      -0.0987296625972
      -4.29153468318e-09
    
      -0.0045980871655
      -0.09802749753
      9.3699694844e-05
    
      -0.00448177289218
      -0.0973731726408
      0.000368425622582
    
      -0.000854904181324
      -0.101839922369
      0.00203824369237
    
      -0.000814823142719
      -0.101128175855
      0.00469453958794
    
      -0.000571186013985
      -0.0968020707369
      0.0041249957867
    
      -0.00425707967952
      -0.0961091071367
      0.00346174812876
    
      -0.00782933458686
      -0.0951410233974
      0.00274999602698
    
      -0.00785732641816
      -0.095230653882
      0.0020382439252
    
      -0.00438189692795
      -0.0968112871051
      0.000805451883934
    
      -0.00506390724331
      -0.100648060441
      0.000805451651104
    
      0.0337946899235
      -0.101933628321
      0.00274999556132
    
      0.0337946899235
      -0.101839922369
      0.00346174789593
    
      0.0337946899235
      -0.101565204561
      0.0041249957867
    
      0.0337946899235
      -0.100558631122
      0.00513156643137
    
      0.0337946899235
      -0.099895387888
      0.00540629215539
    
      0.0337946899235
      -0.0991836264729
      0.00549999577925
    
      0.0337946899235
      -0.0984718799591
      0.00540629215539
    
      0.0337946899235
      -0.0978086292744
      0.00513156643137
    
      0.0337946899235
      -0.0972390919924
      0.00469453958794
    
      -0.00430525559932
      -0.0963801294565
      0.00137499591801
    
      -0.000839435553644
      -0.101565204561
      0.00137499568518
    
      -0.00078274536645
      -0.100558631122
      0.000368425622582
    
      -0.000745395664126
      -0.099895387888
      9.3699694844e-05
    
      -0.000705310783815
      -0.0991836264729
      -4.29153468318e-09
    
      -0.000665225961711
      -0.0984718799591
      9.3699694844e-05
    
      -0.000627872417681
      -0.0978086292744
      0.000368425622582
    
      -0.000595798483118
      -0.0972390919924
      0.000805451767519
    
      0.0337946899235
      -0.101839922369
      0.00203824369237
    
      0.0337946899235
      -0.101128175855
      0.00469453958794
    
      0.0337946899235
      -0.0968020707369
      0.0041249957867
    
      -0.000555713602807
      -0.0965273305774
      0.00346174789593
    
      -0.00424064602703
      -0.0960166677833
      0.00274999579415
    
      -0.00425707967952
      -0.0961091071367
      0.0020382439252
    
      -0.000814823142719
      -0.101128175855
      0.000805451651104
    
      0.0337946899235
      -0.0964336320758
      0.00274999579415
    
      0.0337946899235
      -0.0965273305774
      0.00346174789593
    
      -0.000571186013985
      -0.0968020707369
      0.00137499591801
    
      0.0337946899235
      -0.101565204561
      0.00137499568518
    
      0.0337946899235
      -0.101128175855
      0.000805451651104
    
      0.0337946899235
      -0.100558631122
      0.000368425622582
    
      0.0337946899235
      -0.099895387888
      9.3699694844e-05
    
      0.0337946899235
      -0.0991836264729
      -4.29153468318e-09
    
      0.0337946899235
      -0.0984718799591
      9.3699694844e-05
    
      0.0337946899235
      -0.0978086292744
      0.000368425622582
    
      0.0337946899235
      -0.0965273305774
      0.0020382439252
    
      -0.000550437893253
      -0.0964336320758
      0.00274999579415
    
      -0.000555713602807
      -0.0965273305774
      0.0020382439252
    
      0.0337946899235
      -0.0972390919924
      0.000805451767519
    
      0.0337946899235
      -0.0968020707369
      0.00137499591801
    
      -0.0310446936637
      0.101933628321
      0.00275000464171
    
      -0.0310446936637
      -0.0673163756728
      0.00274999719113
    
      -0.0307885166258
      -0.071351416409
      0.0027499969583
    
      -0.0300240926445
      -0.0753216594458
      0.00274999672547
    
      -0.0287637021393
      -0.0791633352637
      0.00274999649264
    
      -0.0270275846124
      -0.0828147754073
      0.00274999649264
    
      -0.0248436182737
      -0.0862173363566
      0.00274999625981
    
      -0.0222468730062
      -0.0893163830042
      0.00274999625981
    
      -0.0192790515721
      -0.092062138021
      0.00274999602698
    
      -0.0159878097475
      -0.0944105088711
      0.00274999602698
    
      -0.0124260019511
      -0.0963237956166
      0.00274999579415
    
      -0.00865082535893
      -0.0977712571621
      0.00274999579415
    
      -0.00472290394828
      -0.0987296625972
      0.00274999579415
    
      -0.000705310783815
      -0.0991836264729
      0.00274999579415
    
      0.0337946899235
      -0.0991836264729
      0.00274999579415
