
  
 
   
    
      0, 1, 2
    
      1, 0, 3
    
      1, 3, 4
    
      4, 3, 5
    
      4, 5, 6
    
      6, 5, 7
    
      6, 7, 8
    
      8, 7, 9
    
      8, 9, 10
    
      10, 9, 11
    
      10, 11, 12
    
      12, 11, 13
    
      12, 13, 14
    
      14, 13, 15
    
      14, 15, 16
    
      16, 15, 17
    
      16, 17, 18
    
      18, 17, 19
    
      18, 19, 20
    
      20, 19, 21
    
      20, 21, 22
    
      22, 21, 23
    
      24, 25, 26
    
      27, 25, 24
    
      25, 28, 26
    
      26, 29, 24
    
      30, 25, 27
    
      29, 27, 24
    
      25, 31, 28
    
      28, 32, 26
    
      29, 26, 32
    
      33, 25, 30
    
      34, 30, 27
    
      27, 29, 34
    
      25, 35, 31
    
      31, 36, 28
    
      32, 28, 36
    
      32, 37, 29
    
      38, 25, 33
    
      39, 33, 30
    
      30, 34, 39
    
      37, 34, 29
    
      25, 40, 35
    
      35, 41, 31
    
      36, 31, 41
    
      36, 42, 32
    
      37, 32, 42
    
      43, 25, 38
    
      44, 38, 33
    
      33, 39, 44
    
      45, 39, 34
    
      34, 37, 45
    
      25, 46, 40
    
      40, 47, 35
    
      41, 35, 47
    
      41, 48, 36
    
      42, 36, 48
    
      49, 37, 42
    
      50, 25, 43
    
      51, 43, 38
    
      38, 44, 51
    
      52, 44, 39
    
      39, 45, 52
    
      53, 45, 37
    
      25, 54, 46
    
      46, 55, 40
    
      47, 40, 55
    
      47, 56, 41
    
      48, 41, 56
    
      57, 42, 48
    
      37, 49, 53
    
      42, 57, 49
    
      50, 58, 25
    
      59, 50, 43
    
      43, 51, 59
    
      60, 51, 44
    
      44, 52, 60
    
      61, 52, 45
    
      45, 53, 61
    
      25, 62, 54
    
      63, 46, 54
    
      55, 46, 64
    
      55, 65, 47
    
      56, 47, 65
    
      66, 48, 56
    
      48, 66, 57
    
      67, 53, 49
    
      68, 49, 57
    
      50, 69, 58
    
      58, 70, 25
    
      50, 59, 71
    
      72, 59, 51
    
      51, 60, 72
    
      73, 60, 52
    
      52, 61, 73
    
      74, 61, 53
    
      25, 75, 62
    
      76, 54, 62
    
      46, 63, 64
    
      54, 76, 63
    
      64, 77, 55
    
      65, 55, 77
    
      65, 66, 56
    
      78, 57, 66
    
      53, 67, 74
    
      49, 68, 67
    
      57, 78, 68
    
      69, 50, 71
    
      79, 58, 69
    
      58, 79, 70
    
      70, 80, 25
    
      81, 71, 59
    
      59, 72, 81
    
      60, 82, 72
    
      60, 73, 83
    
      84, 73, 61
    
      61, 74, 84
    
      25, 85, 75
    
      86, 62, 75
    
      62, 86, 76
    
      87, 64, 63
    
      88, 63, 76
    
      77, 64, 89
    
      90, 65, 77
    
      66, 65, 91
    
      66, 92, 78
    
      93, 74, 67
    
      94, 67, 68
    
      95, 68, 78
    
      71, 96, 69
    
      69, 97, 79
    
      98, 70, 79
    
      70, 98, 80
    
      80, 99, 25
    
      71, 81, 100
    
      72, 101, 81
    
      82, 60, 83
    
      101, 72, 82
    
      102, 83, 73
    
      73, 84, 102
    
      103, 84, 74
    
      25, 104, 85
    
      105, 75, 85
    
      75, 105, 86
    
      106, 76, 86
    
      64, 87, 89
    
      63, 88, 87
    
      76, 106, 88
    
      107, 77, 89
    
      65, 90, 91
    
      77, 107, 90
    
      92, 66, 91
    
      108, 78, 92
    
      74, 93, 103
    
      67, 94, 93
    
      68, 95, 94
    
      78, 108, 95
    
      96, 71, 100
    
      97, 69, 96
    
      109, 79, 97
    
      79, 109, 98
    
      110, 80, 98
    
      80, 110, 99
    
      99, 111, 25
    
      81, 112, 100
    
      112, 81, 101
    
      83, 113, 82
    
      82, 114, 101
    
      83, 102, 115
    
      116, 102, 84
    
      84, 103, 116
    
      25, 117, 104
    
      118, 85, 104
    
      85, 118, 105
    
      119, 86, 105
    
      86, 119, 106
    
      120, 89, 87
    
      88, 120, 87
    
      106, 121, 88
    
      89, 120, 107
    
      122, 91, 90
    
      123, 90, 107
    
      91, 122, 92
    
      92, 124, 108
    
      125, 103, 93
    
      126, 93, 94
    
      127, 94, 95
    
      108, 127, 95
    
      112, 96, 100
    
      128, 97, 96
    
      97, 129, 109
    
      130, 98, 109
    
      98, 130, 110
    
      131, 99, 110
    
      99, 131, 111
    
      111, 117, 25
    
      101, 132, 112
    
      113, 83, 115
    
      114, 82, 113
    
      132, 101, 114
    
      133, 115, 102
    
      102, 116, 133
    
      134, 116, 103
    
      135, 104, 117
    
      104, 135, 118
    
      136, 105, 118
    
      105, 136, 119
    
      137, 106, 119
    
      120, 88, 121
    
      121, 106, 138
    
      139, 107, 120
    
      90, 123, 122
    
      107, 139, 123
    
      124, 92, 122
    
      124, 140, 108
    
      103, 125, 134
    
      93, 126, 125
    
      94, 127, 126
    
      127, 108, 140
    
      96, 112, 128
    
      97, 128, 141
    
      129, 97, 141
    
      129, 130, 109
    
      142, 110, 130
    
      110, 142, 131
    
      131, 117, 111
    
      132, 128, 112
    
      115, 143, 113
    
      113, 144, 114
    
      114, 145, 132
    
      115, 133, 146
    
      147, 133, 116
    
      116, 134, 147
    
      117, 131, 135
    
      148, 118, 135
    
      118, 148, 136
    
      149, 119, 136
    
      106, 137, 138
    
      119, 149, 137
    
      121, 139, 120
    
      138, 150, 121
    
      151, 122, 123
    
      152, 123, 139
    
      122, 151, 124
    
      140, 124, 153
    
      154, 134, 125
    
      155, 125, 126
    
      156, 126, 127
    
      140, 156, 127
    
      157, 141, 128
    
      158, 129, 141
    
      130, 129, 159
    
      159, 142, 130
    
      142, 135, 131
    
      128, 132, 157
    
      143, 115, 146
    
      144, 113, 143
    
      145, 114, 144
    
      145, 157, 132
    
      160, 146, 133
    
      133, 147, 160
    
      161, 147, 134
    
      135, 142, 148
    
      162, 136, 148
    
      136, 162, 149
    
      163, 138, 137
    
      164, 137, 149
    
      139, 121, 150
    
      150, 138, 165
    
      123, 152, 151
    
      150, 152, 139
    
      151, 153, 124
    
      153, 166, 140
    
      134, 154, 161
    
      125, 155, 154
    
      126, 156, 155
    
      156, 140, 166
    
      141, 157, 158
    
      129, 158, 167
    
      167, 159, 129
    
      142, 159, 168
    
      169, 143, 146
    
      170, 144, 143
    
      171, 145, 144
    
      157, 145, 172
    
      146, 160, 169
    
      173, 160, 147
    
      147, 161, 173
    
      168, 148, 142
    
      148, 168, 162
    
      174, 149, 162
    
      138, 163, 165
    
      137, 164, 163
    
      149, 174, 164
    
      165, 175, 150
    
      152, 176, 151
    
      152, 150, 175
    
      153, 151, 176
    
      166, 153, 177
    
      178, 161, 154
    
      179, 154, 155
    
      180, 155, 156
    
      181, 156, 166
    
      172, 158, 157
    
      182, 167, 158
    
      159, 167, 183
    
      183, 168, 159
    
      143, 169, 170
    
      144, 170, 171
    
      145, 171, 184
    
      145, 185, 172
    
      186, 169, 160
    
      160, 173, 186
    
      187, 173, 161
    
      188, 162, 168
    
      162, 188, 174
    
      189, 165, 163
    
      190, 163, 164
    
      191, 164, 174
    
      175, 165, 192
    
      176, 152, 193
    
      194, 152, 175
    
      176, 177, 153
    
      177, 181, 166
    
      161, 178, 187
    
      154, 179, 178
    
      155, 180, 179
    
      156, 181, 180
    
      158, 172, 182
    
      167, 182, 195
    
      195, 183, 167
    
      168, 183, 188
    
      196, 170, 169
    
      197, 171, 170
    
      198, 184, 171
    
      185, 145, 184
    
      199, 172, 185
    
      169, 186, 196
    
      200, 186, 173
    
      173, 187, 200
    
      201, 174, 188
    
      165, 189, 192
    
      163, 190, 189
    
      164, 191, 190
    
      174, 201, 191
    
      202, 175, 192
    
      152, 194, 193
    
      193, 203, 176
    
      175, 202, 194
    
      177, 176, 203
    
      181, 177, 204
    
      205, 187, 178
    
      206, 178, 179
    
      207, 179, 180
    
      208, 180, 181
    
      172, 199, 182
    
      182, 209, 195
    
      183, 195, 210
    
      210, 188, 183
    
      170, 196, 197
    
      171, 197, 198
    
      184, 198, 211
    
      184, 212, 185
    
      185, 213, 199
    
      186, 214, 196
    
      186, 200, 215
    
      187, 216, 200
    
      188, 210, 201
    
      217, 192, 189
    
      218, 189, 190
    
      219, 190, 191
    
      220, 191, 201
    
      192, 217, 202
    
      221, 193, 194
    
      203, 193, 222
    
      223, 194, 202
    
      203, 204, 177
    
      224, 181, 204
    
      187, 205, 225
    
      178, 206, 205
    
      179, 207, 206
    
      180, 208, 207
    
      181, 224, 208
    
      209, 182, 199
    
      209, 210, 195
    
      214, 197, 196
    
      226, 198, 197
    
      227, 211, 198
    
      212, 184, 211
    
      213, 185, 212
    
      228, 199, 213
    
      214, 186, 215
    
      200, 229, 215
    
      216, 187, 225
    
      229, 200, 216
    
      230, 201, 210
    
      189, 218, 217
    
      190, 219, 218
    
      191, 220, 219
    
      201, 230, 220
    
      231, 202, 217
    
      193, 221, 222
    
      194, 223, 221
    
      222, 232, 203
    
      202, 231, 223
    
      204, 203, 232
    
      204, 233, 224
    
      234, 225, 205
    
      235, 205, 206
    
      236, 206, 207
    
      237, 207, 208
    
      238, 208, 224
    
      199, 228, 209
    
      210, 209, 230
    
      197, 214, 226
    
      198, 226, 227
    
      211, 227, 239
    
      211, 240, 212
    
      212, 241, 213
    
      241, 228, 213
    
      215, 242, 214
    
      242, 215, 229
    
      225, 243, 216
    
      216, 244, 229
    
      245, 217, 218
    
      246, 218, 219
    
      247, 219, 220
    
      248, 220, 230
    
      217, 245, 231
    
      249, 222, 221
    
      250, 221, 223
    
      232, 222, 251
    
      231, 250, 223
    
      233, 204, 232
    
      252, 224, 233
    
      225, 234, 253
    
      205, 235, 234
    
      206, 236, 235
    
      207, 237, 236
    
      208, 238, 237
    
      224, 252, 238
    
      228, 230, 209
    
      214, 254, 226
    
      226, 255, 227
    
      227, 256, 239
    
      240, 211, 239
    
      241, 212, 240
    
      228, 241, 257
    
      254, 214, 242
    
      229, 258, 242
    
      243, 225, 253
    
      244, 216, 243
    
      258, 229, 244
    
      218, 246, 245
    
      219, 247, 246
    
      220, 248, 247
    
      230, 228, 248
    
      259, 231, 245
    
      222, 249, 251
    
      221, 250, 249
    
      251, 233, 232
    
      250, 231, 260
    
      261, 252, 233
    
      253, 234, 262
    
      262, 234, 235
    
      262, 235, 236
    
      262, 236, 237
    
      262, 237, 238
    
      262, 238, 252
    
      255, 226, 254
    
      256, 227, 255
    
      256, 240, 239
    
      263, 241, 240
    
      264, 257, 241
    
      257, 248, 228
    
      242, 265, 254
    
      265, 242, 258
    
      243, 253, 262
    
      244, 243, 262
    
      258, 244, 262
    
      266, 245, 246
    
      267, 246, 247
    
      268, 247, 248
    
      231, 259, 260
    
      245, 266, 259
    
      249, 261, 251
    
      250, 269, 249
    
      233, 251, 261
    
      260, 270, 250
    
      252, 261, 271
    
      262, 252, 271
    
      254, 272, 255
    
      255, 273, 256
    
      240, 256, 263
    
      241, 263, 264
    
      257, 264, 274
    
      248, 257, 268
    
      272, 254, 265
    
      265, 258, 262
    
      246, 267, 266
    
      247, 268, 267
    
      259, 275, 260
    
      266, 276, 259
    
      261, 249, 269
    
      269, 250, 270
    
      270, 260, 275
    
      269, 271, 261
    
      262, 271, 277
    
      273, 255, 272
    
      273, 263, 256
    
      278, 264, 263
    
      279, 274, 264
    
      274, 268, 257
    
      272, 265, 262
    
      267, 280, 266
    
      281, 267, 268
    
      275, 259, 276
    
      276, 266, 280
    
      270, 277, 269
    
      275, 282, 270
    
      271, 269, 277
    
      262, 277, 282
    
      273, 272, 262
    
      263, 273, 278
    
      264, 278, 279
    
      274, 279, 283
    
      268, 274, 281
    
      280, 267, 284
    
      267, 281, 284
    
      276, 285, 275
    
      280, 286, 276
    
      277, 270, 282
    
      282, 275, 285
    
      262, 282, 285
    
      273, 262, 278
    
      278, 262, 279
    
      279, 262, 283
    
      283, 281, 274
    
      284, 287, 280
    
      288, 284, 281
    
      285, 276, 286
    
      286, 280, 287
    
      262, 285, 286
    
      283, 262, 288
    
      281, 283, 288
    
      287, 284, 289
    
      284, 288, 289
    
      262, 286, 287
    
      288, 262, 289
    
      289, 262, 287
    
      290, 291, 292
    
      291, 290, 293
    
      291, 293, 297
    
      297, 293, 300
    
      297, 300, 302
    
      302, 300, 303
    
      302, 303, 306
    
      306, 303, 309
    
      306, 309, 310
    
      310, 309, 313
    
      310, 313, 314
    
      314, 313, 317
    
      314, 317, 318
    
      318, 317, 321
    
      318, 321, 322
    
      322, 321, 325
    
      322, 325, 326
    
      326, 325, 327
    
      326, 327, 330
    
      330, 327, 332
    
      330, 332, 334
    
      334, 332, 336
    
      291, 294, 292
    
      292, 295, 290
    
      290, 296, 293
    
      294, 291, 298
    
      295, 292, 294
    
      296, 290, 295
    
      299, 293, 296
    
      297, 298, 291
    
      298, 295, 294
    
      295, 298, 296
    
      293, 299, 300
    
      296, 301, 299
    
      298, 297, 301
    
      296, 298, 301
    
      299, 303, 300
    
      299, 301, 304
    
      302, 301, 297
    
      303, 299, 305
    
      301, 302, 304
    
      299, 304, 305
    
      307, 303, 305
    
      302, 308, 304
    
      305, 304, 308
    
      308, 302, 306
    
      303, 307, 309
    
      305, 308, 307
    
      306, 311, 308
    
      312, 309, 307
    
      307, 308, 311
    
      311, 306, 310
    
      309, 312, 313
    
      307, 311, 312
    
      310, 315, 311
    
      316, 313, 312
    
      312, 311, 315
    
      315, 310, 314
    
      313, 316, 317
    
      312, 315, 316
    
      314, 319, 315
    
      320, 317, 316
    
      316, 315, 319
    
      319, 314, 318
    
      317, 320, 321
    
      316, 319, 320
    
      318, 323, 319
    
      324, 321, 320
    
      320, 319, 323
    
      323, 318, 322
    
      321, 324, 325
    
      320, 323, 324
    
      326, 323, 322
    
      324, 327, 325
    
      324, 323, 328
    
      323, 326, 328
    
      327, 324, 329
    
      324, 328, 329
    
      326, 331, 328
    
      329, 332, 327
    
      329, 328, 331
    
      331, 326, 330
    
      332, 329, 333
    
      329, 331, 333
    
      330, 335, 331
    
      333, 336, 332
    
      333, 331, 335
    
      335, 330, 334
    
      336, 333, 337
    
      333, 335, 337
    
      337, 334, 336
    
      334, 337, 335
    
      338, 339, 340
    
      339, 338, 341
    
      339, 342, 340
    
      343, 339, 341
    
      342, 339, 344
    
      339, 343, 344
    
      343, 342, 344
    
      342, 343, 345
    
      340, 338, 342
    
      342, 338, 340
    
      341, 343, 338
    
      338, 343, 341
    
      345, 342, 338
    
      338, 342, 345
    
      345, 338, 343
    
      343, 338, 345
   
    
      0.373041450977
      0.0194805003703
      0.00144227989949
    
      0.372860968113
      -0.00766024831682
      0.00281381630339
    
      0.373184412718
      0.00581906177104
      0.000356750504579
    
      0.372441917658
      0.0323930382729
      0.00599640700966
    
      0.372093081474
      -0.0200388506055
      0.00864601135254
    
      0.371426582336
      0.04367678985
      0.013708778657
    
      0.370933294296
      -0.0304731763899
      0.0174558907747
    
      0.370064646006
      0.0525626540184
      0.0240538194776
    
      0.369460463524
      -0.0382521077991
      0.0286430697888
    
      0.3684489429
      0.0584452226758
      0.0363265238702
    
      0.367775052786
      -0.0428455509245
      0.0414451695979
    
      0.366689532995
      0.0609234347939
      0.0496905259788
    
      0.36599189043
      -0.0439404025674
      0.0549897402525
    
      0.364906340837
      0.0598285868764
      0.063235104084
    
      0.364232510328
      -0.0414621308446
      0.0683537498116
    
      0.363220900297
      0.0552351400256
      0.0760372057557
    
      0.36261677742
      -0.0355796217918
      0.080626450479
    
      0.361748129129
      0.0474562086165
      0.0872243791819
    
      0.361254781485
      -0.0266937576234
      0.0909714847803
    
      0.360588282347
      0.0370219424367
      0.096034258604
    
      0.360239446163
      -0.0154100041837
      0.0986838713288
    
      0.359820455313
      0.024643342942
      0.101866446435
    
      0.359639912844
      -0.00249746721238
      0.103237994015
    
      0.359496951103
      0.0111639713868
      0.104323521256
    
      0.316392421722
      -0.00503854406998
      0.0464599244297
    
      0.314723581076
      0.00849154684693
      0.0455446504056
    
      0.316852539778
      -0.00475595099851
      0.0429647564888
    
      0.315938383341
      -0.00439901743084
      0.04990850389
    
      0.317287415266
      -0.0035706483759
      0.039661180228
    
      0.321465045214
      -0.0176465157419
      0.0477759316564
    
      0.315521448851
      -0.00288101215847
      0.0530754737556
    
      0.317667484283
      -0.00156332401093
      0.036774341017
    
      0.322354018688
      -0.0171006787568
      0.0410237796605
    
      0.315169990063
      -0.000588043243624
      0.0557450018823
    
      0.320587962866
      -0.0164110418409
      0.0544380657375
    
      0.31796681881
      0.00112924200948
      0.03450095281
    
      0.323194235563
      -0.0148108219728
      0.034641765058
    
      0.329595953226
      -0.0284732375294
      0.0494029819965
    
      0.314908027649
      0.00232376111671
      0.0577351786196
    
      0.319782495499
      -0.0134785464033
      0.0605561733246
    
      0.318164944649
      0.00432357797399
      0.0329959541559
    
      0.323928415775
      -0.010932892561
      0.0290648024529
    
      0.330853104591
      -0.0277013257146
      0.0398539975286
    
      0.314753264189
      0.0056557925418
      0.0589103661478
    
      0.31910353899
      -0.00904879812151
      0.0657133162022
    
      0.328355610371
      -0.0267260447145
      0.0588246658444
    
      0.318248420954
      0.00780191086233
      0.0323619097471
    
      0.324506610632
      -0.00573123199865
      0.0246729589999
    
      0.332041323185
      -0.0244629215449
      0.030828461051
    
      0.341770648956
      -0.0358354821801
      0.0395351275802
    
      0.314716398716
      0.00918112229556
      0.0591904856265
    
      0.318597376347
      -0.00342373666354
      0.0695580393076
    
      0.327216506004
      -0.0225788280368
      0.0674769803882
    
      0.340230971575
      -0.0367808565497
      0.0512301921844
    
      0.318211555481
      0.0113272406161
      0.0326420292258
    
      0.324889361858
      0.000439666764578
      0.0217655319721
    
      0.333079665899
      -0.0189787913114
      0.0229414496571
    
      0.343225896358
      -0.0318692959845
      0.0284811444581
    
      0.314799875021
      0.0126594547182
      0.0585564412177
    
      0.31829854846
      0.00301339733414
      0.071828328073
    
      0.326256364584
      -0.0163142401725
      0.0747702643275
    
      0.338711798191
      -0.0346410237253
      0.0627693533897
    
      0.318056851625
      0.0146593330428
      0.0338172242045
    
      0.324979394674
      0.0139696970582
      0.0210817996413
    
      0.32505056262
      0.00715927174315
      0.0205406546593
    
      0.333897352219
      -0.0116225285456
      0.0167304463685
    
      0.344497650862
      -0.0251525584608
      0.0188215654343
    
      0.3543625772
      -0.0409488230944
      0.040088891983
    
      0.355985671282
      -0.036525119096
      0.0277597811073
    
      0.318388491869
      0.0165434274822
      0.0711445957422
    
      0.314997941256
      0.0158537905663
      0.0570514462888
    
      0.318227261305
      0.0098237618804
      0.0723694786429
    
      0.325540542603
      -0.00835916213691
      0.0802075341344
    
      0.337316721678
      -0.0295617375523
      0.0733662322164
    
      0.352645277977
      -0.0420032665133
      0.0531330481172
    
      0.317794829607
      0.0175710767508
      0.0358073972166
    
      0.324680507183
      0.0204067695886
      0.0233520939946
    
      0.334438741207
      -0.00289553846233
      0.0126187251881
    
      0.357404142618
      -0.029033601284
      0.0169859249145
    
      0.3187713027
      0.0227143261582
      0.068237170577
    
      0.315297305584
      0.0185463577509
      0.0547780618072
    
      0.325117826462
      0.000744232209399
      0.0834182202816
    
      0.335263997316
      -0.0121462717652
      0.0889579132199
    
      0.336140692234
      -0.0218891911209
      0.0822986513376
    
      0.35095089674
      -0.0396165475249
      0.0660033077002
    
      0.317443370819
      0.0198640450835
      0.0384769253433
    
      0.32417434454
      0.0260318312794
      0.0271968208253
    
      0.334566056728
      0.0162388011813
      0.011651779525
    
      0.334143340588
      0.0253421943635
      0.0148624656722
    
      0.334666699171
      0.00660739187151
      0.0108864866197
    
      0.346162050962
      -0.00545474281535
      0.00617886008695
    
      0.345499098301
      -0.0161430370063
      0.0112146763131
    
      0.358521133661
      -0.018984772265
      0.0085015418008
    
      0.367770761251
      -0.0426929034293
      0.0414775647223
    
      0.369451195002
      -0.0381131321192
      0.0287135317922
    
      0.370919644833
      -0.0303573310375
      0.0175596084446
    
      0.325245141983
      0.0198786333203
      0.0824512764812
    
      0.32578638196
      0.0286055617034
      0.0783395469189
    
      0.319349497557
      0.0279159247875
      0.0638453289866
    
      0.315677374601
      0.0205536819994
      0.0518912151456
    
      0.325017035007
      0.0103756412864
      0.0841835066676
    
      0.334746360779
      -0.000996917719021
      0.0928901731968
    
      0.349394857883
      -0.0339513868093
      0.0778225809336
    
      0.365992933512
      -0.0437845177948
      0.0549818649888
    
      0.317026436329
      0.0213820505887
      0.0416438914835
    
      0.323495388031
      0.0304615795612
      0.0323539562523
    
      0.333427518606
      0.0332972742617
      0.0202997215092
    
      0.346441417933
      0.00618399074301
      0.00405731238425
    
      0.372076004744
      -0.0199540723115
      0.00877592526376
    
      0.326604068279
      0.0359618254006
      0.0721285492182
    
      0.320083707571
      0.0317938551307
      0.0582683756948
    
      0.31611225009
      0.021739045158
      0.0485876426101
    
      0.334622949362
      0.0107990419492
      0.093827471137
    
      0.347105354071
      -0.0145269474015
      0.0952128469944
    
      0.346528023481
      -0.00209146132693
      0.0995987132192
    
      0.348083198071
      -0.025393769145
      0.0877854079008
    
      0.364238739014
      -0.0413136295974
      0.0683061406016
    
      0.316572397947
      0.0220215767622
      0.0450924709439
    
      0.322689950466
      0.0333940759301
      0.0384720675647
    
      0.332467287779
      0.0395618602633
      0.0275930222124
    
      0.346317946911
      0.0179799515754
      0.00499460240826
    
      0.345800250769
      0.0291293039918
      0.00892687309533
    
      0.359260588884
      -0.00706350756809
      0.00288481544703
    
      0.35957211256
      0.00591781642288
      0.000518531829584
    
      0.372841566801
      -0.00761227449402
      0.00296105979942
    
      0.381081551313
      -0.0409488230944
      0.0436064973474
    
      0.382704675198
      -0.036525119096
      0.0312773883343
    
      0.384123057127
      -0.029033601284
      0.0205035284162
    
      0.33490228653
      0.0224377755076
      0.0917059183121
    
      0.336566716433
      0.04213559255
      0.0790632143617
    
      0.327642470598
      0.0414459556341
      0.0642415359616
    
      0.320923894644
      0.034083712846
      0.0518863536417
    
      0.346390396357
      0.011065277271
      0.100644141436
    
      0.362627834082
      -0.0354485809803
      0.0805423483253
    
      0.379364222288
      -0.0420032665133
      0.0566506572068
    
      0.321812868118
      0.0346295498312
      0.0451342016459
    
      0.331328213215
      0.043709076941
      0.0362453274429
    
      0.343747645617
      0.0465447716415
      0.0245185550302
    
      0.344923585653
      0.0388722233474
      0.0155861293897
    
      0.359434396029
      0.0190744940192
      0.00156395346858
    
      0.385240077972
      -0.018984772265
      0.0120191425085
    
      0.335565268993
      0.0331261307001
      0.0866700932384
    
      0.328830629587
      0.0446843579412
      0.0552159994841
    
      0.360257595778
      -0.0153389591724
      0.0985460728407
    
      0.3596598804
      -0.00246475241147
      0.103086657822
    
      0.359517276287
      0.0111560365185
      0.104168951511
    
      0.361269921064
      -0.0265891440213
      0.0908566340804
    
      0.377669811249
      -0.0396165475249
      0.0695209056139
    
      0.330087840557
      0.0454562716186
      0.0456670112908
    
      0.342352479696
      0.0516240559518
      0.0351154282689
    
      0.358857065439
      0.0315099805593
      0.00594981806353
    
      0.373164027929
      0.00582699617371
      0.000511314428877
    
      0.373021572828
      0.0194478463382
      0.00159360887483
    
      0.385979503393
      -0.00706350756809
      0.00640242034569
    
      0.393387705088
      -0.0358354821801
      0.0463306196034
    
      0.394842982292
      -0.0318692959845
      0.0352766364813
    
      0.396114706993
      -0.0251525584608
      0.0256170574576
    
      0.346701860428
      0.0240465402603
      0.0982778519392
    
      0.347441285849
      0.0359678044915
      0.0926611199975
    
      0.337838381529
      0.0488523282111
      0.0694036260247
    
      0.376113861799
      -0.0339513868093
      0.0813401862979
    
      0.391848087311
      -0.0367808565497
      0.058025687933
    
      0.340833336115
      0.0537638887763
      0.0466545857489
    
      0.356567591429
      0.0509344190359
      0.0233400855213
    
      0.355011552572
      0.0565995797515
      0.0351593606174
    
      0.357879161835
      0.0423768013716
      0.0133772511035
    
      0.397116154432
      -0.0161430370063
      0.018010167405
    
      0.348558306694
      0.0460166335106
      0.0841767415404
    
      0.339293658733
      0.0528185144067
      0.0583496540785
    
      0.374802201986
      -0.025393769145
      0.0913030132651
    
      0.373824357986
      -0.0145269474015
      0.0987304598093
    
      0.373246967793
      -0.00209146132693
      0.103116326034
    
      0.359839856625
      0.0245953071862
      0.101719215512
    
      0.390328884125
      -0.0346410237253
      0.0695648565888
    
      0.353317141533
      0.0589862987399
      0.0480296202004
    
      0.372423797846
      0.0323219932616
      0.00613419758156
    
      0.386291086674
      0.00591781642288
      0.00403614062816
    
      0.397779136896
      -0.00545474281535
      0.0129743507132
    
      0.403850734234
      -0.0277013257146
      0.0494642779231
    
      0.405038952827
      -0.0244629215449
      0.0404387377203
    
      0.406077295542
      -0.0189787913114
      0.0325517207384
    
      0.406894981861
      -0.0116225285456
      0.0263407211751
    
      0.360605418682
      0.0369371064007
      0.0959043651819
    
      0.349976688623
      0.0535081513226
      0.0734028816223
    
      0.373109340668
      0.011065277271
      0.104161731899
    
      0.373420864344
      0.0240465402603
      0.101795457304
    
      0.388933807611
      -0.0295617375523
      0.0801617130637
    
      0.402593582869
      -0.0284732375294
      0.0590132586658
    
      0.351599872112
      0.0579318553209
      0.0610737726092
    
      0.370053559542
      0.0524316728115
      0.0241379216313
    
      0.36844265461
      0.0582966655493
      0.0363741368055
    
      0.366688549519
      0.0607675500214
      0.0496984086931
    
      0.371411442757
      0.0435721762478
      0.0138236358762
    
      0.386153459549
      0.0190744940192
      0.00508155860007
    
      0.38557600975
      0.0315099805593
      0.00946742296219
    
      0.361761808395
      0.0473403632641
      0.0871206671
    
      0.387757837772
      -0.0218891911209
      0.0890941545367
    
      0.386881113052
      -0.0121462717652
      0.0957534089684
    
      0.38636341691
      -0.000996917719021
      0.0996856763959
    
      0.374160289764
      0.0359678044915
      0.0961787328124
    
      0.401353240013
      -0.0267260447145
      0.0684349387884
    
      0.36491060257
      0.0596759356558
      0.063202701509
    
      0.384598165751
      0.0423768013716
      0.0168948564678
    
      0.398058444262
      0.00618399074301
      0.0108528025448
    
      0.407436311245
      -0.00289553846233
      0.0222289990634
    
      0.411757469177
      -0.0171006787568
      0.0527939163148
    
      0.412597686052
      -0.0148108219728
      0.0464119054377
    
      0.413331925869
      -0.010932892561
      0.0408349409699
    
      0.413910061121
      -0.00573123199865
      0.0364430993795
    
      0.37527731061
      0.0460166335106
      0.0876943469048
    
      0.363230168819
      0.0550961643457
      0.0759667381644
    
      0.386240065098
      0.0107990419492
      0.100622959435
    
      0.386519372463
      0.0224377755076
      0.09850140661
    
      0.387182325125
      0.0331261307001
      0.0934655964375
    
      0.399253934622
      -0.0163142401725
      0.0843805596232
    
      0.400214076042
      -0.0225788280368
      0.0770872533321
    
      0.40999147296
      -0.0164110418409
      0.0662081986666
    
      0.383286505938
      0.0509344190359
      0.0268576908857
    
      0.381730556488
      0.0565995797515
      0.0386769659817
    
      0.380036085844
      0.0589862987399
      0.05154722929
    
      0.378318876028
      0.0579318553209
      0.064591370523
    
      0.397417366505
      0.0291293039918
      0.0157223585993
    
      0.397935062647
      0.0179799515754
      0.0117900930345
    
      0.396540671587
      0.0388722233474
      0.0223816204816
    
      0.414292812347
      0.000439666764578
      0.0335356704891
    
      0.410868555307
      -0.0176465157419
      0.0595460683107
    
      0.39853811264
      -0.00835916213691
      0.0898177996278
    
      0.398115366697
      0.000744232209399
      0.0930284932256
    
      0.388183802366
      0.04213559255
      0.0858587101102
    
      0.409186005592
      -0.0134785464033
      0.0723263025284
    
      0.376695692539
      0.0535081513226
      0.0769204869866
    
      0.395364701748
      0.0465447716415
      0.0313140451908
    
      0.407664328814
      0.00660739187151
      0.020496763289
    
      0.414454072714
      0.00715927174315
      0.0323107913136
    
      0.416569173336
      -0.00475595099851
      0.0560926347971
    
      0.417004048824
      -0.0035706483759
      0.0527890585363
    
      0.417384117842
      -0.00156332401093
      0.0499022081494
    
      0.417683362961
      0.00112924200948
      0.0476288273931
    
      0.4178814888
      0.00432357797399
      0.0461238324642
    
      0.39801466465
      0.0103756412864
      0.0937937796116
    
      0.398242682219
      0.0198786333203
      0.0920615419745
    
      0.398784011602
      0.0286055617034
      0.0879498273134
    
      0.408507049084
      -0.00904879812151
      0.0774834528565
    
      0.415654987097
      -0.00439901743084
      0.0630363821983
    
      0.415237993002
      -0.00288101215847
      0.0662033483386
    
      0.39396956563
      0.0516240559518
      0.0419109202921
    
      0.392450451851
      0.0537638887763
      0.0534500777721
    
      0.390910774469
      0.0528185144067
      0.0651451423764
    
      0.389455467463
      0.0488523282111
      0.0761991292238
    
      0.407140880823
      0.0253421943635
      0.0244727395475
    
      0.406425118446
      0.0332972742617
      0.0299099963158
    
      0.407563626766
      0.0162388011813
      0.0212620552629
    
      0.417964994907
      0.00780191086233
      0.0454897880554
    
      0.416108965874
      -0.00503854406998
      0.0595878064632
    
      0.40800088644
      -0.00342373666354
      0.081328175962
    
      0.407701998949
      0.00301339733414
      0.083598472178
    
      0.407630771399
      0.0098237618804
      0.0841396227479
    
      0.399601697922
      0.0359618254006
      0.0817388221622
    
      0.414886623621
      -0.000588043243624
      0.0688728764653
    
      0.404325813055
      0.043709076941
      0.0458556041121
    
      0.405464917421
      0.0395618602633
      0.037203297019
    
      0.414382845163
      0.0139696970582
      0.0328519381583
    
      0.417957782745
      0.00849154684693
      0.0591356270015
    
      0.407792001963
      0.0165434274822
      0.0829147398472
    
      0.408174753189
      0.0227143261582
      0.080007314682
    
      0.414624541998
      0.00232376111671
      0.0708630532026
    
      0.403085410595
      0.0454562716186
      0.0552772879601
    
      0.40182825923
      0.0446843579412
      0.064826272428
    
      0.400640040636
      0.0414459556341
      0.073851801455
    
      0.414083957672
      0.0204067695886
      0.035122230649
    
      0.413577765226
      0.0260318312794
      0.0389669574797
    
      0.417928129435
      0.0113272406161
      0.0457699038088
    
      0.41446980834
      0.0056557925418
      0.0720382407308
    
      0.414433002472
      0.00918112229556
      0.0723183602095
    
      0.408752948046
      0.0279159247875
      0.075615465641
    
      0.412898898125
      0.0304615795612
      0.0441240929067
    
      0.412093400955
      0.0333940759301
      0.0502422004938
    
      0.417773395777
      0.0146593330428
      0.0469451025128
    
      0.414516448975
      0.0126594547182
      0.0716843158007
    
      0.414714545012
      0.0158537905663
      0.0701793283224
    
      0.411216259003
      0.0346295498312
      0.0569043345749
    
      0.409487187862
      0.0317938551307
      0.0700385123491
    
      0.417511373758
      0.0175710767508
      0.0489352755249
    
      0.415013879538
      0.0185463577509
      0.0679059401155
    
      0.410327404737
      0.034083712846
      0.0636564940214
    
      0.417159944773
      0.0198640450835
      0.0516048073769
    
      0.416743010283
      0.0213820505887
      0.0547717735171
    
      0.416288971901
      0.0220215767622
      0.0582203455269
    
      0.415393948555
      0.0205536819994
      0.0650190934539
    
      0.415828883648
      0.021739045158
      0.0617155171931
    
      0.315545976162
      0.00753085361794
      0.0322389230132
    
      0.316849142313
      -0.0058526918292
      0.0330986604095
    
      0.316243112087
      0.000786712684203
      0.0317845568061
    
      0.31480550766
      0.0139201357961
      0.0344308391213
    
      -0.382283478975
      -0.0692687109113
      -3.51333642357e-06
    
      -0.382980555296
      -0.0625245049596
      0.000450859079137
    
      -0.383721083403
      -0.0561352260411
      0.00264276517555
    
      0.31732288003
      -0.0119349062443
      0.0360917150974
    
      -0.38167744875
      -0.0759081169963
      0.00131059275009
    
      -0.384454607964
      -0.0505362264812
      0.00642282143235
    
      0.314071983099
      0.0195191968232
      0.0382108949125
    
      -0.381203621626
      -0.0819902718067
      0.0043036499992
    
      0.317632108927
      -0.0170453805476
      0.0405597351491
    
      0.313395410776
      0.0239463821054
      0.0433215014637
    
      -0.380894482136
      -0.0871008038521
      0.00877165608108
    
      -0.385131180286
      -0.0461090430617
      0.0115334326401
    
      0.317755699158
      -0.0208359081298
      0.0461982302368
    
      -0.385704666376
      -0.0431554280221
      0.0176263060421
    
      -0.380770891905
      -0.0908913314342
      0.0144101567566
    
      0.312821865082
      0.0268999952823
      0.049414370209
    
      0.317685186863
      -0.0230481270701
      0.0526229478419
    
      -0.380841374397
      -0.0931035503745
      0.0208348799497
    
      -0.386135935783
      -0.0418766178191
      0.0242862273008
    
      0.312390565872
      0.0281788036227
      0.0560742989182
    
      0.317425429821
      -0.0235312823206
      0.059396058321
    
      -0.381101161242
      -0.0935867056251
      0.0276079848409
    
      -0.386395782232
      -0.0423597730696
      0.0310593377799
    
      0.312130749226
      0.0276955887675
      0.0628474056721
    
      0.316994100809
      -0.0222525335848
      0.0660559758544
    
      -0.381532490253
      -0.092307895422
      0.0342679060996
    
      -0.386466264725
      -0.0445719920099
      0.0374840572476
    
      0.312060266733
      0.0254833698273
      0.0692721158266
    
      0.316420614719
      -0.0192988589406
      0.0721488520503
    
      -0.382105976343
      -0.0893542841077
      0.0403607822955
    
      -0.386342734098
      -0.048362519592
      0.0431225523353
    
      0.312183856964
      0.0216928422451
      0.0749106183648
    
      0.315744042397
      -0.0148716745898
      0.0772594586015
    
      0.312493056059
      0.0165823679417
      0.0793786346912
    
      -0.382782548666
      -0.0849270969629
      0.0454713888466
    
      -0.386033535004
      -0.0534730553627
      0.047590572387
    
      0.315010458231
      -0.00927267502993
      0.0810395181179
    
      -0.383516132832
      -0.079328097403
      0.0492514334619
    
      0.312966823578
      0.0105001535267
      0.0823716893792
    
      -0.385559767485
      -0.0595552101731
      0.0505836121738
    
      0.314269900322
      -0.00288339238614
      0.0832314193249
    
      -0.384256660938
      -0.0729388147593
      0.0514433421195
    
      0.313572883606
      0.00386074837297
      0.0836857929826
    
      -0.384953707457
      -0.0661946162581
      0.051897726953
    
      -0.417964994907
      -0.0871008038521
      0.0346544347703
    
      -0.380894482136
      -0.0871008038521
      0.00877165608108
    
      -0.384875506163
      -0.0871008038521
      0.0390107296407
    
      -0.413983970881
      -0.0871008038521
      0.00441535981372
    
      -0.384875506163
      0.0935867056251
      0.0390107296407
    
      -0.413983970881
      0.0935867056251
      0.00441535981372
    
      -0.380894482136
      0.0935867056251
      0.00877165608108
    
      -0.417964994907
      0.0935867056251
      0.0346544347703
    
      0.315545976162
      0.00753085361794
      0.0322389230132
    
      0.31480550766
      0.0139201357961
      0.0344308391213
    
      0.316243112087
      0.000786712684203
      0.0317845568061
    
      0.314071983099
      0.0195191968232
      0.0382108949125
    
      0.316849142313
      -0.0058526918292
      0.0330986604095
    
      0.313395410776
      0.0239463821054
      0.0433215014637
    
      0.31732288003
      -0.0119349062443
      0.0360917150974
    
      0.312821865082
      0.0268999952823
      0.049414370209
    
      0.317632108927
      -0.0170453805476
      0.0405597351491
    
      0.312390565872
      0.0281788036227
      0.0560742989182
    
      0.317755699158
      -0.0208359081298
      0.0461982302368
    
      0.312130749226
      0.0276955887675
      0.0628474056721
    
      0.317685186863
      -0.0230481270701
      0.0526229478419
    
      0.312060266733
      0.0254833698273
      0.0692721158266
    
      0.317425429821
      -0.0235312823206
      0.059396058321
    
      0.312183856964
      0.0216928422451
      0.0749106183648
    
      0.316994100809
      -0.0222525335848
      0.0660559758544
    
      0.312493056059
      0.0165823679417
      0.0793786346912
    
      0.316420614719
      -0.0192988589406
      0.0721488520503
    
      0.312966823578
      0.0105001535267
      0.0823716893792
    
      0.315744042397
      -0.0148716745898
      0.0772594586015
    
      0.313572883606
      0.00386074837297
      0.0836857929826
    
      0.315010458231
      -0.00927267502993
      0.0810395181179
    
      0.314269900322
      -0.00288339238614
      0.0832314193249
