
  
 
   
    
      0, 2, 3
    
      4, 6, 7
    
      4, 7, 5
    
      8, 10, 11
    
      12, 14, 15
    
      12, 15, 13
    
      16, 18, 19
    
      20, 22, 23
    
      20, 23, 21
    
      24, 26, 27
    
      28, 30, 31
    
      28, 31, 29
    
      32, 34, 35
    
      36, 38, 39
    
      36, 39, 37
    
      40, 42, 43
    
      44, 46, 47
    
      44, 47, 45
    
      48, 50, 51
    
      52, 54, 55
    
      52, 55, 53
    
      56, 58, 59
    
      60, 62, 63
    
      60, 63, 61
    
      64, 66, 67
    
      68, 70, 71
    
      68, 71, 69
    
      72, 74, 75
    
      76, 78, 79
    
      76, 79, 77
    
      80, 82, 83
    
      84, 86, 87
    
      84, 87, 85
    
      88, 90, 91
    
      92, 94, 95
    
      92, 95, 93
    
      96, 98, 99
    
      100, 102, 103
    
      100, 103, 101
    
      104, 106, 107
    
      108, 110, 111
    
      108, 111, 109
    
      112, 114, 115
    
      116, 118, 119
    
      116, 119, 117
    
      120, 122, 123
    
      124, 126, 127
    
      124, 127, 125
    
      128, 130, 131
    
      132, 134, 135
    
      132, 135, 133
    
      136, 138, 139
    
      140, 142, 143
    
      140, 143, 141
    
      144, 146, 147
    
      148, 150, 151
    
      148, 151, 149
    
      152, 154, 155
    
      156, 158, 159
    
      156, 159, 157
    
      160, 162, 163
    
      164, 166, 167
    
      164, 167, 165
    
      168, 170, 171
    
      172, 174, 175
    
      172, 175, 173
    
      176, 178, 179
    
      180, 182, 183
    
      180, 183, 181
    
      184, 186, 187
    
      188, 190, 191
    
      188, 191, 189
    
      192, 194, 195
    
      196, 198, 199
    
      196, 199, 197
    
      200, 202, 203
    
      204, 206, 207
    
      204, 207, 205
    
      208, 210, 211
    
      212, 214, 215
    
      212, 215, 213
    
      216, 218, 219
    
      220, 222, 223
    
      220, 223, 221
    
      224, 226, 227
    
      228, 230, 231
    
      228, 231, 229
    
      232, 234, 235
    
      236, 238, 239
    
      236, 239, 237
    
      240, 242, 243
    
      244, 246, 247
    
      244, 247, 245
    
      248, 250, 251
    
      252, 254, 255
    
      252, 255, 253
   
    
      0.0
      0.0
      0.0
    
      0.0
      0.0
      0.0
    
      0.027499999851
      0.0
      0.0
    
      0.0269520003349
      0.00546299992129
      0.0
    
      0.027499999851
      0.0
      0.0
    
      0.0269520003349
      0.00546299992129
      0.0
    
      0.0439999997616
      0.0
      0.152999997139
    
      0.0431229993701
      0.00874099973589
      0.152999997139
    
      0.0
      0.0
      0.0
    
      0.0
      0.0
      0.0
    
      0.0269520003349
      0.00546299992129
      0.0
    
      0.0253289993852
      0.0107089998201
      0.0
    
      0.0269520003349
      0.00546299992129
      0.0
    
      0.0253289993852
      0.0107089998201
      0.0
    
      0.0431229993701
      0.00874099973589
      0.152999997139
    
      0.0405270010233
      0.0171339996159
      0.152999997139
    
      0.0
      0.0
      0.0
    
      0.0
      0.0
      0.0
    
      0.0253289993852
      0.0107089998201
      0.0
    
      0.022696999833
      0.0155279999599
      0.0
    
      0.0253289993852
      0.0107089998201
      0.0
    
      0.022696999833
      0.0155279999599
      0.0
    
      0.0405270010233
      0.0171339996159
      0.152999997139
    
      0.0363150015473
      0.024844000116
      0.152999997139
    
      0.0
      0.0
      0.0
    
      0.0
      0.0
      0.0
    
      0.022696999833
      0.0155279999599
      0.0
    
      0.0191590003669
      0.019726999104
      0.0
    
      0.022696999833
      0.0155279999599
      0.0
    
      0.0191590003669
      0.019726999104
      0.0
    
      0.0363150015473
      0.024844000116
      0.152999997139
    
      0.0306550003588
      0.031564000994
      0.152999997139
    
      0.0
      0.0
      0.0
    
      0.0
      0.0
      0.0
    
      0.0191590003669
      0.019726999104
      0.0
    
      0.0148579999804
      0.0231400001794
      0.0
    
      0.0191590003669
      0.019726999104
      0.0
    
      0.0148579999804
      0.0231400001794
      0.0
    
      0.0306550003588
      0.031564000994
      0.152999997139
    
      0.0237729996443
      0.0370250009
      0.152999997139
    
      0.0
      0.0
      0.0
    
      0.0
      0.0
      0.0
    
      0.0148579999804
      0.0231400001794
      0.0
    
      0.00996499974281
      0.0256309993565
      0.0
    
      0.0148579999804
      0.0231400001794
      0.0
    
      0.00996499974281
      0.0256309993565
      0.0
    
      0.0237729996443
      0.0370250009
      0.152999997139
    
      0.0159440003335
      0.0410099998116
      0.152999997139
    
      0.0
      0.0
      0.0
    
      0.0
      0.0
      0.0
    
      0.00996499974281
      0.0256309993565
      0.0
    
      0.00467400019988
      0.0271000005305
      0.0
    
      0.00996499974281
      0.0256309993565
      0.0
    
      0.00467400019988
      0.0271000005305
      0.0
    
      0.0159440003335
      0.0410099998116
      0.152999997139
    
      0.00747899990529
      0.0433599986136
      0.152999997139
    
      0.0
      0.0
      0.0
    
      0.0
      0.0
      0.0
    
      0.00467400019988
      0.0271000005305
      0.0
    
      -0.000803000002634
      0.0274880006909
      0.0
    
      0.00467400019988
      0.0271000005305
      0.0
    
      -0.000803000002634
      0.0274880006909
      0.0
    
      0.00747899990529
      0.0433599986136
      0.152999997139
    
      -0.00128500000574
      0.0439810007811
      0.152999997139
    
      0.0
      0.0
      0.0
    
      0.0
      0.0
      0.0
    
      -0.000803000002634
      0.0274880006909
      0.0
    
      -0.0062480000779
      0.0267810001969
      0.0
    
      -0.000803000002634
      0.0274880006909
      0.0
    
      -0.0062480000779
      0.0267810001969
      0.0
    
      -0.00128500000574
      0.0439810007811
      0.152999997139
    
      -0.00999699998647
      0.0428490005434
      0.152999997139
    
      0.0
      0.0
      0.0
    
      0.0
      0.0
      0.0
    
      -0.0062480000779
      0.0267810001969
      0.0
    
      -0.0114439995959
      0.0250059999526
      0.0
    
      -0.0062480000779
      0.0267810001969
      0.0
    
      -0.0114439995959
      0.0250059999526
      0.0
    
      -0.00999699998647
      0.0428490005434
      0.152999997139
    
      -0.0183099992573
      0.0400089994073
      0.152999997139
    
      0.0
      0.0
      0.0
    
      0.0
      0.0
      0.0
    
      -0.0114439995959
      0.0250059999526
      0.0
    
      -0.0161840002984
      0.0222340002656
      0.0
    
      -0.0114439995959
      0.0250059999526
      0.0
    
      -0.0161840002984
      0.0222340002656
      0.0
    
      -0.0183099992573
      0.0400089994073
      0.152999997139
    
      -0.0258939992636
      0.0355740003288
      0.152999997139
    
      0.0
      0.0
      0.0
    
      0.0
      0.0
      0.0
    
      -0.0161840002984
      0.0222340002656
      0.0
    
      -0.0202779993415
      0.0185749996454
      0.0
    
      -0.0161840002984
      0.0222340002656
      0.0
    
      -0.0202779993415
      0.0185749996454
      0.0
    
      -0.0258939992636
      0.0355740003288
      0.152999997139
    
      -0.0324449986219
      0.0297200009227
      0.152999997139
    
      0.0
      0.0
      0.0
    
      0.0
      0.0
      0.0
    
      -0.0202779993415
      0.0185749996454
      0.0
    
      -0.0235639996827
      0.0141759999096
      0.0
    
      -0.0202779993415
      0.0185749996454
      0.0
    
      -0.0235639996827
      0.0141759999096
      0.0
    
      -0.0324449986219
      0.0297200009227
      0.152999997139
    
      -0.0377030000091
      0.0226819999516
      0.152999997139
    
      0.0
      0.0
      0.0
    
      0.0
      0.0
      0.0
    
      -0.0235639996827
      0.0141759999096
      0.0
    
      -0.0259109996259
      0.00921200029552
      0.0
    
      -0.0235639996827
      0.0141759999096
      0.0
    
      -0.0259109996259
      0.00921200029552
      0.0
    
      -0.0377030000091
      0.0226819999516
      0.152999997139
    
      -0.0414579994977
      0.0147390002385
      0.152999997139
    
      0.0
      0.0
      0.0
    
      0.0
      0.0
      0.0
    
      -0.0259109996259
      0.00921200029552
      0.0
    
      -0.0272250007838
      0.00388099998236
      0.0
    
      -0.0259109996259
      0.00921200029552
      0.0
    
      -0.0272250007838
      0.00388099998236
      0.0
    
      -0.0414579994977
      0.0147390002385
      0.152999997139
    
      -0.0435599982738
      0.00620900001377
      0.152999997139
    
      0.0
      0.0
      0.0
    
      0.0
      0.0
      0.0
    
      -0.0272250007838
      0.00388099998236
      0.0
    
      -0.0274529997259
      -0.00160499999765
      0.0
    
      -0.0272250007838
      0.00388099998236
      0.0
    
      -0.0274529997259
      -0.00160499999765
      0.0
    
      -0.0435599982738
      0.00620900001377
      0.152999997139
    
      -0.043924998492
      -0.00256799999624
      0.152999997139
    
      0.0
      0.0
      0.0
    
      0.0
      0.0
      0.0
    
      -0.0274529997259
      -0.00160499999765
      0.0
    
      -0.0265870001167
      -0.00702700018883
      0.0
    
      -0.0274529997259
      -0.00160499999765
      0.0
    
      -0.0265870001167
      -0.00702700018883
      0.0
    
      -0.043924998492
      -0.00256799999624
      0.152999997139
    
      -0.0425390005112
      -0.0112439999357
      0.152999997139
    
      0.0
      0.0
      0.0
    
      0.0
      0.0
      0.0
    
      -0.0265870001167
      -0.00702700018883
      0.0
    
      -0.024661000818
      -0.0121689997613
      0.0
    
      -0.0265870001167
      -0.00702700018883
      0.0
    
      -0.024661000818
      -0.0121689997613
      0.0
    
      -0.0425390005112
      -0.0112439999357
      0.152999997139
    
      -0.039457000792
      -0.01947100088
      0.152999997139
    
      0.0
      0.0
      0.0
    
      0.0
      0.0
      0.0
    
      -0.024661000818
      -0.0121689997613
      0.0
    
      -0.021751999855
      -0.0168260000646
      0.0
    
      -0.024661000818
      -0.0121689997613
      0.0
    
      -0.021751999855
      -0.0168260000646
      0.0
    
      -0.039457000792
      -0.01947100088
      0.152999997139
    
      -0.0348029993474
      -0.0269220005721
      0.152999997139
    
      0.0
      0.0
      0.0
    
      0.0
      0.0
      0.0
    
      -0.021751999855
      -0.0168260000646
      0.0
    
      -0.0179750006646
      -0.0208119992167
      0.0
    
      -0.021751999855
      -0.0168260000646
      0.0
    
      -0.0179750006646
      -0.0208119992167
      0.0
    
      -0.0348029993474
      -0.0269220005721
      0.152999997139
    
      -0.0287599992007
      -0.0332989990711
      0.152999997139
    
      0.0
      0.0
      0.0
    
      0.0
      0.0
      0.0
    
      -0.0179750006646
      -0.0208119992167
      0.0
    
      -0.0134819997475
      -0.023967999965
      0.0
    
      -0.0179750006646
      -0.0208119992167
      0.0
    
      -0.0134819997475
      -0.023967999965
      0.0
    
      -0.0287599992007
      -0.0332989990711
      0.152999997139
    
      -0.0215709991753
      -0.0383489988744
      0.152999997139
    
      0.0
      0.0
      0.0
    
      0.0
      0.0
      0.0
    
      -0.0134819997475
      -0.023967999965
      0.0
    
      -0.00845200009644
      -0.0261690001935
      0.0
    
      -0.0134819997475
      -0.023967999965
      0.0
    
      -0.00845200009644
      -0.0261690001935
      0.0
    
      -0.0215709991753
      -0.0383489988744
      0.152999997139
    
      -0.0135230002925
      -0.0418700017035
      0.152999997139
    
      0.0
      0.0
      0.0
    
      0.0
      0.0
      0.0
    
      -0.00845200009644
      -0.0261690001935
      0.0
    
      -0.0030839999672
      -0.0273269992322
      0.0
    
      -0.00845200009644
      -0.0261690001935
      0.0
    
      -0.0030839999672
      -0.0273269992322
      0.0
    
      -0.0135230002925
      -0.0418700017035
      0.152999997139
    
      -0.00493500009179
      -0.0437219999731
      0.152999997139
    
      0.0
      0.0
      0.0
    
      0.0
      0.0
      0.0
    
      -0.0030839999672
      -0.0273269992322
      0.0
    
      0.00240599992685
      -0.0273950006813
      0.0
    
      -0.0030839999672
      -0.0273269992322
      0.0
    
      0.00240599992685
      -0.0273950006813
      0.0
    
      -0.00493500009179
      -0.0437219999731
      0.152999997139
    
      0.00384999997914
      -0.0438309982419
      0.152999997139
    
      0.0
      0.0
      0.0
    
      0.0
      0.0
      0.0
    
      0.00240599992685
      -0.0273950006813
      0.0
    
      0.00780100002885
      -0.0263700000942
      0.0
    
      0.00240599992685
      -0.0273950006813
      0.0
    
      0.00780100002885
      -0.0263700000942
      0.0
    
      0.00384999997914
      -0.0438309982419
      0.152999997139
    
      0.0124810002744
      -0.0421929992735
      0.152999997139
    
      0.0
      0.0
      0.0
    
      0.0
      0.0
      0.0
    
      0.00780100002885
      -0.0263700000942
      0.0
    
      0.0128840003163
      -0.0242950003594
      0.0
    
      0.00780100002885
      -0.0263700000942
      0.0
    
      0.0128840003163
      -0.0242950003594
      0.0
    
      0.0124810002744
      -0.0421929992735
      0.152999997139
    
      0.0206150002778
      -0.03887199983
      0.152999997139
    
      0.0
      0.0
      0.0
    
      0.0
      0.0
      0.0
    
      0.0128840003163
      -0.0242950003594
      0.0
    
      0.0174540001899
      -0.021251000464
      0.0
    
      0.0128840003163
      -0.0242950003594
      0.0
    
      0.0174540001899
      -0.021251000464
      0.0
    
      0.0206150002778
      -0.03887199983
      0.152999997139
    
      0.0279259998351
      -0.0340019986033
      0.152999997139
    
      0.0
      0.0
      0.0
    
      0.0
      0.0
      0.0
    
      0.0174540001899
      -0.021251000464
      0.0
    
      0.0213280003518
      -0.0173599999398
      0.0
    
      0.0174540001899
      -0.021251000464
      0.0
    
      0.0213280003518
      -0.0173599999398
      0.0
    
      0.0279259998351
      -0.0340019986033
      0.152999997139
    
      0.0341250002384
      -0.0277759991586
      0.152999997139
    
      0.0
      0.0
      0.0
    
      0.0
      0.0
      0.0
    
      0.0213280003518
      -0.0173599999398
      0.0
    
      0.0243519991636
      -0.0127769997343
      0.0
    
      0.0213280003518
      -0.0173599999398
      0.0
    
      0.0243519991636
      -0.0127769997343
      0.0
    
      0.0341250002384
      -0.0277759991586
      0.152999997139
    
      0.0389630012214
      -0.0204419996589
      0.152999997139
    
      0.0
      0.0
      0.0
    
      0.0
      0.0
      0.0
    
      0.0243519991636
      -0.0127769997343
      0.0
    
      0.0264049991965
      -0.00768399983644
      0.0
    
      0.0243519991636
      -0.0127769997343
      0.0
    
      0.0264049991965
      -0.00768399983644
      0.0
    
      0.0389630012214
      -0.0204419996589
      0.152999997139
    
      0.0422470010817
      -0.0122940000147
      0.152999997139
    
      0.0
      0.0
      0.0
    
      0.0
      0.0
      0.0
    
      0.0264049991965
      -0.00768399983644
      0.0
    
      0.0274049993604
      -0.00228499993682
      0.0
    
      0.0264049991965
      -0.00768399983644
      0.0
    
      0.0274049993604
      -0.00228499993682
      0.0
    
      0.0422470010817
      -0.0122940000147
      0.152999997139
    
      0.0438480004668
      -0.00365599989891
      0.152999997139
    
      0.0
      0.0
      0.0
    
      0.0
      0.0
      0.0
    
      0.0274049993604
      -0.00228499993682
      0.0
    
      0.0273129995912
      0.00320499995723
      0.0
    
      0.0274049993604
      -0.00228499993682
      0.0
    
      0.0273129995912
      0.00320499995723
      0.0
    
      0.0438480004668
      -0.00365599989891
      0.152999997139
    
      0.0436999984086
      0.00512799993157
      0.152999997139
