
  
 
   
    
      0, 2, 3
    
      4, 6, 7
    
      4, 7, 5
    
      8, 10, 11
    
      12, 14, 15
    
      12, 15, 13
    
      16, 18, 19
    
      20, 22, 23
    
      20, 23, 21
    
      24, 26, 27
    
      28, 30, 31
    
      28, 31, 29
    
      32, 34, 35
    
      36, 38, 39
    
      36, 39, 37
    
      40, 42, 43
    
      44, 46, 47
    
      44, 47, 45
    
      48, 50, 51
    
      52, 54, 55
    
      52, 55, 53
    
      56, 58, 59
    
      60, 62, 63
    
      60, 63, 61
    
      64, 66, 67
    
      68, 70, 71
    
      68, 71, 69
    
      72, 74, 75
    
      76, 78, 79
    
      76, 79, 77
    
      80, 82, 83
    
      84, 86, 87
    
      84, 87, 85
    
      88, 90, 91
    
      92, 94, 95
    
      92, 95, 93
    
      96, 98, 99
    
      100, 102, 103
    
      100, 103, 101
    
      104, 106, 107
    
      108, 110, 111
    
      108, 111, 109
    
      112, 114, 115
    
      116, 118, 119
    
      116, 119, 117
    
      120, 122, 123
    
      124, 126, 127
    
      124, 127, 125
    
      128, 130, 131
    
      132, 134, 135
    
      132, 135, 133
    
      136, 138, 139
    
      140, 142, 143
    
      140, 143, 141
    
      144, 146, 147
    
      148, 150, 151
    
      148, 151, 149
    
      152, 154, 155
    
      156, 158, 159
    
      156, 159, 157
    
      160, 162, 163
    
      164, 166, 167
    
      164, 167, 165
    
      168, 170, 171
    
      172, 174, 175
    
      172, 175, 173
    
      176, 178, 179
    
      180, 182, 183
    
      180, 183, 181
    
      184, 186, 187
    
      188, 190, 191
    
      188, 191, 189
    
      192, 194, 195
    
      196, 198, 199
    
      196, 199, 197
    
      200, 202, 203
    
      204, 206, 207
    
      204, 207, 205
    
      208, 210, 211
    
      212, 214, 215
    
      212, 215, 213
    
      216, 218, 219
    
      220, 222, 223
    
      220, 223, 221
    
      224, 226, 227
    
      228, 230, 231
    
      228, 231, 229
    
      232, 234, 235
    
      236, 238, 239
    
      236, 239, 237
    
      240, 242, 243
    
      244, 246, 247
    
      244, 247, 245
    
      248, 250, 251
    
      252, 254, 255
    
      252, 255, 253
   
    
      0.0
      0.0
      0.0
    
      0.0
      0.0
      0.0
    
      0.0359999984503
      0.0
      0.0
    
      0.0352820008993
      0.00715199997649
      0.0
    
      0.0359999984503
      0.0
      0.0
    
      0.0352820008993
      0.00715199997649
      0.0
    
      0.077500000596
      0.0
      0.0640000030398
    
      0.0759550035
      0.0153970001265
      0.0640000030398
    
      0.0
      0.0
      0.0
    
      0.0
      0.0
      0.0
    
      0.0352820008993
      0.00715199997649
      0.0
    
      0.0331580005586
      0.014019000344
      0.0
    
      0.0352820008993
      0.00715199997649
      0.0
    
      0.0331580005586
      0.014019000344
      0.0
    
      0.0759550035
      0.0153970001265
      0.0640000030398
    
      0.0713820010424
      0.0301799997687
      0.0640000030398
    
      0.0
      0.0
      0.0
    
      0.0
      0.0
      0.0
    
      0.0331580005586
      0.014019000344
      0.0
    
      0.0297120008618
      0.0203269999474
      0.0
    
      0.0331580005586
      0.014019000344
      0.0
    
      0.0297120008618
      0.0203269999474
      0.0
    
      0.0713820010424
      0.0301799997687
      0.0640000030398
    
      0.0639640018344
      0.0437600016594
      0.0640000030398
    
      0.0
      0.0
      0.0
    
      0.0
      0.0
      0.0
    
      0.0297120008618
      0.0203269999474
      0.0
    
      0.0250809993595
      0.0258249994367
      0.0
    
      0.0297120008618
      0.0203269999474
      0.0
    
      0.0250809993595
      0.0258249994367
      0.0
    
      0.0639640018344
      0.0437600016594
      0.0640000030398
    
      0.0539949983358
      0.0555949993432
      0.0640000030398
    
      0.0
      0.0
      0.0
    
      0.0
      0.0
      0.0
    
      0.0250809993595
      0.0258249994367
      0.0
    
      0.0194509997964
      0.030293000862
      0.0
    
      0.0250809993595
      0.0258249994367
      0.0
    
      0.0194509997964
      0.030293000862
      0.0
    
      0.0539949983358
      0.0555949993432
      0.0640000030398
    
      0.0418730005622
      0.0652140006423
      0.0640000030398
    
      0.0
      0.0
      0.0
    
      0.0
      0.0
      0.0
    
      0.0194509997964
      0.030293000862
      0.0
    
      0.0130449999124
      0.0335530005395
      0.0
    
      0.0194509997964
      0.030293000862
      0.0
    
      0.0130449999124
      0.0335530005395
      0.0
    
      0.0418730005622
      0.0652140006423
      0.0640000030398
    
      0.0280830003321
      0.0722329989076
      0.0640000030398
    
      0.0
      0.0
      0.0
    
      0.0
      0.0
      0.0
    
      0.0130449999124
      0.0335530005395
      0.0
    
      0.00611899979413
      0.0354759991169
      0.0
    
      0.0130449999124
      0.0335530005395
      0.0
    
      0.00611899979413
      0.0354759991169
      0.0
    
      0.0280830003321
      0.0722329989076
      0.0640000030398
    
      0.0131719997153
      0.0763719975948
      0.0640000030398
    
      0.0
      0.0
      0.0
    
      0.0
      0.0
      0.0
    
      0.00611899979413
      0.0354759991169
      0.0
    
      -0.00105099997018
      0.0359850004315
      0.0
    
      0.00611899979413
      0.0354759991169
      0.0
    
      -0.00105099997018
      0.0359850004315
      0.0
    
      0.0131719997153
      0.0763719975948
      0.0640000030398
    
      -0.00226300000213
      0.0774670019746
      0.0640000030398
    
      0.0
      0.0
      0.0
    
      0.0
      0.0
      0.0
    
      -0.00105099997018
      0.0359850004315
      0.0
    
      -0.0081789996475
      0.0350590012968
      0.0
    
      -0.00105099997018
      0.0359850004315
      0.0
    
      -0.0081789996475
      0.0350590012968
      0.0
    
      -0.00226300000213
      0.0774670019746
      0.0640000030398
    
      -0.0176079999655
      0.0754730030894
      0.0640000030398
    
      0.0
      0.0
      0.0
    
      0.0
      0.0
      0.0
    
      -0.0081789996475
      0.0350590012968
      0.0
    
      -0.0149809997529
      0.0327350012958
      0.0
    
      -0.0081789996475
      0.0350590012968
      0.0
    
      -0.0149809997529
      0.0327350012958
      0.0
    
      -0.0176079999655
      0.0754730030894
      0.0640000030398
    
      -0.0322510004044
      0.0704710036516
      0.0640000030398
    
      0.0
      0.0
      0.0
    
      0.0
      0.0
      0.0
    
      -0.0149809997529
      0.0327350012958
      0.0
    
      -0.0211859997362
      0.0291060004383
      0.0
    
      -0.0149809997529
      0.0327350012958
      0.0
    
      -0.0211859997362
      0.0291060004383
      0.0
    
      -0.0322510004044
      0.0704710036516
      0.0640000030398
    
      -0.0456090010703
      0.0626579970121
      0.0640000030398
    
      0.0
      0.0
      0.0
    
      0.0
      0.0
      0.0
    
      -0.0211859997362
      0.0291060004383
      0.0
    
      -0.0265459995717
      0.0243170000613
      0.0
    
      -0.0211859997362
      0.0291060004383
      0.0
    
      -0.0265459995717
      0.0243170000613
      0.0
    
      -0.0456090010703
      0.0626579970121
      0.0640000030398
    
      -0.0571479983628
      0.0523479990661
      0.0640000030398
    
      0.0
      0.0
      0.0
    
      0.0
      0.0
      0.0
    
      -0.0265459995717
      0.0243170000613
      0.0
    
      -0.0308480001986
      0.0185579992831
      0.0
    
      -0.0265459995717
      0.0243170000613
      0.0
    
      -0.0308480001986
      0.0185579992831
      0.0
    
      -0.0571479983628
      0.0523479990661
      0.0640000030398
    
      -0.0664089992642
      0.0399510003626
      0.0640000030398
    
      0.0
      0.0
      0.0
    
      0.0
      0.0
      0.0
    
      -0.0308480001986
      0.0185579992831
      0.0
    
      -0.0339200012386
      0.0120599996299
      0.0
    
      -0.0308480001986
      0.0185579992831
      0.0
    
      -0.0339200012386
      0.0120599996299
      0.0
    
      -0.0664089992642
      0.0399510003626
      0.0640000030398
    
      -0.0730220004916
      0.0259620007128
      0.0640000030398
    
      0.0
      0.0
      0.0
    
      0.0
      0.0
      0.0
    
      -0.0339200012386
      0.0120599996299
      0.0
    
      -0.035640001297
      0.00508000003174
      0.0
    
      -0.0339200012386
      0.0120599996299
      0.0
    
      -0.035640001297
      0.00508000003174
      0.0
    
      -0.0730220004916
      0.0259620007128
      0.0640000030398
    
      -0.0767240002751
      0.0109369996935
      0.0640000030398
    
      0.0
      0.0
      0.0
    
      0.0
      0.0
      0.0
    
      -0.035640001297
      0.00508000003174
      0.0
    
      -0.0359390005469
      -0.00210099993274
      0.0
    
      -0.035640001297
      0.00508000003174
      0.0
    
      -0.0359390005469
      -0.00210099993274
      0.0
    
      -0.0767240002751
      0.0109369996935
      0.0640000030398
    
      -0.0773679986596
      -0.00452399998903
      0.0640000030398
    
      0.0
      0.0
      0.0
    
      0.0
      0.0
      0.0
    
      -0.0359390005469
      -0.00210099993274
      0.0
    
      -0.0348049998283
      -0.0091989999637
      0.0
    
      -0.0359390005469
      -0.00210099993274
      0.0
    
      -0.0348049998283
      -0.0091989999637
      0.0
    
      -0.0773679986596
      -0.00452399998903
      0.0640000030398
    
      -0.0749270021915
      -0.0198040008545
      0.0640000030398
    
      0.0
      0.0
      0.0
    
      0.0
      0.0
      0.0
    
      -0.0348049998283
      -0.0091989999637
      0.0
    
      -0.032283000648
      -0.0159309990704
      0.0
    
      -0.0348049998283
      -0.0091989999637
      0.0
    
      -0.032283000648
      -0.0159309990704
      0.0
    
      -0.0749270021915
      -0.0198040008545
      0.0640000030398
    
      -0.0694990009069
      -0.0342950001359
      0.0640000030398
    
      0.0
      0.0
      0.0
    
      0.0
      0.0
      0.0
    
      -0.032283000648
      -0.0159309990704
      0.0
    
      -0.0284749995917
      -0.0220270007849
      0.0
    
      -0.032283000648
      -0.0159309990704
      0.0
    
      -0.0284749995917
      -0.0220270007849
      0.0
    
      -0.0694990009069
      -0.0342950001359
      0.0640000030398
    
      -0.0612999983132
      -0.047419000417
      0.0640000030398
    
      0.0
      0.0
      0.0
    
      0.0
      0.0
      0.0
    
      -0.0284749995917
      -0.0220270007849
      0.0
    
      -0.0235309991986
      -0.0272450000048
      0.0
    
      -0.0284749995917
      -0.0220270007849
      0.0
    
      -0.0235309991986
      -0.0272450000048
      0.0
    
      -0.0612999983132
      -0.047419000417
      0.0640000030398
    
      -0.0506570003927
      -0.0586519986391
      0.0640000030398
    
      0.0
      0.0
      0.0
    
      0.0
      0.0
      0.0
    
      -0.0235309991986
      -0.0272450000048
      0.0
    
      -0.0176490005106
      -0.0313769988716
      0.0
    
      -0.0235309991986
      -0.0272450000048
      0.0
    
      -0.0176490005106
      -0.0313769988716
      0.0
    
      -0.0506570003927
      -0.0586519986391
      0.0640000030398
    
      -0.0379949994385
      -0.0675470009446
      0.0640000030398
    
      0.0
      0.0
      0.0
    
      0.0
      0.0
      0.0
    
      -0.0176490005106
      -0.0313769988716
      0.0
    
      -0.0110640004277
      -0.0342580005527
      0.0
    
      -0.0176490005106
      -0.0313769988716
      0.0
    
      -0.0110640004277
      -0.0342580005527
      0.0
    
      -0.0379949994385
      -0.0675470009446
      0.0640000030398
    
      -0.0238179992884
      -0.0737489983439
      0.0640000030398
    
      0.0
      0.0
      0.0
    
      0.0
      0.0
      0.0
    
      -0.0110640004277
      -0.0342580005527
      0.0
    
      -0.00403699977323
      -0.0357730016112
      0.0
    
      -0.0110640004277
      -0.0342580005527
      0.0
    
      -0.00403699977323
      -0.0357730016112
      0.0
    
      -0.0238179992884
      -0.0737489983439
      0.0640000030398
    
      -0.00869200006127
      -0.0770109966397
      0.0640000030398
    
      0.0
      0.0
      0.0
    
      0.0
      0.0
      0.0
    
      -0.00403699977323
      -0.0357730016112
      0.0
    
      0.0031500000041
      -0.0358619987965
      0.0
    
      -0.00403699977323
      -0.0357730016112
      0.0
    
      0.0031500000041
      -0.0358619987965
      0.0
    
      -0.00869200006127
      -0.0770109966397
      0.0640000030398
    
      0.00678100017831
      -0.0772029981017
      0.0640000030398
    
      0.0
      0.0
      0.0
    
      0.0
      0.0
      0.0
    
      0.0031500000041
      -0.0358619987965
      0.0
    
      0.0102120004594
      -0.0345209985971
      0.0
    
      0.0031500000041
      -0.0358619987965
      0.0
    
      0.0102120004594
      -0.0345209985971
      0.0
    
      0.00678100017831
      -0.0772029981017
      0.0640000030398
    
      0.021983999759
      -0.0743170008063
      0.0640000030398
    
      0.0
      0.0
      0.0
    
      0.0
      0.0
      0.0
    
      0.0102120004594
      -0.0345209985971
      0.0
    
      0.0168670006096
      -0.0318039990962
      0.0
    
      0.0102120004594
      -0.0345209985971
      0.0
    
      0.0168670006096
      -0.0318039990962
      0.0
    
      0.021983999759
      -0.0743170008063
      0.0640000030398
    
      0.0363099984825
      -0.0684679970145
      0.0640000030398
    
      0.0
      0.0
      0.0
    
      0.0
      0.0
      0.0
    
      0.0168670006096
      -0.0318039990962
      0.0
    
      0.0228489991277
      -0.027820000425
      0.0
    
      0.0168670006096
      -0.0318039990962
      0.0
    
      0.0228489991277
      -0.027820000425
      0.0
    
      0.0363099984825
      -0.0684679970145
      0.0640000030398
    
      0.0491890013218
      -0.0598889999092
      0.0640000030398
    
      0.0
      0.0
      0.0
    
      0.0
      0.0
      0.0
    
      0.0228489991277
      -0.027820000425
      0.0
    
      0.0279200002551
      -0.0227259993553
      0.0
    
      0.0228489991277
      -0.027820000425
      0.0
    
      0.0279200002551
      -0.0227259993553
      0.0
    
      0.0491890013218
      -0.0598889999092
      0.0640000030398
    
      0.0601060017943
      -0.0489230006933
      0.0640000030398
    
      0.0
      0.0
      0.0
    
      0.0
      0.0
      0.0
    
      0.0279200002551
      -0.0227259993553
      0.0
    
      0.0318790003657
      -0.0167260002345
      0.0
    
      0.0279200002551
      -0.0227259993553
      0.0
    
      0.0318790003657
      -0.0167260002345
      0.0
    
      0.0601060017943
      -0.0489230006933
      0.0640000030398
    
      0.0686279982328
      -0.0360069982708
      0.0640000030398
    
      0.0
      0.0
      0.0
    
      0.0
      0.0
      0.0
    
      0.0318790003657
      -0.0167260002345
      0.0
    
      0.034566000104
      -0.0100589999929
      0.0
    
      0.0318790003657
      -0.0167260002345
      0.0
    
      0.034566000104
      -0.0100589999929
      0.0
    
      0.0686279982328
      -0.0360069982708
      0.0640000030398
    
      0.0744130015373
      -0.0216550007463
      0.0640000030398
    
      0.0
      0.0
      0.0
    
      0.0
      0.0
      0.0
    
      0.034566000104
      -0.0100589999929
      0.0
    
      0.0358759984374
      -0.00299099995755
      0.0
    
      0.034566000104
      -0.0100589999929
      0.0
    
      0.0358759984374
      -0.00299099995755
      0.0
    
      0.0744130015373
      -0.0216550007463
      0.0640000030398
    
      0.077232003212
      -0.00643899990246
      0.0640000030398
    
      0.0
      0.0
      0.0
    
      0.0
      0.0
      0.0
    
      0.0358759984374
      -0.00299099995755
      0.0
    
      0.0357550010085
      0.00419599981979
      0.0
    
      0.0358759984374
      -0.00299099995755
      0.0
    
      0.0357550010085
      0.00419599981979
      0.0
    
      0.077232003212
      -0.00643899990246
      0.0640000030398
    
      0.0769720003009
      0.00903300009668
      0.0640000030398
