
  
 
   
    
      0, 2, 3
    
      4, 6, 7
    
      4, 7, 5
    
      8, 10, 11
    
      12, 14, 15
    
      12, 15, 13
    
      16, 18, 19
    
      20, 22, 23
    
      20, 23, 21
    
      24, 26, 27
    
      28, 30, 31
    
      28, 31, 29
    
      32, 34, 35
    
      36, 38, 39
    
      36, 39, 37
    
      40, 42, 43
    
      44, 46, 47
    
      44, 47, 45
    
      48, 50, 51
    
      52, 54, 55
    
      52, 55, 53
    
      56, 58, 59
    
      60, 62, 63
    
      60, 63, 61
    
      64, 66, 67
    
      68, 70, 71
    
      68, 71, 69
    
      72, 74, 75
    
      76, 78, 79
    
      76, 79, 77
    
      80, 82, 83
    
      84, 86, 87
    
      84, 87, 85
    
      88, 90, 91
    
      92, 94, 95
    
      92, 95, 93
    
      96, 98, 99
    
      100, 102, 103
    
      100, 103, 101
    
      104, 106, 107
    
      108, 110, 111
    
      108, 111, 109
    
      112, 114, 115
    
      116, 118, 119
    
      116, 119, 117
    
      120, 122, 123
    
      124, 126, 127
    
      124, 127, 125
    
      128, 130, 131
    
      132, 134, 135
    
      132, 135, 133
    
      136, 138, 139
    
      140, 142, 143
    
      140, 143, 141
    
      144, 146, 147
    
      148, 150, 151
    
      148, 151, 149
    
      152, 154, 155
    
      156, 158, 159
    
      156, 159, 157
    
      160, 162, 163
    
      164, 166, 167
    
      164, 167, 165
    
      168, 170, 171
    
      172, 174, 175
    
      172, 175, 173
    
      176, 178, 179
    
      180, 182, 183
    
      180, 183, 181
    
      184, 186, 187
    
      188, 190, 191
    
      188, 191, 189
    
      192, 194, 195
    
      196, 198, 199
    
      196, 199, 197
    
      200, 202, 203
    
      204, 206, 207
    
      204, 207, 205
    
      208, 210, 211
    
      212, 214, 215
    
      212, 215, 213
    
      216, 218, 219
    
      220, 222, 223
    
      220, 223, 221
    
      224, 226, 227
    
      228, 230, 231
    
      228, 231, 229
    
      232, 234, 235
    
      236, 238, 239
    
      236, 239, 237
    
      240, 242, 243
    
      244, 246, 247
    
      244, 247, 245
    
      248, 250, 251
    
      252, 254, 255
    
      252, 255, 253
   
    
      0.0
      0.0
      0.00600000005215
    
      0.0
      0.0
      0.00600000005215
    
      0.082000002265
      0.0
      0.00600000005215
    
      0.0803650021553
      0.016290999949
      0.00600000005215
    
      0.082000002265
      0.0
      0.00600000005215
    
      0.0803650021553
      0.016290999949
      0.00600000005215
    
      0.132499992847
      0.0
      0.0230000000447
    
      0.129859000444
      0.0263240002096
      0.0230000000447
    
      0.0
      0.0
      0.00600000005215
    
      0.0
      0.0
      0.00600000005215
    
      0.0803650021553
      0.016290999949
      0.00600000005215
    
      0.075526997447
      0.0319320000708
      0.00600000005215
    
      0.0803650021553
      0.016290999949
      0.00600000005215
    
      0.075526997447
      0.0319320000708
      0.00600000005215
    
      0.129859000444
      0.0263240002096
      0.0230000000447
    
      0.122041001916
      0.0515980012715
      0.0230000000447
    
      0.0
      0.0
      0.00600000005215
    
      0.0
      0.0
      0.00600000005215
    
      0.075526997447
      0.0319320000708
      0.00600000005215
    
      0.0676779970527
      0.0463009998202
      0.00600000005215
    
      0.075526997447
      0.0319320000708
      0.00600000005215
    
      0.0676779970527
      0.0463009998202
      0.00600000005215
    
      0.122041001916
      0.0515980012715
      0.0230000000447
    
      0.109356999397
      0.0748149976134
      0.0230000000447
    
      0.0
      0.0
      0.00600000005215
    
      0.0
      0.0
      0.00600000005215
    
      0.0676779970527
      0.0463009998202
      0.00600000005215
    
      0.0571300014853
      0.0588230006397
      0.00600000005215
    
      0.0676779970527
      0.0463009998202
      0.00600000005215
    
      0.0571300014853
      0.0588230006397
      0.00600000005215
    
      0.109356999397
      0.0748149976134
      0.0230000000447
    
      0.0923139974475
      0.0950499996543
      0.0230000000447
    
      0.0
      0.0
      0.00600000005215
    
      0.0
      0.0
      0.00600000005215
    
      0.0571300014853
      0.0588230006397
      0.00600000005215
    
      0.0443050004542
      0.0690009966493
      0.00600000005215
    
      0.0571300014853
      0.0588230006397
      0.00600000005215
    
      0.0443050004542
      0.0690009966493
      0.00600000005215
    
      0.0923139974475
      0.0950499996543
      0.0230000000447
    
      0.0715899989009
      0.111495003104
      0.0230000000447
    
      0.0
      0.0
      0.00600000005215
    
      0.0
      0.0
      0.00600000005215
    
      0.0443050004542
      0.0690009966493
      0.00600000005215
    
      0.0297129992396
      0.0764269977808
      0.00600000005215
    
      0.0443050004542
      0.0690009966493
      0.00600000005215
    
      0.0297129992396
      0.0764269977808
      0.00600000005215
    
      0.0715899989009
      0.111495003104
      0.0230000000447
    
      0.0480119995773
      0.123494997621
      0.0230000000447
    
      0.0
      0.0
      0.00600000005215
    
      0.0
      0.0
      0.00600000005215
    
      0.0297129992396
      0.0764269977808
      0.00600000005215
    
      0.0139370001853
      0.0808070003986
      0.00600000005215
    
      0.0297129992396
      0.0764269977808
      0.00600000005215
    
      0.0139370001853
      0.0808070003986
      0.00600000005215
    
      0.0480119995773
      0.123494997621
      0.0230000000447
    
      0.0225210003555
      0.130572006106
      0.0230000000447
    
      0.0
      0.0
      0.00600000005215
    
      0.0
      0.0
      0.00600000005215
    
      0.0139370001853
      0.0808070003986
      0.00600000005215
    
      -0.00239400006831
      0.0819649994373
      0.00600000005215
    
      0.0139370001853
      0.0808070003986
      0.00600000005215
    
      -0.00239400006831
      0.0819649994373
      0.00600000005215
    
      0.0225210003555
      0.130572006106
      0.0230000000447
    
      -0.00386899989098
      0.132443994284
      0.0230000000447
    
      0.0
      0.0
      0.00600000005215
    
      0.0
      0.0
      0.00600000005215
    
      -0.00239400006831
      0.0819649994373
      0.00600000005215
    
      -0.0186310000718
      0.0798560008407
      0.00600000005215
    
      -0.00239400006831
      0.0819649994373
      0.00600000005215
    
      -0.0186310000718
      0.0798560008407
      0.00600000005215
    
      -0.00386899989098
      0.132443994284
      0.0230000000447
    
      -0.0301040001214
      0.129034996033
      0.0230000000447
    
      0.0
      0.0
      0.00600000005215
    
      0.0
      0.0
      0.00600000005215
    
      -0.0186310000718
      0.0798560008407
      0.00600000005215
    
      -0.0341240018606
      0.0745619982481
      0.00600000005215
    
      -0.0186310000718
      0.0798560008407
      0.00600000005215
    
      -0.0341240018606
      0.0745619982481
      0.00600000005215
    
      -0.0301040001214
      0.129034996033
      0.0230000000447
    
      -0.0551390014589
      0.120481997728
      0.0230000000447
    
      0.0
      0.0
      0.00600000005215
    
      0.0
      0.0
      0.00600000005215
    
      -0.0341240018606
      0.0745619982481
      0.00600000005215
    
      -0.0482570007443
      0.0662970021367
      0.00600000005215
    
      -0.0341240018606
      0.0745619982481
      0.00600000005215
    
      -0.0482570007443
      0.0662970021367
      0.00600000005215
    
      -0.0551390014589
      0.120481997728
      0.0230000000447
    
      -0.0779760032892
      0.107125997543
      0.0230000000447
    
      0.0
      0.0
      0.00600000005215
    
      0.0
      0.0
      0.00600000005215
    
      -0.0482570007443
      0.0662970021367
      0.00600000005215
    
      -0.0604659989476
      0.0553879998624
      0.00600000005215
    
      -0.0482570007443
      0.0662970021367
      0.00600000005215
    
      -0.0604659989476
      0.0553879998624
      0.00600000005215
    
      -0.0779760032892
      0.107125997543
      0.0230000000447
    
      -0.0977049991488
      0.0894989967346
      0.0230000000447
    
      0.0
      0.0
      0.00600000005215
    
      0.0
      0.0
      0.00600000005215
    
      -0.0604659989476
      0.0553879998624
      0.00600000005215
    
      -0.0702650025487
      0.0422709994018
      0.00600000005215
    
      -0.0604659989476
      0.0553879998624
      0.00600000005215
    
      -0.0702650025487
      0.0422709994018
      0.00600000005215
    
      -0.0977049991488
      0.0894989967346
      0.0230000000447
    
      -0.113537997007
      0.068304002285
      0.0230000000447
    
      0.0
      0.0
      0.00600000005215
    
      0.0
      0.0
      0.00600000005215
    
      -0.0702650025487
      0.0422709994018
      0.00600000005215
    
      -0.0772619992495
      0.0274689998478
      0.00600000005215
    
      -0.0702650025487
      0.0422709994018
      0.00600000005215
    
      -0.0772619992495
      0.0274689998478
      0.00600000005215
    
      -0.113537997007
      0.068304002285
      0.0230000000447
    
      -0.124843999743
      0.0443859994411
      0.0230000000447
    
      0.0
      0.0
      0.00600000005215
    
      0.0
      0.0
      0.00600000005215
    
      -0.0772619992495
      0.0274689998478
      0.00600000005215
    
      -0.0811790004373
      0.0115719996393
      0.00600000005215
    
      -0.0772619992495
      0.0274689998478
      0.00600000005215
    
      -0.0811790004373
      0.0115719996393
      0.00600000005215
    
      -0.124843999743
      0.0443859994411
      0.0230000000447
    
      -0.131173998117
      0.0186979994178
      0.0230000000447
    
      0.0
      0.0
      0.00600000005215
    
      0.0
      0.0
      0.00600000005215
    
      -0.0811790004373
      0.0115719996393
      0.00600000005215
    
      -0.081859998405
      -0.00478699989617
      0.00600000005215
    
      -0.0811790004373
      0.0115719996393
      0.00600000005215
    
      -0.081859998405
      -0.00478699989617
      0.00600000005215
    
      -0.131173998117
      0.0186979994178
      0.0230000000447
    
      -0.132274001837
      -0.00773499999195
      0.0230000000447
    
      0.0
      0.0
      0.00600000005215
    
      0.0
      0.0
      0.00600000005215
    
      -0.081859998405
      -0.00478699989617
      0.00600000005215
    
      -0.0792770013213
      -0.0209539998323
      0.00600000005215
    
      -0.081859998405
      -0.00478699989617
      0.00600000005215
    
      -0.0792770013213
      -0.0209539998323
      0.00600000005215
    
      -0.132274001837
      -0.00773499999195
      0.0230000000447
    
      -0.12810100615
      -0.0338589996099
      0.0230000000447
    
      0.0
      0.0
      0.00600000005215
    
      0.0
      0.0
      0.00600000005215
    
      -0.0792770013213
      -0.0209539998323
      0.00600000005215
    
      -0.0735339969397
      -0.0362869985402
      0.00600000005215
    
      -0.0792770013213
      -0.0209539998323
      0.00600000005215
    
      -0.0735339969397
      -0.0362869985402
      0.00600000005215
    
      -0.12810100615
      -0.0338589996099
      0.0230000000447
    
      -0.118819996715
      -0.0586340017617
      0.0230000000447
    
      0.0
      0.0
      0.00600000005215
    
      0.0
      0.0
      0.00600000005215
    
      -0.0735339969397
      -0.0362869985402
      0.00600000005215
    
      -0.0648590028286
      -0.0501720011234
      0.00600000005215
    
      -0.0735339969397
      -0.0362869985402
      0.00600000005215
    
      -0.0648590028286
      -0.0501720011234
      0.00600000005215
    
      -0.118819996715
      -0.0586340017617
      0.0230000000447
    
      -0.104803003371
      -0.0810709968209
      0.0230000000447
    
      0.0
      0.0
      0.00600000005215
    
      0.0
      0.0
      0.00600000005215
    
      -0.0648590028286
      -0.0501720011234
      0.00600000005215
    
      -0.0535989999771
      -0.0620580017567
      0.00600000005215
    
      -0.0648590028286
      -0.0501720011234
      0.00600000005215
    
      -0.0535989999771
      -0.0620580017567
      0.00600000005215
    
      -0.104803003371
      -0.0810709968209
      0.0230000000447
    
      -0.0866080000997
      -0.100276000798
      0.0230000000447
    
      0.0
      0.0
      0.00600000005215
    
      0.0
      0.0
      0.00600000005215
    
      -0.0535989999771
      -0.0620580017567
      0.00600000005215
    
      -0.0402010008693
      -0.071469001472
      0.00600000005215
    
      -0.0535989999771
      -0.0620580017567
      0.00600000005215
    
      -0.0402010008693
      -0.071469001472
      0.00600000005215
    
      -0.0866080000997
      -0.100276000798
      0.0230000000447
    
      -0.0649600028992
      -0.115483999252
      0.0230000000447
    
      0.0
      0.0
      0.00600000005215
    
      0.0
      0.0
      0.00600000005215
    
      -0.0402010008693
      -0.071469001472
      0.00600000005215
    
      -0.0252010002732
      -0.0780310034752
      0.00600000005215
    
      -0.0402010008693
      -0.071469001472
      0.00600000005215
    
      -0.0252010002732
      -0.0780310034752
      0.00600000005215
    
      -0.0649600028992
      -0.115483999252
      0.0230000000447
    
      -0.040722001344
      -0.126086995006
      0.0230000000447
    
      0.0
      0.0
      0.00600000005215
    
      0.0
      0.0
      0.00600000005215
    
      -0.0252010002732
      -0.0780310034752
      0.00600000005215
    
      -0.00919700041413
      -0.0814829990268
      0.00600000005215
    
      -0.0252010002732
      -0.0780310034752
      0.00600000005215
    
      -0.00919700041413
      -0.0814829990268
      0.00600000005215
    
      -0.040722001344
      -0.126086995006
      0.0230000000447
    
      -0.0148600004613
      -0.131663993001
      0.0230000000447
    
      0.0
      0.0
      0.00600000005215
    
      0.0
      0.0
      0.00600000005215
    
      -0.00919700041413
      -0.0814829990268
      0.00600000005215
    
      0.00717499991879
      -0.0816849991679
      0.00600000005215
    
      -0.00919700041413
      -0.0814829990268
      0.00600000005215
    
      0.00717499991879
      -0.0816849991679
      0.00600000005215
    
      -0.0148600004613
      -0.131663993001
      0.0230000000447
    
      0.0115940002725
      -0.131991997361
      0.0230000000447
    
      0.0
      0.0
      0.00600000005215
    
      0.0
      0.0
      0.00600000005215
    
      0.00717499991879
      -0.0816849991679
      0.00600000005215
    
      0.0232599992305
      -0.0786319971085
      0.00600000005215
    
      0.00717499991879
      -0.0816849991679
      0.00600000005215
    
      0.0232599992305
      -0.0786319971085
      0.00600000005215
    
      0.0115940002725
      -0.131991997361
      0.0230000000447
    
      0.0375850014389
      -0.127057000995
      0.0230000000447
    
      0.0
      0.0
      0.00600000005215
    
      0.0
      0.0
      0.00600000005215
    
      0.0232599992305
      -0.0786319971085
      0.00600000005215
    
      0.0384179987013
      -0.0724430009723
      0.00600000005215
    
      0.0232599992305
      -0.0786319971085
      0.00600000005215
    
      0.0384179987013
      -0.0724430009723
      0.00600000005215
    
      0.0375850014389
      -0.127057000995
      0.0230000000447
    
      0.062077999115
      -0.117058001459
      0.0230000000447
    
      0.0
      0.0
      0.00600000005215
    
      0.0
      0.0
      0.00600000005215
    
      0.0384179987013
      -0.0724430009723
      0.00600000005215
    
      0.0520449988544
      -0.0633670017123
      0.00600000005215
    
      0.0384179987013
      -0.0724430009723
      0.00600000005215
    
      0.0520449988544
      -0.0633670017123
      0.00600000005215
    
      0.062077999115
      -0.117058001459
      0.0230000000447
    
      0.0840969979763
      -0.102390997112
      0.0230000000447
    
      0.0
      0.0
      0.00600000005215
    
      0.0
      0.0
      0.00600000005215
    
      0.0520449988544
      -0.0633670017123
      0.00600000005215
    
      0.0635960027575
      -0.0517640002072
      0.00600000005215
    
      0.0520449988544
      -0.0633670017123
      0.00600000005215
    
      0.0635960027575
      -0.0517640002072
      0.00600000005215
    
      0.0840969979763
      -0.102390997112
      0.0230000000447
    
      0.102761998773
      -0.0836429968476
      0.0230000000447
    
      0.0
      0.0
      0.00600000005215
    
      0.0
      0.0
      0.00600000005215
    
      0.0635960027575
      -0.0517640002072
      0.00600000005215
    
      0.0726130008698
      -0.0380970016122
      0.00600000005215
    
      0.0635960027575
      -0.0517640002072
      0.00600000005215
    
      0.0726130008698
      -0.0380970016122
      0.00600000005215
    
      0.102761998773
      -0.0836429968476
      0.0230000000447
    
      0.117330998182
      -0.0615600012243
      0.0230000000447
    
      0.0
      0.0
      0.00600000005215
    
      0.0
      0.0
      0.00600000005215
    
      0.0726130008698
      -0.0380970016122
      0.00600000005215
    
      0.0787340030074
      -0.0229119993746
      0.00600000005215
    
      0.0726130008698
      -0.0380970016122
      0.00600000005215
    
      0.0787340030074
      -0.0229119993746
      0.00600000005215
    
      0.117330998182
      -0.0615600012243
      0.0230000000447
    
      0.12722299993
      -0.0370230004191
      0.0230000000447
    
      0.0
      0.0
      0.00600000005215
    
      0.0
      0.0
      0.00600000005215
    
      0.0787340030074
      -0.0229119993746
      0.00600000005215
    
      0.0817160010338
      -0.00681299995631
      0.00600000005215
    
      0.0787340030074
      -0.0229119993746
      0.00600000005215
    
      0.0817160010338
      -0.00681299995631
      0.00600000005215
    
      0.12722299993
      -0.0370230004191
      0.0230000000447
    
      0.132042005658
      -0.0110090002418
      0.0230000000447
    
      0.0
      0.0
      0.00600000005215
    
      0.0
      0.0
      0.00600000005215
    
      0.0817160010338
      -0.00681299995631
      0.00600000005215
    
      0.081441000104
      0.00955700036138
      0.00600000005215
    
      0.0817160010338
      -0.00681299995631
      0.00600000005215
    
      0.081441000104
      0.00955700036138
      0.00600000005215
    
      0.132042005658
      -0.0110090002418
      0.0230000000447
    
      0.13159699738
      0.0154430000111
      0.0230000000447
