
  
 
   
    
      0, 2, 3
    
      4, 6, 7
    
      4, 7, 5
    
      8, 10, 11
    
      12, 14, 15
    
      12, 15, 13
    
      16, 18, 19
    
      20, 22, 23
    
      20, 23, 21
    
      24, 26, 27
    
      28, 30, 31
    
      28, 31, 29
    
      32, 34, 35
    
      36, 38, 39
    
      36, 39, 37
    
      40, 42, 43
    
      44, 46, 47
    
      44, 47, 45
    
      48, 50, 51
    
      52, 54, 55
    
      52, 55, 53
    
      56, 58, 59
    
      60, 62, 63
    
      60, 63, 61
    
      64, 66, 67
    
      68, 70, 71
    
      68, 71, 69
    
      72, 74, 75
    
      76, 78, 79
    
      76, 79, 77
    
      80, 82, 83
    
      84, 86, 87
    
      84, 87, 85
    
      88, 90, 91
    
      92, 94, 95
    
      92, 95, 93
    
      96, 98, 99
    
      100, 102, 103
    
      100, 103, 101
    
      104, 106, 107
    
      108, 110, 111
    
      108, 111, 109
    
      112, 114, 115
    
      116, 118, 119
    
      116, 119, 117
    
      120, 122, 123
    
      124, 126, 127
    
      124, 127, 125
    
      128, 130, 131
    
      132, 134, 135
    
      132, 135, 133
    
      136, 138, 139
    
      140, 142, 143
    
      140, 143, 141
    
      144, 146, 147
    
      148, 150, 151
    
      148, 151, 149
    
      152, 154, 155
    
      156, 158, 159
    
      156, 159, 157
    
      160, 162, 163
    
      164, 166, 167
    
      164, 167, 165
    
      168, 170, 171
    
      172, 174, 175
    
      172, 175, 173
    
      176, 178, 179
    
      180, 182, 183
    
      180, 183, 181
    
      184, 186, 187
    
      188, 190, 191
    
      188, 191, 189
    
      192, 194, 195
    
      196, 198, 199
    
      196, 199, 197
    
      200, 202, 203
    
      204, 206, 207
    
      204, 207, 205
    
      208, 210, 211
    
      212, 214, 215
    
      212, 215, 213
    
      216, 218, 219
    
      220, 222, 223
    
      220, 223, 221
    
      224, 226, 227
    
      228, 230, 231
    
      228, 231, 229
    
      232, 234, 235
    
      236, 238, 239
    
      236, 239, 237
    
      240, 242, 243
    
      244, 246, 247
    
      244, 247, 245
    
      248, 250, 251
    
      252, 254, 255
    
      252, 255, 253
   
    
      0.0
      0.0
      0.00700000021607
    
      0.0
      0.0
      0.00700000021607
    
      0.0619999989867
      0.0
      0.00700000021607
    
      0.0607639998198
      0.012316999957
      0.00700000021607
    
      0.0619999989867
      0.0
      0.00700000021607
    
      0.0607639998198
      0.012316999957
      0.00700000021607
    
      0.115999996662
      0.0
      0.0179999992251
    
      0.113687999547
      0.0230459999293
      0.0179999992251
    
      0.0
      0.0
      0.00700000021607
    
      0.0
      0.0
      0.00700000021607
    
      0.0607639998198
      0.012316999957
      0.00700000021607
    
      0.05710599944
      0.0241439994425
      0.00700000021607
    
      0.0607639998198
      0.012316999957
      0.00700000021607
    
      0.05710599944
      0.0241439994425
      0.00700000021607
    
      0.113687999547
      0.0230459999293
      0.0179999992251
    
      0.106843002141
      0.0451730005443
      0.0179999992251
    
      0.0
      0.0
      0.00700000021607
    
      0.0
      0.0
      0.00700000021607
    
      0.05710599944
      0.0241439994425
      0.00700000021607
    
      0.0511710010469
      0.0350079983473
      0.00700000021607
    
      0.05710599944
      0.0241439994425
      0.00700000021607
    
      0.0511710010469
      0.0350079983473
      0.00700000021607
    
      0.106843002141
      0.0451730005443
      0.0179999992251
    
      0.0957389995456
      0.0654990002513
      0.0179999992251
    
      0.0
      0.0
      0.00700000021607
    
      0.0
      0.0
      0.00700000021607
    
      0.0511710010469
      0.0350079983473
      0.00700000021607
    
      0.0431960001588
      0.0444759987295
      0.00700000021607
    
      0.0511710010469
      0.0350079983473
      0.00700000021607
    
      0.0431960001588
      0.0444759987295
      0.00700000021607
    
      0.0957389995456
      0.0654990002513
      0.0179999992251
    
      0.0808179974556
      0.0832130014896
      0.0179999992251
    
      0.0
      0.0
      0.00700000021607
    
      0.0
      0.0
      0.00700000021607
    
      0.0431960001588
      0.0444759987295
      0.00700000021607
    
      0.0334989987314
      0.0521709993482
      0.00700000021607
    
      0.0431960001588
      0.0444759987295
      0.00700000021607
    
      0.0334989987314
      0.0521709993482
      0.00700000021607
    
      0.0808179974556
      0.0832130014896
      0.0179999992251
    
      0.0626749992371
      0.097611002624
      0.0179999992251
    
      0.0
      0.0
      0.00700000021607
    
      0.0
      0.0
      0.00700000021607
    
      0.0334989987314
      0.0521709993482
      0.00700000021607
    
      0.0224660001695
      0.0577859990299
      0.00700000021607
    
      0.0334989987314
      0.0521709993482
      0.00700000021607
    
      0.0224660001695
      0.0577859990299
      0.00700000021607
    
      0.0626749992371
      0.097611002624
      0.0179999992251
    
      0.0420330017805
      0.108116999269
      0.0179999992251
    
      0.0
      0.0
      0.00700000021607
    
      0.0
      0.0
      0.00700000021607
    
      0.0224660001695
      0.0577859990299
      0.00700000021607
    
      0.0105379996821
      0.061097998172
      0.00700000021607
    
      0.0224660001695
      0.0577859990299
      0.00700000021607
    
      0.0105379996821
      0.061097998172
      0.00700000021607
    
      0.0420330017805
      0.108116999269
      0.0179999992251
    
      0.0197160001844
      0.114312000573
      0.0179999992251
    
      0.0
      0.0
      0.00700000021607
    
      0.0
      0.0
      0.00700000021607
    
      0.0105379996821
      0.061097998172
      0.00700000021607
    
      -0.00181000004523
      0.0619740001857
      0.00700000021607
    
      0.0105379996821
      0.061097998172
      0.00700000021607
    
      -0.00181000004523
      0.0619740001857
      0.00700000021607
    
      0.0197160001844
      0.114312000573
      0.0179999992251
    
      -0.00338699994609
      0.115951001644
      0.0179999992251
    
      0.0
      0.0
      0.00700000021607
    
      0.0
      0.0
      0.00700000021607
    
      -0.00181000004523
      0.0619740001857
      0.00700000021607
    
      -0.0140869999304
      0.060378998518
      0.00700000021607
    
      -0.00181000004523
      0.0619740001857
      0.00700000021607
    
      -0.0140869999304
      0.060378998518
      0.00700000021607
    
      -0.00338699994609
      0.115951001644
      0.0179999992251
    
      -0.0263550002128
      0.112966001034
      0.0179999992251
    
      0.0
      0.0
      0.00700000021607
    
      0.0
      0.0
      0.00700000021607
    
      -0.0140869999304
      0.060378998518
      0.00700000021607
    
      -0.025800999254
      0.0563759990036
      0.00700000021607
    
      -0.0140869999304
      0.060378998518
      0.00700000021607
    
      -0.025800999254
      0.0563759990036
      0.00700000021607
    
      -0.0263550002128
      0.112966001034
      0.0179999992251
    
      -0.0482730008662
      0.105479001999
      0.0179999992251
    
      0.0
      0.0
      0.00700000021607
    
      0.0
      0.0
      0.00700000021607
    
      -0.025800999254
      0.0563759990036
      0.00700000021607
    
      -0.0364869982004
      0.0501269996166
      0.00700000021607
    
      -0.025800999254
      0.0563759990036
      0.00700000021607
    
      -0.0364869982004
      0.0501269996166
      0.00700000021607
    
      -0.0482730008662
      0.105479001999
      0.0179999992251
    
      -0.0682659968734
      0.0937860012054
      0.0179999992251
    
      0.0
      0.0
      0.00700000021607
    
      0.0
      0.0
      0.00700000021607
    
      -0.0364869982004
      0.0501269996166
      0.00700000021607
    
      -0.0457179993391
      0.0418789982796
      0.00700000021607
    
      -0.0364869982004
      0.0501269996166
      0.00700000021607
    
      -0.0457179993391
      0.0418789982796
      0.00700000021607
    
      -0.0682659968734
      0.0937860012054
      0.0179999992251
    
      -0.0855379998684
      0.0783540010452
      0.0179999992251
    
      0.0
      0.0
      0.00700000021607
    
      0.0
      0.0
      0.00700000021607
    
      -0.0457179993391
      0.0418789982796
      0.00700000021607
    
      -0.0531269982457
      0.0319610014558
      0.00700000021607
    
      -0.0457179993391
      0.0418789982796
      0.00700000021607
    
      -0.0531269982457
      0.0319610014558
      0.00700000021607
    
      -0.0855379998684
      0.0783540010452
      0.0179999992251
    
      -0.0993990004063
      0.0597979985178
      0.0179999992251
    
      0.0
      0.0
      0.00700000021607
    
      0.0
      0.0
      0.00700000021607
    
      -0.0531269982457
      0.0319610014558
      0.00700000021607
    
      -0.0584179982543
      0.0207690000534
      0.00700000021607
    
      -0.0531269982457
      0.0319610014558
      0.00700000021607
    
      -0.0584179982543
      0.0207690000534
      0.00700000021607
    
      -0.0993990004063
      0.0597979985178
      0.0179999992251
    
      -0.10929799825
      0.0388589985669
      0.0179999992251
    
      0.0
      0.0
      0.00700000021607
    
      0.0
      0.0
      0.00700000021607
    
      -0.0584179982543
      0.0207690000534
      0.00700000021607
    
      -0.0613799989223
      0.00874899979681
      0.00700000021607
    
      -0.0584179982543
      0.0207690000534
      0.00700000021607
    
      -0.0613799989223
      0.00874899979681
      0.00700000021607
    
      -0.10929799825
      0.0388589985669
      0.0179999992251
    
      -0.11483900249
      0.0163700003177
      0.0179999992251
    
      0.0
      0.0
      0.00700000021607
    
      0.0
      0.0
      0.00700000021607
    
      -0.0613799989223
      0.00874899979681
      0.00700000021607
    
      -0.0618939995766
      -0.00361900008284
      0.00700000021607
    
      -0.0613799989223
      0.00874899979681
      0.00700000021607
    
      -0.0618939995766
      -0.00361900008284
      0.00700000021607
    
      -0.11483900249
      0.0163700003177
      0.0179999992251
    
      -0.115801997483
      -0.00677100010216
      0.0179999992251
    
      0.0
      0.0
      0.00700000021607
    
      0.0
      0.0
      0.00700000021607
    
      -0.0618939995766
      -0.00361900008284
      0.00700000021607
    
      -0.0599410012364
      -0.0158440005034
      0.00700000021607
    
      -0.0618939995766
      -0.00361900008284
      0.00700000021607
    
      -0.0599410012364
      -0.0158440005034
      0.00700000021607
    
      -0.115801997483
      -0.00677100010216
      0.0179999992251
    
      -0.112149000168
      -0.0296429991722
      0.0179999992251
    
      0.0
      0.0
      0.00700000021607
    
      0.0
      0.0
      0.00700000021607
    
      -0.0599410012364
      -0.0158440005034
      0.00700000021607
    
      -0.0555990003049
      -0.0274359993637
      0.00700000021607
    
      -0.0599410012364
      -0.0158440005034
      0.00700000021607
    
      -0.0555990003049
      -0.0274359993637
      0.00700000021607
    
      -0.112149000168
      -0.0296429991722
      0.0179999992251
    
      -0.104024000466
      -0.051332000643
      0.0179999992251
    
      0.0
      0.0
      0.00700000021607
    
      0.0
      0.0
      0.00700000021607
    
      -0.0555990003049
      -0.0274359993637
      0.00700000021607
    
      -0.0490400008857
      -0.037934999913
      0.00700000021607
    
      -0.0555990003049
      -0.0274359993637
      0.00700000021607
    
      -0.0490400008857
      -0.037934999913
      0.00700000021607
    
      -0.104024000466
      -0.051332000643
      0.0179999992251
    
      -0.0917520001531
      -0.0709759965539
      0.0179999992251
    
      0.0
      0.0
      0.00700000021607
    
      0.0
      0.0
      0.00700000021607
    
      -0.0490400008857
      -0.037934999913
      0.00700000021607
    
      -0.0405259989202
      -0.0469219982624
      0.00700000021607
    
      -0.0490400008857
      -0.037934999913
      0.00700000021607
    
      -0.0405259989202
      -0.0469219982624
      0.00700000021607
    
      -0.0917520001531
      -0.0709759965539
      0.0179999992251
    
      -0.0758230015635
      -0.0877889990807
      0.0179999992251
    
      0.0
      0.0
      0.00700000021607
    
      0.0
      0.0
      0.00700000021607
    
      -0.0405259989202
      -0.0469219982624
      0.00700000021607
    
      -0.0303959995508
      -0.0540379993618
      0.00700000021607
    
      -0.0405259989202
      -0.0469219982624
      0.00700000021607
    
      -0.0303959995508
      -0.0540379993618
      0.00700000021607
    
      -0.0758230015635
      -0.0877889990807
      0.0179999992251
    
      -0.0568699985743
      -0.101103000343
      0.0179999992251
    
      0.0
      0.0
      0.00700000021607
    
      0.0
      0.0
      0.00700000021607
    
      -0.0303959995508
      -0.0540379993618
      0.00700000021607
    
      -0.019054999575
      -0.0589989982545
      0.00700000021607
    
      -0.0303959995508
      -0.0540379993618
      0.00700000021607
    
      -0.019054999575
      -0.0589989982545
      0.00700000021607
    
      -0.0568699985743
      -0.101103000343
      0.0179999992251
    
      -0.035650998354
      -0.110385999084
      0.0179999992251
    
      0.0
      0.0
      0.00700000021607
    
      0.0
      0.0
      0.00700000021607
    
      -0.019054999575
      -0.0589989982545
      0.00700000021607
    
      -0.00695300009102
      -0.0616089999676
      0.00700000021607
    
      -0.019054999575
      -0.0589989982545
      0.00700000021607
    
      -0.00695300009102
      -0.0616089999676
      0.00700000021607
    
      -0.035650998354
      -0.110385999084
      0.0179999992251
    
      -0.0130099998787
      -0.11526799947
      0.0179999992251
    
      0.0
      0.0
      0.00700000021607
    
      0.0
      0.0
      0.00700000021607
    
      -0.00695300009102
      -0.0616089999676
      0.00700000021607
    
      0.0054250000976
      -0.0617620013654
      0.00700000021607
    
      -0.00695300009102
      -0.0616089999676
      0.00700000021607
    
      0.0054250000976
      -0.0617620013654
      0.00700000021607
    
      -0.0130099998787
      -0.11526799947
      0.0179999992251
    
      0.010150000453
      -0.115555003285
      0.0179999992251
    
      0.0
      0.0
      0.00700000021607
    
      0.0
      0.0
      0.00700000021607
    
      0.0054250000976
      -0.0617620013654
      0.00700000021607
    
      0.0175870005041
      -0.0594529993832
      0.00700000021607
    
      0.0054250000976
      -0.0617620013654
      0.00700000021607
    
      0.0175870005041
      -0.0594529993832
      0.00700000021607
    
      0.010150000453
      -0.115555003285
      0.0179999992251
    
      0.0329050011933
      -0.111235000193
      0.0179999992251
    
      0.0
      0.0
      0.00700000021607
    
      0.0
      0.0
      0.00700000021607
    
      0.0175870005041
      -0.0594529993832
      0.00700000021607
    
      0.029047999531
      -0.0547740012407
      0.00700000021607
    
      0.0175870005041
      -0.0594529993832
      0.00700000021607
    
      0.029047999531
      -0.0547740012407
      0.00700000021607
    
      0.0329050011933
      -0.111235000193
      0.0179999992251
    
      0.0543479993939
      -0.102481000125
      0.0179999992251
    
      0.0
      0.0
      0.00700000021607
    
      0.0
      0.0
      0.00700000021607
    
      0.029047999531
      -0.0547740012407
      0.00700000021607
    
      0.0393510013819
      -0.0479109995067
      0.00700000021607
    
      0.029047999531
      -0.0547740012407
      0.00700000021607
    
      0.0393510013819
      -0.0479109995067
      0.00700000021607
    
      0.0543479993939
      -0.102481000125
      0.0179999992251
    
      0.0736239999533
      -0.0896409973502
      0.0179999992251
    
      0.0
      0.0
      0.00700000021607
    
      0.0
      0.0
      0.00700000021607
    
      0.0393510013819
      -0.0479109995067
      0.00700000021607
    
      0.048085000366
      -0.0391389988363
      0.00700000021607
    
      0.0393510013819
      -0.0479109995067
      0.00700000021607
    
      0.048085000366
      -0.0391389988363
      0.00700000021607
    
      0.0736239999533
      -0.0896409973502
      0.0179999992251
    
      0.0899659991264
      -0.0732270032167
      0.0179999992251
    
      0.0
      0.0
      0.00700000021607
    
      0.0
      0.0
      0.00700000021607
    
      0.048085000366
      -0.0391389988363
      0.00700000021607
    
      0.0549019984901
      -0.0288050007075
      0.00700000021607
    
      0.048085000366
      -0.0391389988363
      0.00700000021607
    
      0.0549019984901
      -0.0288050007075
      0.00700000021607
    
      0.0899659991264
      -0.0732270032167
      0.0179999992251
    
      0.10271999985
      -0.0538939982653
      0.0179999992251
    
      0.0
      0.0
      0.00700000021607
    
      0.0
      0.0
      0.00700000021607
    
      0.0549019984901
      -0.0288050007075
      0.00700000021607
    
      0.0595309995115
      -0.017324000597
      0.00700000021607
    
      0.0549019984901
      -0.0288050007075
      0.00700000021607
    
      0.0595309995115
      -0.017324000597
      0.00700000021607
    
      0.10271999985
      -0.0538939982653
      0.0179999992251
    
      0.111380003393
      -0.0324120000005
      0.0179999992251
    
      0.0
      0.0
      0.00700000021607
    
      0.0
      0.0
      0.00700000021607
    
      0.0595309995115
      -0.017324000597
      0.00700000021607
    
      0.0617859996855
      -0.00515200011432
      0.00700000021607
    
      0.0595309995115
      -0.017324000597
      0.00700000021607
    
      0.0617859996855
      -0.00515200011432
      0.00700000021607
    
      0.111380003393
      -0.0324120000005
      0.0179999992251
    
      0.115598998964
      -0.00963800027966
      0.0179999992251
    
      0.0
      0.0
      0.00700000021607
    
      0.0
      0.0
      0.00700000021607
    
      0.0617859996855
      -0.00515200011432
      0.00700000021607
    
      0.0615769997239
      0.0072260000743
      0.00700000021607
    
      0.0617859996855
      -0.00515200011432
      0.00700000021607
    
      0.0615769997239
      0.0072260000743
      0.00700000021607
    
      0.115598998964
      -0.00963800027966
      0.0179999992251
    
      0.115208998322
      0.0135199995711
      0.0179999992251
