
  
 
   
    
      0, 2, 3
    
      4, 6, 7
    
      4, 7, 5
    
      8, 10, 11
    
      12, 14, 15
    
      12, 15, 13
    
      16, 18, 19
    
      20, 22, 23
    
      20, 23, 21
    
      24, 26, 27
    
      28, 30, 31
    
      28, 31, 29
    
      32, 34, 35
    
      36, 38, 39
    
      36, 39, 37
    
      40, 42, 43
    
      44, 46, 47
    
      44, 47, 45
    
      48, 50, 51
    
      52, 54, 55
    
      52, 55, 53
    
      56, 58, 59
    
      60, 62, 63
    
      60, 63, 61
    
      64, 66, 67
    
      68, 70, 71
    
      68, 71, 69
    
      72, 74, 75
    
      76, 78, 79
    
      76, 79, 77
    
      80, 82, 83
    
      84, 86, 87
    
      84, 87, 85
    
      88, 90, 91
    
      92, 94, 95
    
      92, 95, 93
    
      96, 98, 99
    
      100, 102, 103
    
      100, 103, 101
    
      104, 106, 107
    
      108, 110, 111
    
      108, 111, 109
    
      112, 114, 115
    
      116, 118, 119
    
      116, 119, 117
    
      120, 122, 123
    
      124, 126, 127
    
      124, 127, 125
    
      128, 130, 131
    
      132, 134, 135
    
      132, 135, 133
    
      136, 138, 139
    
      140, 142, 143
    
      140, 143, 141
    
      144, 146, 147
    
      148, 150, 151
    
      148, 151, 149
    
      152, 154, 155
    
      156, 158, 159
    
      156, 159, 157
    
      160, 162, 163
    
      164, 166, 167
    
      164, 167, 165
    
      168, 170, 171
    
      172, 174, 175
    
      172, 175, 173
    
      176, 178, 179
    
      180, 182, 183
    
      180, 183, 181
    
      184, 186, 187
    
      188, 190, 191
    
      188, 191, 189
    
      192, 194, 195
    
      196, 198, 199
    
      196, 199, 197
    
      200, 202, 203
    
      204, 206, 207
    
      204, 207, 205
    
      208, 210, 211
    
      212, 214, 215
    
      212, 215, 213
    
      216, 218, 219
    
      220, 222, 223
    
      220, 223, 221
    
      224, 226, 227
    
      228, 230, 231
    
      228, 231, 229
    
      232, 234, 235
    
      236, 238, 239
    
      236, 239, 237
    
      240, 242, 243
    
      244, 246, 247
    
      244, 247, 245
    
      248, 250, 251
    
      252, 254, 255
    
      252, 255, 253
   
    
      0.0
      0.0
      0.0
    
      0.0
      0.0
      0.0
    
      0.0230000000447
      0.0
      0.0
    
      0.0225419998169
      0.00456900009885
      0.0
    
      0.0230000000447
      0.0
      0.0
    
      0.0225419998169
      0.00456900009885
      0.0
    
      0.0340000018477
      0.0
      0.103000000119
    
      0.0333219990134
      0.00675499998033
      0.103000000119
    
      0.0
      0.0
      0.0
    
      0.0
      0.0
      0.0
    
      0.0225419998169
      0.00456900009885
      0.0
    
      0.0211839992553
      0.0089570004493
      0.0
    
      0.0225419998169
      0.00456900009885
      0.0
    
      0.0211839992553
      0.0089570004493
      0.0
    
      0.0333219990134
      0.00675499998033
      0.103000000119
    
      0.0313160009682
      0.0132400002331
      0.103000000119
    
      0.0
      0.0
      0.0
    
      0.0
      0.0
      0.0
    
      0.0211839992553
      0.0089570004493
      0.0
    
      0.0189830008894
      0.0129869999364
      0.0
    
      0.0211839992553
      0.0089570004493
      0.0
    
      0.0189830008894
      0.0129869999364
      0.0
    
      0.0313160009682
      0.0132400002331
      0.103000000119
    
      0.0280610006303
      0.0191980004311
      0.103000000119
    
      0.0
      0.0
      0.0
    
      0.0
      0.0
      0.0
    
      0.0189830008894
      0.0129869999364
      0.0
    
      0.0160239990801
      0.0164989996701
      0.0
    
      0.0189830008894
      0.0129869999364
      0.0
    
      0.0160239990801
      0.0164989996701
      0.0
    
      0.0280610006303
      0.0191980004311
      0.103000000119
    
      0.0236879996955
      0.02439000085
      0.103000000119
    
      0.0
      0.0
      0.0
    
      0.0
      0.0
      0.0
    
      0.0160239990801
      0.0164989996701
      0.0
    
      0.0124270003289
      0.0193540006876
      0.0
    
      0.0160239990801
      0.0164989996701
      0.0
    
      0.0124270003289
      0.0193540006876
      0.0
    
      0.0236879996955
      0.02439000085
      0.103000000119
    
      0.0183700006455
      0.0286100003868
      0.103000000119
    
      0.0
      0.0
      0.0
    
      0.0
      0.0
      0.0
    
      0.0124270003289
      0.0193540006876
      0.0
    
      0.00833399966359
      0.0214370004833
      0.0
    
      0.0124270003289
      0.0193540006876
      0.0
    
      0.00833399966359
      0.0214370004833
      0.0
    
      0.0183700006455
      0.0286100003868
      0.103000000119
    
      0.012319999747
      0.0316889993846
      0.103000000119
    
      0.0
      0.0
      0.0
    
      0.0
      0.0
      0.0
    
      0.00833399966359
      0.0214370004833
      0.0
    
      0.00390900019556
      0.0226649995893
      0.0
    
      0.00833399966359
      0.0214370004833
      0.0
    
      0.00390900019556
      0.0226649995893
      0.0
    
      0.012319999747
      0.0316889993846
      0.103000000119
    
      0.00577899999917
      0.033505000174
      0.103000000119
    
      0.0
      0.0
      0.0
    
      0.0
      0.0
      0.0
    
      0.00390900019556
      0.0226649995893
      0.0
    
      -0.000671999994665
      0.0229899995029
      0.0
    
      0.00390900019556
      0.0226649995893
      0.0
    
      -0.000671999994665
      0.0229899995029
      0.0
    
      0.00577899999917
      0.033505000174
      0.103000000119
    
      -0.000992999994196
      0.0339859984815
      0.103000000119
    
      0.0
      0.0
      0.0
    
      0.0
      0.0
      0.0
    
      -0.000671999994665
      0.0229899995029
      0.0
    
      -0.00522600021213
      0.0223980005831
      0.0
    
      -0.000671999994665
      0.0229899995029
      0.0
    
      -0.00522600021213
      0.0223980005831
      0.0
    
      -0.000992999994196
      0.0339859984815
      0.103000000119
    
      -0.00772499991581
      0.0331109985709
      0.103000000119
    
      0.0
      0.0
      0.0
    
      0.0
      0.0
      0.0
    
      -0.00522600021213
      0.0223980005831
      0.0
    
      -0.00957100000232
      0.0209139995277
      0.0
    
      -0.00522600021213
      0.0223980005831
      0.0
    
      -0.00957100000232
      0.0209139995277
      0.0
    
      -0.00772499991581
      0.0331109985709
      0.103000000119
    
      -0.0141489999369
      0.0309159997851
      0.103000000119
    
      0.0
      0.0
      0.0
    
      0.0
      0.0
      0.0
    
      -0.00957100000232
      0.0209139995277
      0.0
    
      -0.013535999693
      0.018595000729
      0.0
    
      -0.00957100000232
      0.0209139995277
      0.0
    
      -0.013535999693
      0.018595000729
      0.0
    
      -0.0141489999369
      0.0309159997851
      0.103000000119
    
      -0.0200089998543
      0.0274889990687
      0.103000000119
    
      0.0
      0.0
      0.0
    
      0.0
      0.0
      0.0
    
      -0.013535999693
      0.018595000729
      0.0
    
      -0.0169600006193
      0.0155360000208
      0.0
    
      -0.013535999693
      0.018595000729
      0.0
    
      -0.0169600006193
      0.0155360000208
      0.0
    
      -0.0200089998543
      0.0274889990687
      0.103000000119
    
      -0.0250710006803
      0.0229659993201
      0.103000000119
    
      0.0
      0.0
      0.0
    
      0.0
      0.0
      0.0
    
      -0.0169600006193
      0.0155360000208
      0.0
    
      -0.0197080001235
      0.0118570001796
      0.0
    
      -0.0169600006193
      0.0155360000208
      0.0
    
      -0.0197080001235
      0.0118570001796
      0.0
    
      -0.0250710006803
      0.0229659993201
      0.103000000119
    
      -0.0291339997202
      0.0175269991159
      0.103000000119
    
      0.0
      0.0
      0.0
    
      0.0
      0.0
      0.0
    
      -0.0197080001235
      0.0118570001796
      0.0
    
      -0.0216710008681
      0.00770500022918
      0.0
    
      -0.0197080001235
      0.0118570001796
      0.0
    
      -0.0216710008681
      0.00770500022918
      0.0
    
      -0.0291339997202
      0.0175269991159
      0.103000000119
    
      -0.0320359990001
      0.0113899996504
      0.103000000119
    
      0.0
      0.0
      0.0
    
      0.0
      0.0
      0.0
    
      -0.0216710008681
      0.00770500022918
      0.0
    
      -0.0227700006217
      0.0032460000366
      0.0
    
      -0.0216710008681
      0.00770500022918
      0.0
    
      -0.0227700006217
      0.0032460000366
      0.0
    
      -0.0320359990001
      0.0113899996504
      0.103000000119
    
      -0.0336599983275
      0.00479800021276
      0.103000000119
    
      0.0
      0.0
      0.0
    
      0.0
      0.0
      0.0
    
      -0.0227700006217
      0.0032460000366
      0.0
    
      -0.0229609999806
      -0.00134299998172
      0.0
    
      -0.0227700006217
      0.0032460000366
      0.0
    
      -0.0229609999806
      -0.00134299998172
      0.0
    
      -0.0336599983275
      0.00479800021276
      0.103000000119
    
      -0.0339419990778
      -0.00198499998078
      0.103000000119
    
      0.0
      0.0
      0.0
    
      0.0
      0.0
      0.0
    
      -0.0229609999806
      -0.00134299998172
      0.0
    
      -0.0222360007465
      -0.00587699981406
      0.0
    
      -0.0229609999806
      -0.00134299998172
      0.0
    
      -0.0222360007465
      -0.00587699981406
      0.0
    
      -0.0339419990778
      -0.00198499998078
      0.103000000119
    
      -0.0328710004687
      -0.00868800003082
      0.103000000119
    
      0.0
      0.0
      0.0
    
      0.0
      0.0
      0.0
    
      -0.0222360007465
      -0.00587699981406
      0.0
    
      -0.0206250008196
      -0.0101779997349
      0.0
    
      -0.0222360007465
      -0.00587699981406
      0.0
    
      -0.0206250008196
      -0.0101779997349
      0.0
    
      -0.0328710004687
      -0.00868800003082
      0.103000000119
    
      -0.0304899998009
      -0.0150459995493
      0.103000000119
    
      0.0
      0.0
      0.0
    
      0.0
      0.0
      0.0
    
      -0.0206250008196
      -0.0101779997349
      0.0
    
      -0.0181920006871
      -0.0140730002895
      0.0
    
      -0.0206250008196
      -0.0101779997349
      0.0
    
      -0.0181920006871
      -0.0140730002895
      0.0
    
      -0.0304899998009
      -0.0150459995493
      0.103000000119
    
      -0.0268929991871
      -0.020803000778
      0.103000000119
    
      0.0
      0.0
      0.0
    
      0.0
      0.0
      0.0
    
      -0.0181920006871
      -0.0140730002895
      0.0
    
      -0.0150340003893
      -0.0174059998244
      0.0
    
      -0.0181920006871
      -0.0140730002895
      0.0
    
      -0.0150340003893
      -0.0174059998244
      0.0
    
      -0.0268929991871
      -0.020803000778
      0.103000000119
    
      -0.0222239997238
      -0.0257309991866
      0.103000000119
    
      0.0
      0.0
      0.0
    
      0.0
      0.0
      0.0
    
      -0.0150340003893
      -0.0174059998244
      0.0
    
      -0.0112760001794
      -0.0200459994376
      0.0
    
      -0.0150340003893
      -0.0174059998244
      0.0
    
      -0.0112760001794
      -0.0200459994376
      0.0
    
      -0.0222239997238
      -0.0257309991866
      0.103000000119
    
      -0.0166689995676
      -0.0296340007335
      0.103000000119
    
      0.0
      0.0
      0.0
    
      0.0
      0.0
      0.0
    
      -0.0112760001794
      -0.0200459994376
      0.0
    
      -0.00706900004297
      -0.0218870006502
      0.0
    
      -0.0112760001794
      -0.0200459994376
      0.0
    
      -0.00706900004297
      -0.0218870006502
      0.0
    
      -0.0166689995676
      -0.0296340007335
      0.103000000119
    
      -0.0104489997029
      -0.0323540009558
      0.103000000119
    
      0.0
      0.0
      0.0
    
      0.0
      0.0
      0.0
    
      -0.00706900004297
      -0.0218870006502
      0.0
    
      -0.00258000008762
      -0.0228550005704
      0.0
    
      -0.00706900004297
      -0.0218870006502
      0.0
    
      -0.00258000008762
      -0.0228550005704
      0.0
    
      -0.0104489997029
      -0.0323540009558
      0.103000000119
    
      -0.00381299993023
      -0.0337850004435
      0.103000000119
    
      0.0
      0.0
      0.0
    
      0.0
      0.0
      0.0
    
      -0.00258000008762
      -0.0228550005704
      0.0
    
      0.00201199995354
      -0.0229119993746
      0.0
    
      -0.00258000008762
      -0.0228550005704
      0.0
    
      0.00201199995354
      -0.0229119993746
      0.0
    
      -0.00381299993023
      -0.0337850004435
      0.103000000119
    
      0.00297500006855
      -0.0338700003922
      0.103000000119
    
      0.0
      0.0
      0.0
    
      0.0
      0.0
      0.0
    
      0.00201199995354
      -0.0229119993746
      0.0
    
      0.0065239998512
      -0.0220550000668
      0.0
    
      0.00201199995354
      -0.0229119993746
      0.0
    
      0.0065239998512
      -0.0220550000668
      0.0
    
      0.00297500006855
      -0.0338700003922
      0.103000000119
    
      0.00964500010014
      -0.0326029993594
      0.103000000119
    
      0.0
      0.0
      0.0
    
      0.0
      0.0
      0.0
    
      0.0065239998512
      -0.0220550000668
      0.0
    
      0.0107760000974
      -0.0203189998865
      0.0
    
      0.0065239998512
      -0.0220550000668
      0.0
    
      0.0107760000974
      -0.0203189998865
      0.0
    
      0.00964500010014
      -0.0326029993594
      0.103000000119
    
      0.0159300006926
      -0.0300370007753
      0.103000000119
    
      0.0
      0.0
      0.0
    
      0.0
      0.0
      0.0
    
      0.0107760000974
      -0.0203189998865
      0.0
    
      0.0145979998633
      -0.0177740007639
      0.0
    
      0.0107760000974
      -0.0203189998865
      0.0
    
      0.0145979998633
      -0.0177740007639
      0.0
    
      0.0159300006926
      -0.0300370007753
      0.103000000119
    
      0.0215799994767
      -0.0262739993632
      0.103000000119
    
      0.0
      0.0
      0.0
    
      0.0
      0.0
      0.0
    
      0.0145979998633
      -0.0177740007639
      0.0
    
      0.0178379993886
      -0.0145190004259
      0.0
    
      0.0145979998633
      -0.0177740007639
      0.0
    
      0.0178379993886
      -0.0145190004259
      0.0
    
      0.0215799994767
      -0.0262739993632
      0.103000000119
    
      0.0263689998537
      -0.0214629992843
      0.103000000119
    
      0.0
      0.0
      0.0
    
      0.0
      0.0
      0.0
    
      0.0178379993886
      -0.0145190004259
      0.0
    
      0.020367000252
      -0.0106859998778
      0.0
    
      0.0178379993886
      -0.0145190004259
      0.0
    
      0.020367000252
      -0.0106859998778
      0.0
    
      0.0263689998537
      -0.0214629992843
      0.103000000119
    
      0.0301079992205
      -0.0157960001379
      0.103000000119
    
      0.0
      0.0
      0.0
    
      0.0
      0.0
      0.0
    
      0.020367000252
      -0.0106859998778
      0.0
    
      0.0220839995891
      -0.00642699981108
      0.0
    
      0.020367000252
      -0.0106859998778
      0.0
    
      0.0220839995891
      -0.00642699981108
      0.0
    
      0.0301079992205
      -0.0157960001379
      0.103000000119
    
      0.0326460003853
      -0.00949999969453
      0.103000000119
    
      0.0
      0.0
      0.0
    
      0.0
      0.0
      0.0
    
      0.0220839995891
      -0.00642699981108
      0.0
    
      0.0229199994355
      -0.00191099999938
      0.0
    
      0.0220839995891
      -0.00642699981108
      0.0
    
      0.0229199994355
      -0.00191099999938
      0.0
    
      0.0326460003853
      -0.00949999969453
      0.103000000119
    
      0.0338819995522
      -0.00282500009052
      0.103000000119
    
      0.0
      0.0
      0.0
    
      0.0
      0.0
      0.0
    
      0.0229199994355
      -0.00191099999938
      0.0
    
      0.0228429995477
      0.00268099992536
      0.0
    
      0.0229199994355
      -0.00191099999938
      0.0
    
      0.0228429995477
      0.00268099992536
      0.0
    
      0.0338819995522
      -0.00282500009052
      0.103000000119
    
      0.0337679982185
      0.00396300014108
      0.103000000119
