
  
 
   
    
      0, 2, 3
    
      4, 6, 7
    
      4, 7, 5
    
      8, 10, 11
    
      8, 11, 9
    
      12, 14, 15
    
      16, 18, 19
    
      16, 19, 17
    
      20, 22, 23
    
      20, 23, 21
    
      24, 26, 27
    
      28, 30, 31
    
      28, 31, 29
    
      32, 34, 35
    
      32, 35, 33
    
      36, 38, 39
    
      40, 42, 43
    
      40, 43, 41
    
      44, 46, 47
    
      44, 47, 45
    
      48, 50, 51
    
      52, 54, 55
    
      52, 55, 53
    
      56, 58, 59
    
      56, 59, 57
    
      60, 62, 63
    
      64, 66, 67
    
      64, 67, 65
    
      68, 70, 71
    
      68, 71, 69
    
      72, 74, 75
    
      76, 78, 79
    
      76, 79, 77
    
      80, 82, 83
    
      80, 83, 81
    
      84, 86, 87
    
      88, 90, 91
    
      88, 91, 89
    
      92, 94, 95
    
      92, 95, 93
    
      96, 98, 99
    
      100, 102, 103
    
      100, 103, 101
    
      104, 106, 107
    
      104, 107, 105
    
      108, 110, 111
    
      112, 114, 115
    
      112, 115, 113
    
      116, 118, 119
    
      116, 119, 117
    
      120, 122, 123
    
      124, 126, 127
    
      124, 127, 125
    
      128, 130, 131
    
      128, 131, 129
    
      132, 134, 135
    
      136, 138, 139
    
      136, 139, 137
    
      140, 142, 143
    
      140, 143, 141
    
      144, 146, 147
    
      148, 150, 151
    
      148, 151, 149
    
      152, 154, 155
    
      152, 155, 153
    
      156, 158, 159
    
      160, 162, 163
    
      160, 163, 161
    
      164, 166, 167
    
      164, 167, 165
    
      168, 170, 171
    
      172, 174, 175
    
      172, 175, 173
    
      176, 178, 179
    
      176, 179, 177
    
      180, 182, 183
    
      184, 186, 187
    
      184, 187, 185
    
      188, 190, 191
    
      188, 191, 189
    
      192, 194, 195
    
      196, 198, 199
    
      196, 199, 197
    
      200, 202, 203
    
      200, 203, 201
    
      204, 206, 207
    
      208, 210, 211
    
      208, 211, 209
    
      212, 214, 215
    
      212, 215, 213
    
      216, 218, 219
    
      220, 222, 223
    
      220, 223, 221
    
      224, 226, 227
    
      224, 227, 225
    
      228, 230, 231
    
      232, 234, 235
    
      232, 235, 233
    
      236, 238, 239
    
      236, 239, 237
    
      240, 242, 243
    
      244, 246, 247
    
      244, 247, 245
    
      248, 250, 251
    
      248, 251, 249
    
      252, 254, 255
    
      256, 258, 259
    
      256, 259, 257
    
      260, 262, 263
    
      260, 263, 261
    
      264, 266, 267
    
      268, 270, 271
    
      268, 271, 269
    
      272, 274, 275
    
      272, 275, 273
    
      276, 278, 279
    
      280, 282, 283
    
      280, 283, 281
    
      284, 286, 287
    
      284, 287, 285
    
      288, 290, 291
    
      292, 294, 295
    
      292, 295, 293
    
      296, 298, 299
    
      296, 299, 297
    
      300, 302, 303
    
      304, 306, 307
    
      304, 307, 305
    
      308, 310, 311
    
      308, 311, 309
    
      312, 314, 315
    
      316, 318, 319
    
      316, 319, 317
    
      320, 322, 323
    
      320, 323, 321
    
      324, 326, 327
    
      328, 330, 331
    
      328, 331, 329
    
      332, 334, 335
    
      332, 335, 333
    
      336, 338, 339
    
      340, 342, 343
    
      340, 343, 341
    
      344, 346, 347
    
      344, 347, 345
    
      348, 350, 351
    
      352, 354, 355
    
      352, 355, 353
    
      356, 358, 359
    
      356, 359, 357
    
      360, 362, 363
    
      364, 366, 367
    
      364, 367, 365
    
      368, 370, 371
    
      368, 371, 369
    
      372, 374, 375
    
      376, 378, 379
    
      376, 379, 377
    
      380, 382, 383
    
      380, 383, 381
   
    
      0.0
      0.0
      0.0
    
      0.0
      0.0
      0.0
    
      0.0250000003725
      0.0
      0.0
    
      0.0245019998401
      0.00496699986979
      0.0
    
      0.0250000003725
      0.0
      0.0
    
      0.0245019998401
      0.00496699986979
      0.0
    
      0.0399999991059
      0.0
      0.0250000003725
    
      0.0392029993236
      0.00794699974358
      0.0250000003725
    
      0.0399999991059
      0.0
      0.0250000003725
    
      0.0392029993236
      0.00794699974358
      0.0250000003725
    
      0.054999999702
      0.0
      0.0579999983311
    
      0.0539040006697
      0.010927000083
      0.0579999983311
    
      0.0
      0.0
      0.0
    
      0.0
      0.0
      0.0
    
      0.0245019998401
      0.00496699986979
      0.0
    
      0.0230269990861
      0.00973500031978
      0.0
    
      0.0245019998401
      0.00496699986979
      0.0
    
      0.0230269990861
      0.00973500031978
      0.0
    
      0.0392029993236
      0.00794699974358
      0.0250000003725
    
      0.0368419997394
      0.0155769996345
      0.0250000003725
    
      0.0392029993236
      0.00794699974358
      0.0250000003725
    
      0.0368419997394
      0.0155769996345
      0.0250000003725
    
      0.0539040006697
      0.010927000083
      0.0579999983311
    
      0.0506579987705
      0.0214179996401
      0.0579999983311
    
      0.0
      0.0
      0.0
    
      0.0
      0.0
      0.0
    
      0.0230269990861
      0.00973500031978
      0.0
    
      0.0206330008805
      0.0141160003841
      0.0
    
      0.0230269990861
      0.00973500031978
      0.0
    
      0.0206330008805
      0.0141160003841
      0.0
    
      0.0368419997394
      0.0155769996345
      0.0250000003725
    
      0.0330130010843
      0.0225859992206
      0.0250000003725
    
      0.0368419997394
      0.0155769996345
      0.0250000003725
    
      0.0330130010843
      0.0225859992206
      0.0250000003725
    
      0.0506579987705
      0.0214179996401
      0.0579999983311
    
      0.0453930012882
      0.0310549996793
      0.0579999983311
    
      0.0
      0.0
      0.0
    
      0.0
      0.0
      0.0
    
      0.0206330008805
      0.0141160003841
      0.0
    
      0.0174180008471
      0.0179340001196
      0.0
    
      0.0206330008805
      0.0141160003841
      0.0
    
      0.0174180008471
      0.0179340001196
      0.0
    
      0.0330130010843
      0.0225859992206
      0.0250000003725
    
      0.0278680007905
      0.0286940000951
      0.0250000003725
    
      0.0330130010843
      0.0225859992206
      0.0250000003725
    
      0.0278680007905
      0.0286940000951
      0.0250000003725
    
      0.0453930012882
      0.0310549996793
      0.0579999983311
    
      0.0383189991117
      0.0394550003111
      0.0579999983311
    
      0.0
      0.0
      0.0
    
      0.0
      0.0
      0.0
    
      0.0174180008471
      0.0179340001196
      0.0
    
      0.0135080004111
      0.0210369993001
      0.0
    
      0.0174180008471
      0.0179340001196
      0.0
    
      0.0135080004111
      0.0210369993001
      0.0
    
      0.0278680007905
      0.0286940000951
      0.0250000003725
    
      0.0216119997203
      0.0336589999497
      0.0250000003725
    
      0.0278680007905
      0.0286940000951
      0.0250000003725
    
      0.0216119997203
      0.0336589999497
      0.0250000003725
    
      0.0383189991117
      0.0394550003111
      0.0579999983311
    
      0.0297170002013
      0.0462809987366
      0.0579999983311
    
      0.0
      0.0
      0.0
    
      0.0
      0.0
      0.0
    
      0.0135080004111
      0.0210369993001
      0.0
    
      0.00905899982899
      0.0233009997755
      0.0
    
      0.0135080004111
      0.0210369993001
      0.0
    
      0.00905899982899
      0.0233009997755
      0.0
    
      0.0216119997203
      0.0336589999497
      0.0250000003725
    
      0.0144940000027
      0.0372820012271
      0.0250000003725
    
      0.0216119997203
      0.0336589999497
      0.0250000003725
    
      0.0144940000027
      0.0372820012271
      0.0250000003725
    
      0.0297170002013
      0.0462809987366
      0.0579999983311
    
      0.0199299994856
      0.051261998713
      0.0579999983311
    
      0.0
      0.0
      0.0
    
      0.0
      0.0
      0.0
    
      0.00905899982899
      0.0233009997755
      0.0
    
      0.00424899999052
      0.0246360003948
      0.0
    
      0.00905899982899
      0.0233009997755
      0.0
    
      0.00424899999052
      0.0246360003948
      0.0
    
      0.0144940000027
      0.0372820012271
      0.0250000003725
    
      0.00679899984971
      0.0394180007279
      0.0250000003725
    
      0.0144940000027
      0.0372820012271
      0.0250000003725
    
      0.00679899984971
      0.0394180007279
      0.0250000003725
    
      0.0199299994856
      0.051261998713
      0.0579999983311
    
      0.00934800039977
      0.054200001061
      0.0579999983311
    
      0.0
      0.0
      0.0
    
      0.0
      0.0
      0.0
    
      0.00424899999052
      0.0246360003948
      0.0
    
      -0.000730000028852
      0.0249889995903
      0.0
    
      0.00424899999052
      0.0246360003948
      0.0
    
      -0.000730000028852
      0.0249889995903
      0.0
    
      0.00679899984971
      0.0394180007279
      0.0250000003725
    
      -0.00116800004616
      0.0399830006063
      0.0250000003725
    
      0.00679899984971
      0.0394180007279
      0.0250000003725
    
      -0.00116800004616
      0.0399830006063
      0.0250000003725
    
      0.00934800039977
      0.054200001061
      0.0579999983311
    
      -0.00160600000527
      0.0549769997597
      0.0579999983311
    
      0.0
      0.0
      0.0
    
      0.0
      0.0
      0.0
    
      -0.000730000028852
      0.0249889995903
      0.0
    
      -0.00567999994382
      0.0243459995836
      0.0
    
      -0.000730000028852
      0.0249889995903
      0.0
    
      -0.00567999994382
      0.0243459995836
      0.0
    
      -0.00116800004616
      0.0399830006063
      0.0250000003725
    
      -0.00908800028265
      0.0389540009201
      0.0250000003725
    
      -0.00116800004616
      0.0399830006063
      0.0250000003725
    
      -0.00908800028265
      0.0389540009201
      0.0250000003725
    
      -0.00160600000527
      0.0549769997597
      0.0579999983311
    
      -0.0124960001558
      0.0535620003939
      0.0579999983311
    
      0.0
      0.0
      0.0
    
      0.0
      0.0
      0.0
    
      -0.00567999994382
      0.0243459995836
      0.0
    
      -0.0104040000588
      0.022732000798
      0.0
    
      -0.00567999994382
      0.0243459995836
      0.0
    
      -0.0104040000588
      0.022732000798
      0.0
    
      -0.00908800028265
      0.0389540009201
      0.0250000003725
    
      -0.0166459996253
      0.0363719984889
      0.0250000003725
    
      -0.00908800028265
      0.0389540009201
      0.0250000003725
    
      -0.0166459996253
      0.0363719984889
      0.0250000003725
    
      -0.0124960001558
      0.0535620003939
      0.0579999983311
    
      -0.0228879991919
      0.0500110015273
      0.0579999983311
    
      0.0
      0.0
      0.0
    
      0.0
      0.0
      0.0
    
      -0.0104040000588
      0.022732000798
      0.0
    
      -0.0147129995748
      0.0202120002359
      0.0
    
      -0.0104040000588
      0.022732000798
      0.0
    
      -0.0147129995748
      0.0202120002359
      0.0
    
      -0.0166459996253
      0.0363719984889
      0.0250000003725
    
      -0.0235399994999
      0.0323400013149
      0.0250000003725
    
      -0.0166459996253
      0.0363719984889
      0.0250000003725
    
      -0.0235399994999
      0.0323400013149
      0.0250000003725
    
      -0.0228879991919
      0.0500110015273
      0.0579999983311
    
      -0.0323680005968
      0.0444669984281
      0.0579999983311
    
      0.0
      0.0
      0.0
    
      0.0
      0.0
      0.0
    
      -0.0147129995748
      0.0202120002359
      0.0
    
      -0.0184349995106
      0.0168869998306
      0.0
    
      -0.0147129995748
      0.0202120002359
      0.0
    
      -0.0184349995106
      0.0168869998306
      0.0
    
      -0.0235399994999
      0.0323400013149
      0.0250000003725
    
      -0.029495999217
      0.0270189996809
      0.0250000003725
    
      -0.0235399994999
      0.0323400013149
      0.0250000003725
    
      -0.029495999217
      0.0270189996809
      0.0250000003725
    
      -0.0323680005968
      0.0444669984281
      0.0579999983311
    
      -0.0405570007861
      0.0371499992907
      0.0579999983311
    
      0.0
      0.0
      0.0
    
      0.0
      0.0
      0.0
    
      -0.0184349995106
      0.0168869998306
      0.0
    
      -0.0214220006019
      0.0128880003467
      0.0
    
      -0.0184349995106
      0.0168869998306
      0.0
    
      -0.0214220006019
      0.0128880003467
      0.0
    
      -0.029495999217
      0.0270189996809
      0.0250000003725
    
      -0.0342760011554
      0.0206199996173
      0.0250000003725
    
      -0.029495999217
      0.0270189996809
      0.0250000003725
    
      -0.0342760011554
      0.0206199996173
      0.0250000003725
    
      -0.0405570007861
      0.0371499992907
      0.0579999983311
    
      -0.0471290014684
      0.0283530000597
      0.0579999983311
    
      0.0
      0.0
      0.0
    
      0.0
      0.0
      0.0
    
      -0.0214220006019
      0.0128880003467
      0.0
    
      -0.0235559996217
      0.00837500020862
      0.0
    
      -0.0214220006019
      0.0128880003467
      0.0
    
      -0.0235559996217
      0.00837500020862
      0.0
    
      -0.0342760011554
      0.0206199996173
      0.0250000003725
    
      -0.0376890003681
      0.0133999995887
      0.0250000003725
    
      -0.0342760011554
      0.0206199996173
      0.0250000003725
    
      -0.0376890003681
      0.0133999995887
      0.0250000003725
    
      -0.0471290014684
      0.0283530000597
      0.0579999983311
    
      -0.0518219992518
      0.018424000591
      0.0579999983311
    
      0.0
      0.0
      0.0
    
      0.0
      0.0
      0.0
    
      -0.0235559996217
      0.00837500020862
      0.0
    
      -0.0247499998659
      0.00352800008841
      0.0
    
      -0.0235559996217
      0.00837500020862
      0.0
    
      -0.0247499998659
      0.00352800008841
      0.0
    
      -0.0376890003681
      0.0133999995887
      0.0250000003725
    
      -0.0395999997854
      0.00564499991015
      0.0250000003725
    
      -0.0376890003681
      0.0133999995887
      0.0250000003725
    
      -0.0395999997854
      0.00564499991015
      0.0250000003725
    
      -0.0518219992518
      0.018424000591
      0.0579999983311
    
      -0.0544500015676
      0.00776199996471
      0.0579999983311
    
      0.0
      0.0
      0.0
    
      0.0
      0.0
      0.0
    
      -0.0247499998659
      0.00352800008841
      0.0
    
      -0.0249569993466
      -0.00145900005009
      0.0
    
      -0.0247499998659
      0.00352800008841
      0.0
    
      -0.0249569993466
      -0.00145900005009
      0.0
    
      -0.0395999997854
      0.00564499991015
      0.0250000003725
    
      -0.0399320013821
      -0.00233500008471
      0.0250000003725
    
      -0.0395999997854
      0.00564499991015
      0.0250000003725
    
      -0.0399320013821
      -0.00233500008471
      0.0250000003725
    
      -0.0544500015676
      0.00776199996471
      0.0579999983311
    
      -0.0549059994519
      -0.00321100000292
      0.0579999983311
    
      0.0
      0.0
      0.0
    
      0.0
      0.0
      0.0
    
      -0.0249569993466
      -0.00145900005009
      0.0
    
      -0.0241700001061
      -0.00638899998739
      0.0
    
      -0.0249569993466
      -0.00145900005009
      0.0
    
      -0.0241700001061
      -0.00638899998739
      0.0
    
      -0.0399320013821
      -0.00233500008471
      0.0250000003725
    
      -0.0386720001698
      -0.0102220000699
      0.0250000003725
    
      -0.0399320013821
      -0.00233500008471
      0.0250000003725
    
      -0.0386720001698
      -0.0102220000699
      0.0250000003725
    
      -0.0549059994519
      -0.00321100000292
      0.0579999983311
    
      -0.0531740002334
      -0.0140549996868
      0.0579999983311
    
      0.0
      0.0
      0.0
    
      0.0
      0.0
      0.0
    
      -0.0241700001061
      -0.00638899998739
      0.0
    
      -0.0224190000445
      -0.0110630001873
      0.0
    
      -0.0241700001061
      -0.00638899998739
      0.0
    
      -0.0224190000445
      -0.0110630001873
      0.0
    
      -0.0386720001698
      -0.0102220000699
      0.0250000003725
    
      -0.03587000072
      -0.0177009999752
      0.0250000003725
    
      -0.0386720001698
      -0.0102220000699
      0.0250000003725
    
      -0.03587000072
      -0.0177009999752
      0.0250000003725
    
      -0.0531740002334
      -0.0140549996868
      0.0579999983311
    
      -0.049322001636
      -0.0243389997631
      0.0579999983311
    
      0.0
      0.0
      0.0
    
      0.0
      0.0
      0.0
    
      -0.0224190000445
      -0.0110630001873
      0.0
    
      -0.0197739992291
      -0.015296000056
      0.0
    
      -0.0224190000445
      -0.0110630001873
      0.0
    
      -0.0197739992291
      -0.015296000056
      0.0
    
      -0.03587000072
      -0.0177009999752
      0.0250000003725
    
      -0.0316389985383
      -0.0244740005583
      0.0250000003725
    
      -0.03587000072
      -0.0177009999752
      0.0250000003725
    
      -0.0316389985383
      -0.0244740005583
      0.0250000003725
    
      -0.049322001636
      -0.0243389997631
      0.0579999983311
    
      -0.0435030013323
      -0.0336520001292
      0.0579999983311
    
      0.0
      0.0
      0.0
    
      0.0
      0.0
      0.0
    
      -0.0197739992291
      -0.015296000056
      0.0
    
      -0.0163410007954
      -0.0189200006425
      0.0
    
      -0.0197739992291
      -0.015296000056
      0.0
    
      -0.0163410007954
      -0.0189200006425
      0.0
    
      -0.0316389985383
      -0.0244740005583
      0.0250000003725
    
      -0.0261460002512
      -0.0302719995379
      0.0250000003725
    
      -0.0316389985383
      -0.0244740005583
      0.0250000003725
    
      -0.0261460002512
      -0.0302719995379
      0.0250000003725
    
      -0.0435030013323
      -0.0336520001292
      0.0579999983311
    
      -0.0359500013292
      -0.0416239984334
      0.0579999983311
    
      0.0
      0.0
      0.0
    
      0.0
      0.0
      0.0
    
      -0.0163410007954
      -0.0189200006425
      0.0
    
      -0.0122570004314
      -0.0217889994383
      0.0
    
      -0.0163410007954
      -0.0189200006425
      0.0
    
      -0.0122570004314
      -0.0217889994383
      0.0
    
      -0.0261460002512
      -0.0302719995379
      0.0250000003725
    
      -0.0196100007743
      -0.034862998873
      0.0250000003725
    
      -0.0261460002512
      -0.0302719995379
      0.0250000003725
    
      -0.0196100007743
      -0.034862998873
      0.0250000003725
    
      -0.0359500013292
      -0.0416239984334
      0.0579999983311
    
      -0.0269639994949
      -0.0479369983077
      0.0579999983311
    
      0.0
      0.0
      0.0
    
      0.0
      0.0
      0.0
    
      -0.0122570004314
      -0.0217889994383
      0.0
    
      -0.00768300006166
      -0.0237900000066
      0.0
    
      -0.0122570004314
      -0.0217889994383
      0.0
    
      -0.00768300006166
      -0.0237900000066
      0.0
    
      -0.0196100007743
      -0.034862998873
      0.0250000003725
    
      -0.0122929997742
      -0.0380639992654
      0.0250000003725
    
      -0.0196100007743
      -0.034862998873
      0.0250000003725
    
      -0.0122929997742
      -0.0380639992654
      0.0250000003725
    
      -0.0269639994949
      -0.0479369983077
      0.0579999983311
    
      -0.0169029999524
      -0.052338000387
      0.0579999983311
    
      0.0
      0.0
      0.0
    
      0.0
      0.0
      0.0
    
      -0.00768300006166
      -0.0237900000066
      0.0
    
      -0.00280399993062
      -0.0248419996351
      0.0
    
      -0.00768300006166
      -0.0237900000066
      0.0
    
      -0.00280399993062
      -0.0248419996351
      0.0
    
      -0.0122929997742
      -0.0380639992654
      0.0250000003725
    
      -0.00448600016534
      -0.0397480018437
      0.0250000003725
    
      -0.0122929997742
      -0.0380639992654
      0.0250000003725
    
      -0.00448600016534
      -0.0397480018437
      0.0250000003725
    
      -0.0169029999524
      -0.052338000387
      0.0579999983311
    
      -0.00616799993441
      -0.0546530000865
      0.0579999983311
    
      0.0
      0.0
      0.0
    
      0.0
      0.0
      0.0
    
      -0.00280399993062
      -0.0248419996351
      0.0
    
      0.00218699988909
      -0.0249039996415
      0.0
    
      -0.00280399993062
      -0.0248419996351
      0.0
    
      0.00218699988909
      -0.0249039996415
      0.0
    
      -0.00448600016534
      -0.0397480018437
      0.0250000003725
    
      0.00350000010803
      -0.0398470014334
      0.0250000003725
    
      -0.00448600016534
      -0.0397480018437
      0.0250000003725
    
      0.00350000010803
      -0.0398470014334
      0.0250000003725
    
      -0.00616799993441
      -0.0546530000865
      0.0579999983311
    
      0.0048119998537
      -0.0547889992595
      0.0579999983311
    
      0.0
      0.0
      0.0
    
      0.0
      0.0
      0.0
    
      0.00218699988909
      -0.0249039996415
      0.0
    
      0.00709199998528
      -0.0239729993045
      0.0
    
      0.00218699988909
      -0.0249039996415
      0.0
    
      0.00709199998528
      -0.0239729993045
      0.0
    
      0.00350000010803
      -0.0398470014334
      0.0250000003725
    
      0.0113460002467
      -0.038357000798
      0.0250000003725
    
      0.00350000010803
      -0.0398470014334
      0.0250000003725
    
      0.0113460002467
      -0.038357000798
      0.0250000003725
    
      0.0048119998537
      -0.0547889992595
      0.0579999983311
    
      0.0156009998173
      -0.0527409985662
      0.0579999983311
    
      0.0
      0.0
      0.0
    
      0.0
      0.0
      0.0
    
      0.00709199998528
      -0.0239729993045
      0.0
    
      0.0117130000144
      -0.02208600007
      0.0
    
      0.00709199998528
      -0.0239729993045
      0.0
    
      0.0117130000144
      -0.02208600007
      0.0
    
      0.0113460002467
      -0.038357000798
      0.0250000003725
    
      0.0187410004437
      -0.0353379994631
      0.0250000003725
    
      0.0113460002467
      -0.038357000798
      0.0250000003725
    
      0.0187410004437
      -0.0353379994631
      0.0250000003725
    
      0.0156009998173
      -0.0527409985662
      0.0579999983311
    
      0.0257680006325
      -0.0485900007188
      0.0579999983311
    
      0.0
      0.0
      0.0
    
      0.0
      0.0
      0.0
    
      0.0117130000144
      -0.02208600007
      0.0
    
      0.0158670004457
      -0.0193189997226
      0.0
    
      0.0117130000144
      -0.02208600007
      0.0
    
      0.0158670004457
      -0.0193189997226
      0.0
    
      0.0187410004437
      -0.0353379994631
      0.0250000003725
    
      0.025388000533
      -0.0309110004455
      0.0250000003725
    
      0.0187410004437
      -0.0353379994631
      0.0250000003725
    
      0.025388000533
      -0.0309110004455
      0.0250000003725
    
      0.0257680006325
      -0.0485900007188
      0.0579999983311
    
      0.0349080003798
      -0.0425020009279
      0.0579999983311
    
      0.0
      0.0
      0.0
    
      0.0
      0.0
      0.0
    
      0.0158670004457
      -0.0193189997226
      0.0
    
      0.01938899979
      -0.015782000497
      0.0
    
      0.0158670004457
      -0.0193189997226
      0.0
    
      0.01938899979
      -0.015782000497
      0.0
    
      0.025388000533
      -0.0309110004455
      0.0250000003725
    
      0.0310229994357
      -0.025250999257
      0.0250000003725
    
      0.025388000533
      -0.0309110004455
      0.0250000003725
    
      0.0310229994357
      -0.025250999257
      0.0250000003725
    
      0.0349080003798
      -0.0425020009279
      0.0579999983311
    
      0.0426560007036
      -0.0347199998796
      0.0579999983311
    
      0.0
      0.0
      0.0
    
      0.0
      0.0
      0.0
    
      0.01938899979
      -0.015782000497
      0.0
    
      0.0221379995346
      -0.0116149997339
      0.0
    
      0.01938899979
      -0.015782000497
      0.0
    
      0.0221379995346
      -0.0116149997339
      0.0
    
      0.0310229994357
      -0.025250999257
      0.0250000003725
    
      0.0354209989309
      -0.0185839999467
      0.0250000003725
    
      0.0310229994357
      -0.025250999257
      0.0250000003725
    
      0.0354209989309
      -0.0185839999467
      0.0250000003725
    
      0.0426560007036
      -0.0347199998796
      0.0579999983311
    
      0.0487039983273
      -0.0255529992282
      0.0579999983311
    
      0.0
      0.0
      0.0
    
      0.0
      0.0
      0.0
    
      0.0221379995346
      -0.0116149997339
      0.0
    
      0.0240039993078
      -0.00698499986902
      0.0
    
      0.0221379995346
      -0.0116149997339
      0.0
    
      0.0240039993078
      -0.00698499986902
      0.0
    
      0.0354209989309
      -0.0185839999467
      0.0250000003725
    
      0.0384070016444
      -0.0111769996583
      0.0250000003725
    
      0.0354209989309
      -0.0185839999467
      0.0250000003725
    
      0.0384070016444
      -0.0111769996583
      0.0250000003725
    
      0.0487039983273
      -0.0255529992282
      0.0579999983311
    
      0.0528090000153
      -0.0153679996729
      0.0579999983311
    
      0.0
      0.0
      0.0
    
      0.0
      0.0
      0.0
    
      0.0240039993078
      -0.00698499986902
      0.0
    
      0.0249140001833
      -0.00207699998282
      0.0
    
      0.0240039993078
      -0.00698499986902
      0.0
    
      0.0249140001833
      -0.00207699998282
      0.0
    
      0.0384070016444
      -0.0111769996583
      0.0250000003725
    
      0.0398619994521
      -0.00332399993204
      0.0250000003725
    
      0.0384070016444
      -0.0111769996583
      0.0250000003725
    
      0.0398619994521
      -0.00332399993204
      0.0250000003725
    
      0.0528090000153
      -0.0153679996729
      0.0579999983311
    
      0.0548099987209
      -0.00456999987364
      0.0579999983311
    
      0.0
      0.0
      0.0
    
      0.0
      0.0
      0.0
    
      0.0249140001833
      -0.00207699998282
      0.0
    
      0.024830000475
      0.00291400006972
      0.0
    
      0.0249140001833
      -0.00207699998282
      0.0
    
      0.024830000475
      0.00291400006972
      0.0
    
      0.0398619994521
      -0.00332399993204
      0.0250000003725
    
      0.039726998657
      0.00466200010851
      0.0250000003725
    
      0.0398619994521
      -0.00332399993204
      0.0250000003725
    
      0.039726998657
      0.00466200010851
      0.0250000003725
    
      0.0548099987209
      -0.00456999987364
      0.0579999983311
    
      0.0546250008047
      0.00640999991447
      0.0579999983311
